ApplicationDate,Age,AnnualIncome,CreditScore,EmploymentStatus,EducationLevel,Experience,LoanAmount,LoanDuration,MaritalStatus,NumberOfDependents,HomeOwnershipStatus,MonthlyDebtPayments,CreditCardUtilizationRate,NumberOfOpenCreditLines,NumberOfCreditInquiries,DebtToIncomeRatio,BankruptcyHistory,LoanPurpose,PreviousLoanDefaults,PaymentHistory,LengthOfCreditHistory,SavingsAccountBalance,CheckingAccountBalance,TotalAssets,TotalLiabilities,MonthlyIncome,UtilityBillsPaymentHistory,JobTenure,NetWorth,BaseInterestRate,InterestRate,MonthlyLoanPayment,TotalDebtToIncomeRatio,LoanApproved,RiskScore
2018-01-01,36,42912,623,Self-Employed,Master,11,21195,60,Divorced,0,Mortgage,2578,0.41772868284336234,3,0,0.38482641342839985,0,Home,0,25,4,1350,272,55648,19130,3576.0,0.9603392953713207,5,36518,0.21469500000000002,0.19086976706782852,550.8248286297015,0.874951014717478,0,59.0
2018-01-02,52,21031,560,Employed,Master,27,18993,36,Married,5,Mortgage,916,0.14624365427046207,4,1,0.28613030409065837,0,Auto,0,23,8,4559,2103,18336,16186,1752.5833333333333,0.7952086828659314,4,2150,0.223993,0.20264341906999772,708.4086926721512,0.9268653089280497,0,54.0
2018-01-03,21,21143,550,Unemployed,Bachelor,1,24056,72,Single,1,Rent,624,0.19209933796111245,0,1,0.4055924047447036,0,Debt Consolidation,0,26,3,937,1119,32920,35745,1761.9166666666667,0.8389758919792479,3,8234,0.26405599999999996,0.24398836643016641,639.1552047741245,0.716921082972591,0,63.0
2018-01-04,35,37066,482,Employed,Master,12,15782,24,Single,3,Rent,548,0.2355230608974405,3,2,0.23324694302426233,0,Auto,0,17,23,3359,6795,12652,72818,3088.8333333333335,0.6767619645444442,3,5023,0.24978199999999998,0.24418477559067353,837.7116106903318,0.4486197412260287,0,53.0
2018-01-05,34,89977,540,Employed,High School,9,19633,48,Single,3,Mortgage,302,0.2639283583543412,3,2,0.4135376644850252,1,Education,0,28,27,2266,1509,104256,37178,7498.083333333333,0.8318604400943164,7,67078,0.24463300000000002,0.2257797234569356,624.7356415155806,0.1235963379328825,0,65.0
2018-01-06,30,21047,609,Employed,Master,11,13549,48,Married,0,Own,230,0.28095128011324216,0,2,0.28294046532274025,0,Home,1,26,7,7268,152,258882,60110,1753.9166666666667,0.7855061072809624,0,198772,0.204049,0.20578218547030155,416.4865524812257,0.3685959343267311,0,54.0
2018-01-07,56,93867,630,Employed,Bachelor,30,14067,24,Married,2,Mortgage,239,0.21632751075286763,1,0,0.2792102382366963,0,Home,0,30,1,4222,2676,90989,14876,7822.25,0.7609959832502062,7,76113,0.174067,0.1451023447157132,678.7929134006259,0.11733106374772297,1,40.0
2018-01-08,41,23774,577,Unemployed,Master,17,29185,96,Married,0,Own,280,0.6104860967128706,2,1,0.383000290895143,0,Debt Consolidation,0,19,23,6698,1060,266961,31140,1981.1666666666667,0.9448256444985803,8,235821,0.275685,0.26461537007491237,733.9974864425261,0.5118183661693578,0,57.0
2018-01-09,40,44040,616,Employed,High School,16,21641,36,Single,2,Mortgage,423,0.22719320970000614,2,1,0.15407538907630405,0,Home,0,24,15,6427,245,302340,9632,3670.0,0.7373100142868972,4,292708,0.198641,0.22065942391443003,827.2180410121274,0.34065886676079765,0,42.0
2018-01-10,40,32407,583,Employed,Associate,16,23857,24,Married,2,Rent,672,0.03136120616778563,0,0,0.48919250686220234,0,Home,0,34,9,2771,3125,170075,3556,2700.5833333333335,0.7018532494273354,4,166519,0.20735699999999999,0.22522688407540453,1243.8236951849685,0.709411063727578,0,53.0
2018-01-11,18,19582,554,Employed,Master,0,28926,72,Single,0,Own,278,0.43096512106015666,6,0,0.46464910180735575,0,Home,1,18,15,2620,794,25558,21146,1631.8333333333333,0.5671370514024835,5,4412,0.266926,0.22232510965674074,730.7958657376552,0.6181978546038128,0,65.0
2018-01-12,51,66252,660,Employed,Bachelor,28,23519,96,Married,0,Own,394,0.022657909329735396,3,0,0.30627573217517345,0,Education,0,29,19,8593,1267,95676,5160,5521.0,0.6968776115818661,10,90516,0.22851900000000003,0.24879114776629122,566.632465438663,0.17399609951796105,0,45.0
2018-01-13,33,20876,486,Employed,High School,11,12658,60,Single,4,Own,421,0.10849181299043244,3,0,0.4953422874905141,0,Other,0,21,23,1144,1748,92206,23710,1739.6666666666667,0.934714654037909,6,68496,0.274658,0.29501815866943726,405.6643934049798,0.4751855106754051,0,55.0
2018-01-14,48,119613,597,Unemployed,Doctorate,28,15079,36,Single,1,Mortgage,492,0.5447891430507148,4,1,0.5116142461968676,0,Education,0,27,22,1319,1324,255624,21453,9967.75,0.7229214688232583,6,234171,0.201579,0.223933225804294,578.9466095569317,0.1074411586924764,1,45.6
2018-01-15,49,35808,607,Unemployed,Bachelor,24,9307,60,Divorced,1,Mortgage,559,0.04493510262295524,2,0,0.06515756603663213,0,Home,0,28,16,14579,247,92521,10382,2984.0,0.8197132585624604,6,82139,0.21080700000000002,0.18586693246311672,239.31707811804463,0.26753253288138223,0,48.0
2018-01-16,31,34796,566,Employed,High School,7,21874,48,Married,0,Own,428,0.03408586326050268,1,0,0.4703848056252857,0,Debt Consolidation,0,27,17,7538,1681,37365,23544,2899.6666666666665,0.7791638436911126,5,13821,0.233874,0.21678503567270815,685.3517545038906,0.38395853126930357,0,56.0
2018-01-17,42,34707,586,Employed,Associate,19,12338,36,Single,0,Mortgage,404,0.3598518967061487,1,1,0.20999452479801634,0,Home,0,30,29,20037,1070,63753,12513,2892.25,0.8050034546218529,6,51240,0.204338,0.2170744436732681,469.32853172639574,0.3019547175128,0,51.0
2018-01-18,40,128329,519,Employed,Bachelor,16,6257,36,Single,2,Mortgage,503,0.10176092561481836,2,3,0.46076061858691814,0,Home,0,19,6,2317,371,136381,16707,10694.083333333334,0.6281788588476379,5,119674,0.23175700000000002,0.22787715294416205,241.51497656021823,0.06961933560397586,1,40.800000000000004
2018-01-19,49,74522,553,Employed,High School,28,39726,60,Divorced,1,Own,406,0.34032511684119626,1,0,0.34656009815026895,0,Education,0,21,21,3013,2185,541676,8815,6210.166666666667,0.957980130164051,10,532861,0.26822599999999996,0.2145808,1084.9837174521606,0.24008755279549565,1,36.800000000000004
2018-01-20,42,32237,602,Employed,Bachelor,19,56326,72,Single,2,Own,239,0.26029525051029534,5,1,0.3543778245331489,0,Home,0,21,3,790,286,36044,126918,2686.4166666666665,0.8150061281200295,4,6864,0.270326,0.23206823904797252,1455.8820253537558,0.6309080964185585,0,55.0
2018-01-21,42,18311,544,Employed,High School,19,26577,96,Single,1,Rent,550,0.29480519081466044,4,1,0.3211291028366839,0,Debt Consolidation,0,28,19,4726,2907,370569,9567,1525.9166666666667,0.5863823697632011,4,361002,0.289577,0.2937979657117518,721.4408389165548,0.8332308485062888,0,50.0
2018-01-22,36,89661,642,Employed,Master,18,29434,48,Single,0,Mortgage,456,0.23205001736256728,2,1,0.18520038142132117,0,Home,0,25,28,10870,644,96613,36188,7471.75,0.6237247039667162,0,60425,0.203434,0.19279231306017358,884.4229644534704,0.17939879739732598,1,35.2
2018-01-23,45,57935,620,Employed,Associate,22,21184,60,Single,1,Mortgage,951,0.41747296421206714,3,1,0.45688360537295225,0,Auto,0,18,22,1398,740,107785,16207,4827.916666666667,0.7866564013627031,7,91578,0.21618400000000004,0.18590147797254494,544.758354455395,0.30981445160032345,0,52.0
2018-01-24,28,33689,508,Employed,High School,3,11833,48,Married,0,Mortgage,552,0.14090917091082436,2,1,0.25759904509144105,1,Other,1,22,20,4288,1011,6020,14875,2807.4166666666665,0.7497326105433818,9,10569,0.25283300000000003,0.20353524167282935,362.3150510376606,0.3256784295304678,0,70.0
2018-01-25,51,114979,642,Employed,Master,33,30747,36,Married,0,Rent,287,0.42405273016466,7,0,0.304118694626223,0,Other,1,17,13,995,15856,102826,10875,9581.583333333334,0.968851672384348,6,91951,0.194747,0.1849484867412221,1119.2252373428528,0.14676334676866412,1,44.0
2018-01-26,33,98523,620,Self-Employed,Doctorate,8,53837,60,Married,2,Own,919,0.15521547353375628,3,1,0.4454780921521345,0,Debt Consolidation,0,22,6,1951,1372,33143,4253,8210.25,0.4074533904952805,3,28890,0.24883700000000003,0.28960815929021655,1707.602988165466,0.3199175406553352,0,56.0
2018-01-27,23,31999,533,Employed,Master,0,18960,36,Single,2,Own,450,0.06158153888916744,4,2,0.4789744854358705,0,Home,0,25,4,1980,420,26162,44702,2666.5833333333335,0.580737763727117,3,4200,0.23746,0.21883109632959422,722.944966283194,0.43986810823458006,0,59.0
2018-01-28,32,78322,595,Unemployed,Bachelor,11,16857,48,Single,2,Mortgage,485,0.37226128248328233,5,0,0.06722704679737161,0,Home,1,28,21,4972,1647,30200,6060,6526.833333333333,0.9817195114321372,8,24140,0.21435700000000002,0.2094132863140777,521.4569063572727,0.15420294267622472,0,59.0
2018-01-29,48,76394,529,Employed,Bachelor,26,21014,60,Married,0,Own,340,0.1921019330542001,2,1,0.47187383977357256,0,Debt Consolidation,0,24,15,718,702,391769,31482,6366.166666666667,0.948387774301007,6,360287,0.261514,0.26408271400511785,634.2581484018631,0.15303685866458566,1,39.2
2018-01-30,29,61858,618,Unemployed,Master,7,25184,48,Married,1,Mortgage,261,0.019665462390150233,2,0,0.5643088326435852,0,Auto,0,24,19,11031,1192,68484,2661,5154.833333333333,0.6296799666438189,5,65823,0.21118400000000004,0.2057455216064041,774.0886508532808,0.20079963481262522,0,55.0
2018-01-31,32,64996,652,Employed,Doctorate,10,41301,60,Single,0,Rent,466,0.1871022918300179,3,2,0.6116395230060185,0,Auto,0,29,29,2875,1106,55372,16145,5416.333333333333,0.5223726572451923,6,39227,0.22030100000000002,0.25832214612344073,1232.472156542954,0.31358338787795326,0,51.0
2018-02-01,43,16370,594,Unemployed,Associate,23,36941,84,Married,0,Mortgage,660,0.19684468766079946,5,0,0.17847970901728188,0,Home,1,29,6,2481,650,45290,33704,1364.1666666666667,0.8887984932414871,6,11586,0.264941,0.2948369092921695,1043.45807374124,1.2487169752531997,0,62.0
2018-02-02,44,84763,645,Employed,Bachelor,19,28511,72,Single,1,Rent,402,0.5516350503109858,3,2,0.3873140429895111,0,Auto,0,19,19,1913,296,77160,29157,7063.583333333333,0.7988824120991922,3,48003,0.221011,0.19398876307402,673.0210536404556,0.15219202533753487,0,51.0
2018-02-03,33,46253,500,Employed,Bachelor,9,18133,60,Married,2,Mortgage,829,0.15973659606174898,2,0,0.30298107119202655,0,Education,0,25,10,757,1189,20705,13697,3854.4166666666665,0.6116590002058392,4,7008,0.273133,0.26306791882618996,546.2088095152892,0.35678779136885114,0,54.0
2018-02-04,51,87052,651,Employed,Bachelor,24,9757,48,Married,0,Mortgage,439,0.3704277257598952,2,2,0.14231532701165545,0,Debt Consolidation,0,30,17,936,330,179783,30849,7254.333333333333,0.8137156569228831,6,148934,0.179257,0.15024920153525356,271.66787923429064,0.09796460220111529,1,31.200000000000003
2018-02-05,48,74607,570,Employed,Associate,26,16077,120,Single,1,Own,408,0.27320900112030805,6,1,0.42611169858212095,0,Debt Consolidation,0,22,27,1639,3186,18470,47647,6217.25,0.6201377240644568,5,9492,0.286077,0.3165768131629333,443.6308345526886,0.13697870192652517,0,56.0
2018-02-06,40,42358,601,Self-Employed,Bachelor,19,12447,60,Single,1,Mortgage,523,0.19383027056593344,3,2,0.19389505848663388,0,Debt Consolidation,0,23,14,7718,864,248080,78868,3529.8333333333335,0.6232690925701907,4,169212,0.216947,0.24026555192695462,358.26675011598536,0.2496624250765339,0,46.0
2018-02-07,18,45588,593,Employed,Master,0,50311,12,Single,0,Rent,417,0.21602187880509774,7,0,0.28814902987368873,0,Other,0,23,27,3693,104,74850,66347,3799.0,0.9074767581289216,3,8503,0.218811,0.23648539714147743,4748.834798591536,1.359788049115961,0,53.0
2018-02-08,50,45477,610,Employed,Doctorate,28,15328,48,Married,3,Mortgage,480,0.2450649659377089,1,1,0.2170351833908538,0,Debt Consolidation,0,24,15,6692,10407,28580,24993,3789.75,0.7515862023966186,3,3587,0.205328,0.20749636849968764,472.5805104969279,0.25135708437150944,0,50.0
2018-02-09,53,164938,569,Self-Employed,Bachelor,30,61089,120,Married,0,Mortgage,852,0.43989919361597385,4,2,0.42926694837143453,0,Education,0,19,24,2299,299,19928,19977,13744.833333333334,0.8475996201722206,3,1652,0.331589,0.3943419393955171,2049.82637621986,0.21112124867912985,0,58.0
2018-02-10,32,54856,558,Employed,Bachelor,9,6108,72,Single,0,Own,331,0.23459842028643843,1,0,0.7285542819834036,0,Education,0,23,13,2447,1913,28711,70479,4571.333333333333,0.7388350788908794,2,4517,0.242108,0.24447540823076339,162.46775175927615,0.1079483196206671,0,58.0
2018-02-11,34,131635,591,Employed,Associate,10,13364,84,Married,1,Mortgage,424,0.2888286003914174,3,2,0.15313969411697237,0,Other,0,25,28,2033,207,548250,10307,10969.583333333334,0.8024964809214533,7,537943,0.242864,0.264016832286192,350.3328598643182,0.0705890858690456,1,32.0
2018-02-12,47,59192,595,Unemployed,High School,24,33524,12,Married,1,Mortgage,585,0.13556018108263368,3,1,0.30385308732524957,0,Home,0,20,22,2551,443,36734,29365,4932.666666666667,0.7242993374324634,4,7369,0.201024,0.18651795850584646,3083.8887442857113,0.7437941771088751,0,56.0
2018-02-13,32,43200,612,Employed,Bachelor,8,27173,60,Single,2,Other,207,0.26663465371246653,1,1,0.131329428946468,0,Auto,0,29,8,3737,398,155007,31079,3600.0,0.8718352025550355,10,123928,0.226173,0.2714076,832.024052109044,0.2886177922525122,0,45.0
2018-02-14,50,104317,601,Unemployed,Associate,27,44508,36,Married,0,Mortgage,406,0.27124282933446664,2,2,0.17947556905255088,0,Home,0,21,15,1692,599,56129,38317,8693.083333333334,0.7469751650295116,5,17812,0.229008,0.25265515141908057,1775.8864769436811,0.250991091800226,0,49.0
2018-02-15,58,75100,603,Employed,Associate,34,29693,36,Divorced,0,Mortgage,710,0.6319617272038358,1,2,0.15454587076843077,0,Debt Consolidation,0,24,14,61503,2558,188468,121263,6258.333333333333,0.8257743676585217,6,67205,0.213193,0.21161013106048474,1121.1420039150503,0.29259259716352337,0,47.0
2018-02-16,45,45640,532,Employed,High School,21,17199,84,Divorced,2,Mortgage,419,0.2518991798161878,6,0,0.2756110364165216,0,Auto,0,28,27,23417,685,36050,11111,3803.3333333333335,0.7916940413040692,6,24939,0.276199,0.24181132695988347,426.3709629217815,0.22227106825287857,0,53.0
2018-02-17,60,68592,582,Employed,Doctorate,39,11295,48,Married,2,Own,630,0.04768590003991845,0,0,0.12223746199831032,0,Debt Consolidation,1,20,18,5128,979,83102,13450,5716.0,0.8491276315849955,2,69652,0.21529500000000001,0.25835400000000003,379.7917474244252,0.17666055763198482,0,53.0
2018-02-18,60,47512,451,Employed,Associate,39,20402,24,Married,0,Mortgage,272,0.6070759179573091,2,0,0.29436409679630615,0,Auto,0,23,1,6266,1350,117061,14118,3959.3333333333335,0.9603414161074164,1,102943,0.26990200000000003,0.2929097095075851,1133.3004653982807,0.3549336080312209,0,55.0
2018-02-19,37,30729,590,Employed,High School,14,18128,36,Married,1,Rent,362,0.5465163211260667,2,1,0.05486673900867841,0,Debt Consolidation,0,23,5,3035,1618,94618,44531,2560.75,0.6797121974693482,5,50087,0.208128,0.23695828697547103,708.321210024142,0.41797176999868874,0,52.0
2018-02-20,43,77609,529,Employed,Bachelor,21,15957,48,Single,2,Own,262,0.3388186381963849,3,0,0.16138025523106198,0,Education,0,12,28,3181,5277,928764,18827,6467.416666666667,0.7965226815903862,3,909937,0.246457,0.26658215302462673,543.9529136767451,0.12461744081383526,1,33.6
2018-02-21,23,43507,566,Employed,High School,1,34995,60,Single,0,Mortgage,377,0.07929459515497135,5,4,0.27306669114651155,0,Auto,0,21,4,5835,7583,161394,5677,3625.5833333333335,0.9826866683224567,5,155717,0.256995,0.25516283390364414,1037.7687320719363,0.3902182357979919,0,51.0
2018-02-22,60,36766,522,Employed,Bachelor,36,17391,48,Married,1,Mortgage,295,0.297540810216865,1,1,0.10138202737158655,0,Home,0,27,6,20881,950,39368,17165,3063.8333333333335,0.630983409826759,3,22203,0.251391,0.25587157054737225,582.3454897833616,0.28635548815210626,0,53.0
2018-02-23,35,35416,586,Employed,High School,15,15711,24,Single,0,Mortgage,522,0.16179191780011917,3,2,0.318301919174334,0,Home,0,18,17,34197,2690,85785,14526,2951.3333333333335,0.842689565953594,3,71259,0.197711,0.18714236873681275,789.7902072644424,0.44447375443791814,0,52.0
2018-02-24,45,48589,622,Employed,High School,21,18402,48,Married,0,Mortgage,406,0.03858608359104434,5,2,0.13432167246930088,0,Auto,0,22,26,1611,6920,44446,16228,4049.0833333333335,0.4592031594447271,3,28218,0.20240200000000003,0.17093212635444863,531.8783395322642,0.23162732458760565,1,37.6
2018-02-25,50,103383,562,Employed,High School,28,31127,96,Single,0,Other,333,0.4915173655812733,7,2,0.09577999488590853,0,Home,0,23,26,13237,618,36083,26361,8615.25,0.7880734334420544,6,9722,0.28512699999999996,0.3110889310085997,882.5674478349409,0.14109485480223338,0,50.0
2018-02-26,69,34080,546,Employed,High School,50,17985,60,Married,3,Mortgage,501,0.16289855325143798,3,1,0.2224068397035555,0,Other,0,29,21,3715,426,18094,22287,2840.0,0.9312903282812304,5,6719,0.249985,0.27518135916769376,554.7611026257825,0.3717468671217544,0,52.0
2018-02-27,42,23853,607,Employed,High School,21,36544,60,Single,1,Own,176,0.4344363060797477,5,0,0.3272803618004295,0,Home,0,28,22,1523,248,36131,35453,1987.75,0.816018290432751,1,6645,0.23804399999999998,0.28212670009687085,1142.5206315189012,0.6633231701767833,0,54.0
2018-02-28,37,38901,598,Employed,Bachelor,15,17581,24,Married,5,Mortgage,396,0.3420092318391975,1,1,0.12744633170397576,0,Auto,0,25,26,1792,828,114607,35421,3241.75,0.9276070229650125,8,79186,0.19358099999999998,0.19710657577209406,892.316009480536,0.3974137455018234,0,49.0
2018-03-01,43,75967,551,Employed,High School,22,28986,60,Married,1,Rent,717,0.4587675465745661,3,1,0.21077424405754341,0,Education,1,24,17,11001,2320,77287,1012618,6330.583333333333,0.7837095714307059,3,1073,0.258486,0.3101832,956.0066563804224,0.2642736961649805,0,59.0
2018-03-02,69,36246,619,Employed,High School,48,24454,36,Married,3,Mortgage,415,0.20877630609853565,2,2,0.24335705951103054,0,Other,0,16,18,14695,159,64600,17688,3020.5,0.9322902819563263,4,46912,0.19995400000000002,0.1784897116787097,882.2190639072148,0.42947163181831316,0,50.0
2018-03-03,44,34389,591,Employed,Associate,25,19270,72,Married,2,Mortgage,351,0.2578212747714405,1,1,0.1938573399312469,0,Home,0,27,19,3339,1838,245269,53716,2865.75,0.8685975585133224,4,191553,0.23877,0.21758618819634595,481.42336225339784,0.2904731264951227,1,37.6
2018-03-04,50,104486,570,Employed,High School,25,12605,48,Divorced,3,Mortgage,404,0.10496257966620987,6,3,0.40279859187884315,0,Debt Consolidation,0,26,2,4242,1190,25704,39010,8707.166666666666,0.7163889815938871,1,2128,0.22260500000000003,0.18962816441292155,376.64370831254985,0.08965530788575118,1,46.400000000000006
2018-03-05,45,73135,590,Employed,Bachelor,25,31804,36,Single,1,Mortgage,353,0.5860090672159028,3,0,0.3993156143941504,0,Debt Consolidation,0,24,19,3987,1205,76579,204015,6094.583333333333,0.7512215079269045,1,6734,0.221804,0.234370231529987,1238.3799522915301,0.2611138227592584,0,55.0
2018-03-06,28,35773,563,Unemployed,Bachelor,5,19369,36,Married,2,Rent,446,0.503773047112511,1,0,0.37353914663899634,0,Home,0,29,3,5697,1083,7942,15199,2981.0833333333335,0.9516683366359269,8,9652,0.22286899999999998,0.1869415308011201,706.9988915379386,0.38677177475904345,0,62.0
2018-03-07,40,46544,546,Employed,Associate,20,17088,72,Married,1,Mortgage,411,0.22096148322803513,3,0,0.23961027013541453,1,Debt Consolidation,0,28,6,4666,637,43296,2956,3878.6666666666665,0.7621146595500186,6,40340,0.259088,0.2535994369603492,464.0838788739482,0.22561461297884536,0,67.0
2018-03-08,56,75246,645,Employed,Associate,33,35657,24,Single,1,Rent,392,0.1699469989911353,3,3,0.32199927434246334,1,Other,0,31,14,980,141,49612,96294,6270.5,0.8954628024901509,7,10315,0.188157,0.18817576722627927,1794.26134576171,0.34865821637217287,0,62.0
2018-03-09,45,15325,633,Employed,Bachelor,22,61453,48,Divorced,3,Rent,618,0.13693857187609793,0,0,0.5722056739480542,0,Other,0,24,6,10390,1956,21729,24279,1277.0833333333333,0.7636818136147387,5,3468,0.23995300000000003,0.19816082299107293,1864.0205462963033,1.9435071161863386,0,58.0
2018-03-10,40,46017,596,Employed,Bachelor,18,22052,60,Married,1,Rent,427,0.3073823267535075,3,2,0.4565414557764149,0,Education,0,25,28,4392,1423,85919,23195,3834.75,0.6218330877628313,4,62724,0.22905199999999998,0.20415019861881362,589.3470975849976,0.2650360773414167,1,44.0
2018-03-11,52,109726,512,Employed,High School,28,13774,36,Married,1,Mortgage,336,0.1526463827216435,2,0,0.10162548021892365,1,Home,0,33,27,2538,1043,35263,10849,9143.833333333334,0.9572113864732116,6,24414,0.24277400000000002,0.21644877058960887,523.5081736450804,0.09399867017608374,1,48.0
2018-03-12,20,19574,472,Employed,High School,0,48166,48,Divorced,0,Own,363,0.2970100170223568,3,3,0.11512817257210194,0,Education,0,20,29,2304,3186,408756,12903,1631.1666666666667,0.8928242999143338,11,395853,0.307166,0.31827949317209847,1785.8453961710188,1.3173671581716677,0,46.0
2018-03-13,36,15000,568,Employed,Bachelor,12,24735,36,Married,2,Mortgage,209,0.11077857939350051,3,0,0.6124112026987472,0,Education,0,23,26,638,7661,45158,18888,1250.0,0.9771872410685719,12,26270,0.225735,0.180588,894.959280283005,0.883167424226404,0,59.0
2018-03-14,43,51637,604,Employed,High School,24,36815,84,Single,1,Mortgage,367,0.16211516711596308,3,1,0.5365787029345793,0,Other,0,31,10,5771,747,39865,13439,4303.083333333333,0.8974407252339048,2,26426,0.259815,0.23611646979814951,899.4206740744744,0.2943054028873423,0,54.0
2018-03-15,49,24460,480,Employed,High School,30,34267,36,Single,0,Mortgage,475,0.4555777982131218,3,2,0.20623367467883516,0,Home,0,23,22,968,3934,108965,19254,2038.3333333333333,0.6945264798360675,6,89711,0.279267,0.279623977144546,1416.710022766948,0.9280670594114218,0,53.0
2018-03-16,32,40193,468,Self-Employed,High School,11,15840,84,Single,0,Rent,341,0.44358951450781553,4,1,0.15700832931680112,0,Home,0,24,21,6348,768,57233,7341,3349.4166666666665,0.9804081285068557,3,49892,0.30684,0.368208,527.7069008044111,0.25936065508055967,0,55.0
2018-03-17,46,33488,597,Employed,Associate,21,22912,24,Married,4,Mortgage,504,0.19580910816767064,3,1,0.06209030019008301,0,Auto,0,22,27,11885,1618,18970,13838,2790.6666666666665,0.7660034792972235,0,5132,0.19941199999999998,0.2259305042799577,1195.353073182416,0.6089416172416684,0,50.0
2018-03-18,44,50828,588,Employed,Master,20,9534,60,Married,0,Rent,546,0.11117617354472296,8,0,0.19905769487423916,0,Education,0,18,11,14040,3266,36088,24157,4235.666666666667,0.7403185373211961,6,11931,0.220534,0.21793144494193342,262.1986276029288,0.19080789193427136,1,39.2
2018-03-19,72,109000,672,Unemployed,High School,49,23603,48,Married,3,Mortgage,1036,0.12229437976630766,6,0,0.3224251787797526,0,Education,0,19,21,134,2978,27894,42020,9083.333333333334,0.8707367707997729,6,9299,0.182603,0.19538859544478784,712.4615313463931,0.19249117776290567,0,49.0
2018-03-20,55,25249,498,Employed,Associate,33,25792,24,Single,1,Rent,707,0.1053843246682993,1,0,0.3037643323067361,0,Debt Consolidation,0,21,14,2817,1548,191584,6033,2104.0833333333335,0.6263704598416858,11,185551,0.251792,0.23894212266029496,1362.2899140865172,0.9834638587285915,0,51.0
2018-03-21,40,23646,502,Employed,High School,19,20225,72,Divorced,1,Mortgage,269,0.27721363631374607,1,1,0.19248139706768358,0,Other,1,27,5,1441,2786,61776,62944,1970.5,0.728573377567399,5,7842,0.28422499999999995,0.25976218714211147,556.982106275203,0.41917386768596954,0,60.0
2018-03-22,37,37319,593,Employed,High School,14,22959,48,Married,4,Rent,161,0.35920262844034945,3,1,0.3767360195960561,0,Debt Consolidation,0,27,4,529,905,18553,24437,3109.9166666666665,0.5018816247775456,10,6520,0.22145900000000002,0.2328780589048595,739.4947414118882,0.2895559070967244,0,58.0
2018-03-23,41,67062,606,Employed,Doctorate,17,22520,36,Single,0,Own,631,0.26040221437335037,3,0,0.5515492575129826,0,Other,0,20,18,709,3903,106476,216923,5588.5,0.783233825813047,5,3945,0.20452,0.22038306848111971,860.4953552290839,0.2668865268370912,0,55.0
2018-03-24,28,62209,578,Employed,Associate,5,49588,36,Married,1,Mortgage,445,0.1491824344976224,5,1,0.47908922265611886,0,Debt Consolidation,1,26,28,518,469,68716,4206,5184.083333333333,0.7744376171673075,8,64510,0.245588,0.2638026793309527,2007.989850228057,0.4731771641199294,0,59.0
2018-03-25,48,67784,537,Employed,High School,24,37488,12,Married,0,Rent,177,0.12752668407929738,6,1,0.19568590335114994,0,Education,0,35,24,4944,627,458728,27948,5648.666666666667,0.8207452112514595,7,430780,0.233988,0.22220191985751253,3512.640022877778,0.6531877769758841,0,43.0
2018-03-26,30,49831,565,Employed,High School,5,29530,120,Single,0,Mortgage,302,0.1744105280446764,0,1,0.3075305354773892,0,Debt Consolidation,0,21,12,1914,747,38951,1844,4152.583333333333,0.7192145966360884,12,37107,0.30203,0.27063939384786767,715.216423325247,0.24495990608061177,0,54.0
2018-03-27,45,139441,612,Employed,Bachelor,25,12647,60,Married,2,Mortgage,121,0.5468662212915063,0,1,0.3682381959237512,0,Home,0,22,9,1353,889,26059,18216,11620.083333333334,0.7909439622552887,3,7843,0.21164699999999997,0.25049950518119507,371.5766353719668,0.04239011212242885,1,40.800000000000004
2018-03-28,40,175192,648,Employed,Bachelor,18,22447,36,Married,2,Mortgage,266,0.06750297792109863,7,2,0.33327435653125287,0,Home,0,34,19,7147,1046,107486,61899,14599.333333333334,0.8787329281082011,5,45587,0.183447,0.21727492576661167,854.0998434138795,0.07672267067541072,1,38.400000000000006
2018-03-29,53,28106,645,Employed,Associate,32,23259,72,Single,1,Rent,384,0.5228200828521231,6,1,0.2597507149038372,0,Debt Consolidation,1,21,28,6163,1539,97949,23217,2342.1666666666665,0.6554129836539905,3,74732,0.215759,0.19626556846612547,552.0954374366646,0.39967071974809565,0,56.0
2018-03-30,45,98110,598,Employed,High School,22,39131,60,Married,3,Mortgage,442,0.5447479107154372,4,1,0.24828395983479554,0,Auto,0,23,17,3029,350,90203,110238,8175.833333333333,0.9356367789860496,8,1672,0.245131,0.29415719999999995,1252.0132931922087,0.2071976303975793,0,52.0
2018-03-31,32,35803,606,Employed,Bachelor,7,21242,36,Single,2,Mortgage,374,0.5020959753240948,4,0,0.28511590484969485,0,Education,0,31,14,6979,815,46029,12628,2983.5833333333335,0.6456500159412106,6,33401,0.203242,0.17912187988666822,767.0137825331786,0.38243067313907053,0,51.0
2018-04-01,29,116744,568,Unemployed,Associate,5,25638,96,Married,0,Mortgage,409,0.6448707273164629,1,0,0.43383870011825426,0,Home,0,23,17,3092,3260,94077,11406,9728.666666666666,0.9300561367441585,2,82671,0.276638,0.25078969723389594,621.082258194911,0.1058811339198497,1,46.400000000000006
2018-04-02,54,116069,635,Employed,Master,29,30761,48,Married,0,Rent,589,0.12465639004873862,2,2,0.43342965565827124,0,Education,0,25,19,2699,1942,282705,48231,9672.416666666666,0.8246808486896365,7,234474,0.20826100000000003,0.1870523634527545,914.9797301538008,0.15549161931132008,1,37.6
2018-04-03,19,20965,487,Employed,High School,0,25956,24,Divorced,3,Other,234,0.4563842573933324,2,0,0.1331652107879203,0,Home,0,25,26,963,1602,249925,19414,1747.0833333333333,0.8915800318462241,2,230511,0.257456,0.2126510384701202,1337.1481858372842,0.8992977929905753,0,49.0
2018-04-04,27,15000,542,Employed,Master,6,18180,36,Married,3,Own,617,0.0895683409025588,3,3,0.2482468916038775,0,Debt Consolidation,0,19,13,1579,412,57986,118387,1250.0,0.961368599836199,2,3306,0.23218,0.260686100658861,733.1480951090746,1.0801184760872597,0,53.0
2018-04-05,36,81176,525,Employed,High School,14,26035,60,Married,2,Other,342,0.4764016145907339,2,2,0.055832232027452654,0,Other,0,24,6,1159,332,143760,29715,6764.666666666667,0.9371817920204942,5,114045,0.268535,0.28808980859087996,823.3745121862654,0.1722737526637822,0,48.0
2018-04-06,62,15000,619,Employed,High School,37,19140,36,Married,0,Rent,632,0.21183044281749264,4,2,0.27633106086483084,0,Home,0,30,15,985,1122,216955,14218,1250.0,0.761054198961962,3,202737,0.19464,0.21157712600560155,722.6515914241327,1.0837212731393062,0,47.0
2018-04-07,55,122975,593,Employed,Doctorate,32,20246,48,Divorced,1,Mortgage,261,0.18782737147089404,3,1,0.4059216672272004,1,Home,0,25,12,5460,346,61808,2103,10247.916666666666,0.9143461642720305,5,59705,0.21874600000000002,0.23986632624574308,659.9071543190223,0.0898628652313744,1,50.400000000000006
2018-04-08,44,47557,587,Employed,Associate,20,32365,60,Single,5,Mortgage,164,0.32826831257020345,4,1,0.4502938724670563,0,Home,0,18,6,4440,2598,17468,13194,3963.0833333333335,0.7901328637155802,6,4274,0.243865,0.2686930793839699,985.7492997330964,0.29011484317339525,0,59.0
2018-04-09,38,57037,498,Employed,High School,14,16183,60,Single,4,Other,396,0.2360165609830883,11,2,0.06609295735942154,0,Home,0,20,27,3660,739,24394,27492,4753.083333333333,0.9868378794007142,4,3656,0.272183,0.2717474097030224,495.8447596952554,0.18763499336120526,0,50.0
2018-04-10,48,42231,553,Employed,High School,23,13983,48,Single,1,Rent,95,0.2261758132752805,3,1,0.35353252018912296,0,Other,1,15,1,5775,1118,845202,5957,3519.25,0.486456304086317,2,839245,0.232483,0.2521467934165143,465.31196392984543,0.1592134585294723,1,45.6
2018-04-11,43,68136,567,Employed,High School,22,11194,24,Married,2,Mortgage,528,0.2538581373348228,4,0,0.09254034462329865,0,Auto,0,20,14,2361,2916,49119,28576,5678.0,0.8549169604273301,8,20543,0.20269399999999999,0.18825281900742666,563.3242915537102,0.19220223521551782,1,40.0
2018-04-12,50,21347,593,Employed,Associate,27,27978,36,Single,1,Mortgage,789,0.33967937703497847,4,1,0.34605623936192415,0,Debt Consolidation,0,19,5,3171,310,104592,9625,1778.9166666666667,0.9008244671755165,7,94967,0.216478,0.25257314181276563,1116.2114799751062,1.0709953510892056,0,56.0
2018-04-13,36,60763,541,Employed,Master,15,42674,84,Married,2,Own,321,0.2456275801076303,1,0,0.5205806492798629,0,Auto,0,21,5,2693,2457,161210,86713,5063.583333333333,0.8897965649994979,6,74497,0.297174,0.28710603444750904,1183.397845026174,0.2971014291643614,0,58.0
2018-04-14,29,44819,534,Self-Employed,Master,5,19585,60,Divorced,0,Other,469,0.3332107595930185,1,1,0.2210382024398563,0,Education,0,25,15,9582,1406,10988,6480,3734.9166666666665,0.8957414859429499,3,4508,0.257585,0.2986605329082347,632.0308506576941,0.2947939536333325,0,56.0
2018-04-15,31,36919,473,Employed,High School,7,34398,36,Married,3,Rent,228,0.21764741305058402,0,1,0.2780417145914972,0,Auto,0,20,16,1617,322,398922,38307,3076.5833333333335,0.9533150420148485,4,360615,0.282898,0.32379683070262016,1505.4431020109423,0.5634312203508033,0,47.0
2018-04-16,37,17416,600,Employed,Associate,17,32620,24,Married,2,Mortgage,863,0.08151407715924315,1,1,0.3963450158171624,0,Debt Consolidation,0,32,4,1464,5108,186868,42453,1451.3333333333333,0.9672719070730768,5,144415,0.20762,0.22593193066872586,1701.8361583444091,1.7672274862272,0,51.0
2018-04-17,38,94555,563,Employed,Bachelor,20,17172,84,Married,1,Mortgage,238,0.3548006683508752,5,1,0.09594771011314976,0,Home,0,19,25,497,1360,44665,94892,7879.583333333333,0.838415752234471,7,1495,0.260672,0.26140244966598836,447.24836310674357,0.08696505057671115,1,39.2
2018-04-18,45,21193,634,Employed,High School,25,25276,24,Married,2,Rent,661,0.2791913455186321,0,0,0.2410379137830541,0,Debt Consolidation,0,19,22,734,3466,71277,5845,1766.0833333333333,0.9568136604785086,2,65432,0.183276,0.17612515100965992,1257.1544077332337,1.086106397999283,0,49.0
2018-04-19,52,72522,520,Employed,High School,28,17000,48,Married,1,Own,411,0.2071162535530157,3,0,0.22759843328855786,0,Auto,0,20,12,1327,260,9457,15555,6043.5,0.8853106133156041,4,2270,0.252,0.24861195082074578,562.3558835104689,0.16105830785314285,0,52.0
2018-04-20,47,86606,588,Unemployed,Bachelor,26,34221,36,Married,4,Mortgage,259,0.3985458511482071,3,1,0.14322105854650888,0,Auto,0,32,8,18692,1996,33497,41617,7217.166666666667,0.8215483211518528,6,1250,0.225221,0.226963718935836,1319.2759394056638,0.2186835932021796,0,53.0
2018-04-21,44,72989,608,Employed,Associate,21,40199,36,Married,2,Mortgage,1109,0.29970364516663395,6,0,0.378711911780276,0,Debt Consolidation,0,14,4,1327,525,51345,18183,6082.416666666667,0.7193955748148697,2,33162,0.221199,0.21441414933239092,1523.6259727342956,0.432825654178185,0,54.0
2018-04-22,58,62867,567,Employed,Master,34,17169,36,Married,0,Other,513,0.15120486565225294,5,1,0.18739634076186998,0,Debt Consolidation,0,28,25,1101,7308,188226,5043,5238.916666666667,0.6535891355539671,8,183183,0.21866899999999997,0.1834436354797248,623.6704438882095,0.2169666967830263,1,36.0
2018-04-23,18,83378,645,Unemployed,Doctorate,0,16000,36,Divorced,0,Rent,317,0.07578458159782452,3,2,0.10708892461466257,0,Home,0,20,20,3635,3360,56624,39237,6948.166666666667,0.7189702796875366,2,17387,0.17850000000000002,0.14997103705624254,554.6225630944239,0.1254464098099389,1,38.400000000000006
2018-04-24,40,23226,494,Employed,High School,17,11357,48,Single,1,Own,1287,0.4070066641957993,4,1,0.3127783114172139,0,Education,0,28,9,7395,1153,78286,13785,1935.5,0.929288460531108,2,64501,0.259357,0.237900631514736,368.94218131653554,0.855562997321899,0,56.0
2018-04-25,45,45890,648,Employed,Bachelor,19,7269,24,Married,2,Mortgage,660,0.18814886270395734,3,2,0.36589450184133643,0,Home,0,28,20,2982,921,70261,50233,3824.1666666666665,0.7037804220456241,3,20028,0.158269,0.1266152,344.42696606332316,0.26265250801394374,1,40.800000000000004
2018-04-26,24,199943,566,Employed,High School,6,29485,60,Married,3,Rent,516,0.34567318695444377,2,1,0.3543263335261169,0,Debt Consolidation,0,18,29,908,1151,39087,7612,16661.916666666668,0.9045500066794591,9,31475,0.251485,0.2573981439665715,878.2587591022069,0.08367937416777023,1,41.6
2018-04-27,61,63431,624,Employed,Master,39,23084,72,Single,2,Own,353,0.47900169240883456,3,1,0.18958281394531382,0,Home,1,13,22,10403,2054,26146,15407,5285.916666666667,0.877301240787364,3,10739,0.226084,0.22153367423908268,582.1148362799064,0.17690684421432543,0,54.0
2018-04-28,37,86670,597,Employed,Doctorate,14,23384,36,Single,2,Mortgage,567,0.5388227201835889,4,2,0.40449321255767945,0,Auto,0,15,17,2120,680,84690,49606,7222.5,0.7416344506196995,5,35084,0.209884,0.223689224485295,897.5146801163506,0.20277115681777091,1,44.800000000000004
2018-04-29,24,55655,545,Employed,High School,1,16200,60,Married,3,Mortgage,522,0.04683467698443225,3,1,0.5243813086691381,0,Other,0,24,27,922,1328,195052,32311,4637.916666666667,0.6932659661837368,2,162741,0.24869999999999998,0.27044314534060176,495.101472835953,0.21930136868262395,0,53.0
2018-04-30,46,47643,516,Employed,High School,25,22541,96,Married,4,Own,429,0.03238293436192244,1,1,0.2685883362072912,0,Auto,0,19,7,14381,1733,338424,7794,3970.25,0.4689504583709063,5,330630,0.299541,0.30235456380003795,625.3097946305953,0.26555249534175307,0,47.0
2018-05-01,50,72361,648,Employed,Associate,29,53525,36,Married,3,Mortgage,309,0.04838589238444486,2,0,0.20327360387135987,0,Debt Consolidation,0,25,5,5634,756,394601,36816,6030.083333333333,0.895042851332529,7,357785,0.214525,0.1766071729347034,1925.959164022637,0.37063487193753053,0,44.0
2018-05-02,45,51941,580,Employed,High School,23,26712,96,Married,0,Mortgage,673,0.5270311415591136,5,2,0.27025016766808213,0,Home,1,21,13,782,774,41184,8436,4328.416666666667,0.6674833445334313,4,32748,0.271712,0.25330814594723566,651.5720902474228,0.3060176947492168,0,59.0
2018-05-03,20,42906,579,Employed,Master,0,18175,48,Single,5,Rent,211,0.07807688839128041,4,0,0.2777974995357352,1,Debt Consolidation,0,25,24,1359,621,12877,4488,3575.5,0.7073392155124221,1,8389,0.223675,0.20937078851002838,562.1865905698335,0.21624572523278798,0,64.0
2018-05-04,57,31600,616,Employed,High School,35,31372,60,Married,1,Mortgage,334,0.2285489843207048,3,0,0.17141798677120362,0,Education,0,21,29,12252,1347,151629,8140,2633.3333333333335,0.854019690505669,1,143489,0.22837200000000002,0.22470113041489936,874.8667454487575,0.45906332105649017,0,44.0
2018-05-05,63,43934,656,Employed,High School,40,15625,48,Married,2,Rent,237,0.09422008899605923,4,0,0.36191674107092736,0,Home,0,31,18,3249,549,21373,10510,3661.1666666666665,0.9114153893044694,3,10863,0.182625,0.19726341187275784,473.19920407939327,0.19398166451843035,0,48.0
2018-05-06,47,29368,517,Employed,High School,27,30758,36,Married,2,Rent,387,0.0912127050685722,3,0,0.39953494145777735,0,Home,0,27,18,1404,149,19157,11287,2447.3333333333335,0.9077678875884677,3,7870,0.257258,0.29491194727250797,1297.1686628724374,0.68816480367983,0,55.0
2018-05-07,40,28901,613,Employed,Associate,15,20820,84,Married,1,Other,506,0.06767002157549153,2,0,0.40522923933950855,1,Auto,0,22,16,743,746,58679,10871,2408.4166666666665,0.9565674763931383,6,47808,0.23932,0.23656893179944974,509.2427945812436,0.42153951541382384,0,66.0
2018-05-08,35,47060,606,Unemployed,Bachelor,15,26714,48,Married,0,Rent,399,0.1736348109993767,2,2,0.20701536522870279,0,Debt Consolidation,0,31,7,3788,3017,48673,97656,3921.6666666666665,0.7877016876119599,6,3200,0.218714,0.22852394986186664,854.064078590545,0.31952335195679005,0,53.0
2018-05-09,47,23557,599,Employed,Bachelor,23,17507,72,Single,1,Mortgage,400,0.42132469467955697,5,1,0.3496023535248696,1,Debt Consolidation,0,27,5,1636,234,10260,24093,1963.0833333333333,0.9672218052318202,7,5107,0.233007,0.21092785368665765,430.5051948810421,0.4230616096520145,0,71.0
2018-05-10,38,39873,614,Employed,Bachelor,14,144421,72,Married,0,Own,253,0.16349113313003177,3,1,0.30380327407047797,0,Auto,0,18,23,14466,1943,16409,9072,3322.75,0.6247818658758412,7,7337,0.352421,0.2819368,4178.018294303153,1.3335394761276513,0,51.0
2018-05-11,29,54211,550,Employed,Bachelor,7,22409,48,Single,2,Own,465,0.1553581880636497,1,0,0.23987222062310737,0,Auto,1,25,8,1920,2770,110268,25023,4517.583333333333,0.9189568408817294,5,85245,0.242409,0.22568466858076366,712.953630212953,0.2607486222824784,0,56.0
2018-05-12,42,35511,573,Self-Employed,Associate,22,10398,60,Married,0,Own,170,0.44837196311493904,2,1,0.3274102274190072,0,Auto,0,30,16,1029,5049,28918,5270,2959.25,0.5737178822955947,4,23648,0.228898,0.23262940333232812,294.6974698694638,0.15703217702778197,1,47.2
2018-05-13,37,85686,569,Employed,Bachelor,15,18833,60,Single,1,Other,639,0.7107367923455695,2,0,0.3205810111250429,0,Home,0,27,28,1937,1261,6965,28819,7140.5,0.7816694684182559,3,4532,0.23933300000000002,0.20674503740643677,506.0536730523342,0.160360433170273,1,44.0
2018-05-14,46,116478,501,Employed,Bachelor,26,10639,72,Single,2,Own,226,0.4723039040715094,2,1,0.20889263232532737,0,Debt Consolidation,0,21,13,5274,913,48682,18123,9706.5,0.6468875066796325,3,30559,0.275139,0.33016680000000004,341.0357254855844,0.05841814510746247,1,41.6
2018-05-15,58,15000,554,Self-Employed,Associate,37,27296,96,Single,0,Mortgage,150,0.07574669117704202,5,1,0.35413098309195756,0,Home,1,21,29,1259,2447,15707,9952,1250.0,0.8878983409931143,0,5755,0.285296,0.2626993599283872,682.9690085020029,0.6663752068016023,0,64.0
2018-05-16,39,43733,543,Self-Employed,High School,17,26497,48,Single,3,Mortgage,433,0.16134379079412053,0,2,0.3026234422825766,0,Auto,0,22,20,10967,727,60193,2354,3644.4166666666665,0.9409998558751552,4,57839,0.249997,0.2188612890265127,833.179359794599,0.3474299114521114,0,55.0
2018-05-17,36,26234,524,Employed,High School,9,23756,60,Single,2,Mortgage,310,0.21637793170690645,2,2,0.24147557521242236,0,Auto,0,26,4,3565,391,72392,24193,2186.1666666666665,0.7648274571833955,8,48199,0.266756,0.28658239481170966,749.1247041368854,0.4844665872395603,0,57.0
2018-05-18,28,33708,601,Employed,High School,6,15714,24,Single,2,Mortgage,516,0.2482066333290547,5,0,0.2387902003755714,0,Auto,0,25,7,2417,3999,137577,9602,2809.0,0.7198190241786756,3,127975,0.190214,0.17804979886396605,783.0274181188441,0.46245191104266437,0,47.0
2018-05-19,53,29682,500,Employed,Master,33,26093,72,Married,2,Mortgage,423,0.5732453527014173,1,0,0.3472667864015953,0,Home,0,24,1,2118,1081,68750,50555,2473.5,0.8550431219354322,4,18195,0.291093,0.295830833202249,777.9864233483506,0.4855413071956138,0,61.0
2018-05-20,53,110759,550,Employed,Bachelor,33,53215,24,Single,2,Own,689,0.28835823688206214,2,1,0.26978059073154426,0,Home,0,17,12,3081,3908,150535,20144,5439.75,0.6777167909122599,6,130391,0.253215,0.2341447498480766,2798.0078842241815,0.6410235551678259,0,47.0
2018-05-21,38,74814,583,Employed,Bachelor,14,36765,24,Divorced,1,Mortgage,625,0.2584885165826763,2,0,0.322712082650534,0,Home,0,27,13,5368,1771,110763,27385,6234.5,0.6306874658080992,9,83378,0.220265,0.22613580571983757,1918.4586023089014,0.40796512989155526,0,52.0
2018-05-22,37,26923,546,Employed,High School,12,46755,48,Single,3,Rent,846,0.2817336636846639,0,3,0.22272272253061925,0,Auto,0,33,27,859,765,190207,11605,2243.5833333333335,0.8865424701078966,7,178602,0.26875499999999997,0.2757521078143367,1618.1676613050495,1.0983178670898708,0,50.0
2018-05-23,44,66425,577,Employed,High School,23,9060,48,Married,3,Mortgage,397,0.3815658395984249,4,0,0.07016784169548185,0,Home,0,17,25,2771,1778,24704,45320,5535.416666666667,0.9549759746511741,5,7586,0.21556000000000003,0.22237966344267368,286.61681779830127,0.12349871002754408,1,40.0
2018-05-24,41,187280,626,Self-Employed,Associate,20,22562,36,Married,3,Mortgage,370,0.11739828139623473,3,1,0.24356688451072694,0,Auto,0,24,19,2680,504,105934,17411,15606.666666666666,0.8065843479120157,10,88523,0.194562,0.1751270805295979,810.1656824522258,0.07561933035789573,1,37.6
2018-05-25,20,119173,626,Employed,Master,0,13553,12,Married,0,Rent,338,0.17316325589883805,1,0,0.49062688938272897,0,Home,0,27,24,4319,2676,24079,17474,5614.666666666667,0.9057148807964095,5,6605,0.16555300000000003,0.1507741636551459,1223.766059892563,0.278158286611119,1,40.800000000000004
2018-05-26,30,71779,569,Employed,High School,7,55509,120,Divorced,0,Other,843,0.29821031007518417,1,0,0.06688038440772535,0,Debt Consolidation,0,20,27,3713,256,94470,28517,5981.583333333333,0.9296070313614802,6,65953,0.326009,0.32357538865354774,1560.8563170702084,0.40187625635412166,0,48.0
2018-05-27,35,36466,583,Employed,Bachelor,14,45998,36,Widowed,0,Mortgage,291,0.29754494786674524,4,0,0.12268368176432218,0,Other,0,22,4,7053,2376,20359,9725,3038.8333333333335,0.7320583366802073,7,10634,0.23949800000000002,0.23297555697117656,1787.7113229049191,0.6840491382344932,0,54.0
2018-05-28,37,51458,574,Self-Employed,High School,15,26204,36,Single,2,Mortgage,576,0.5716745382395771,4,2,0.1738701962798177,0,Debt Consolidation,0,27,8,5891,345,26025,25868,4288.166666666667,0.8222653812670975,9,6597,0.22420400000000001,0.17936320000000003,946.5004956266401,0.3550469498915559,0,55.0
2018-05-29,31,28575,555,Employed,Bachelor,10,21854,36,Married,1,Rent,674,0.3313061630171966,2,1,0.2607320118634911,0,Auto,0,23,7,2314,568,147681,13287,2381.25,0.7767900880726548,9,134394,0.22935399999999997,0.2250053234614335,840.283671204086,0.6359196519492225,0,51.0
2018-05-30,50,31111,586,Employed,Associate,28,19328,24,Married,0,Rent,234,0.09671333478638737,1,2,0.07736680465219159,0,Education,0,38,7,4760,2076,140635,6453,2592.5833333333335,0.9856578895334681,5,134182,0.201328,0.223054813927917,1005.6190955749155,0.47814050165211613,0,47.0
2018-05-31,44,88229,586,Unemployed,High School,21,36732,84,Single,5,Other,324,0.028330391712227846,2,0,0.12469759797886994,0,Home,0,19,7,7019,780,43839,34441,7352.416666666667,0.8147643411493087,6,9398,0.268732,0.29789922354838616,1045.093258832046,0.1862099661787457,0,52.0
2018-06-01,37,43280,627,Self-Employed,Bachelor,15,43132,36,Married,0,Mortgage,317,0.5118292050053718,3,3,0.03500139952028245,0,Debt Consolidation,0,20,6,2218,257,103127,14252,3606.6666666666665,0.7884838908513533,6,88875,0.21463200000000002,0.19838386526804316,1599.3901221624249,0.5313466142779367,0,52.0
2018-06-02,33,68983,568,Employed,Bachelor,11,30671,48,Divorced,0,Mortgage,213,0.3803664780739693,4,1,0.013291610365881074,0,Auto,1,28,16,9275,792,63902,11530,5748.583333333333,0.8358164140427043,5,52372,0.241671,0.22881232760634615,981.0559705224439,0.2077130836042116,0,54.0
2018-06-03,35,70870,605,Employed,Doctorate,11,10690,36,Divorced,2,Mortgage,387,0.24179240175261965,5,0,0.1593508320975932,0,Other,0,30,17,1229,776,42716,6920,5905.833333333333,0.8587374182358389,10,35796,0.19319,0.21197987969414375,403.83397437588167,0.13390726248780274,1,37.6
2018-06-04,28,40830,552,Employed,Associate,8,13133,72,Single,0,Mortgage,214,0.1543266395248944,0,3,0.21241420229495891,0,Debt Consolidation,0,21,5,5621,1064,14517,5678,3402.5,0.9501524727745259,8,8839,0.252133,0.2279792994061775,336.23015026923053,0.1617134901599502,0,54.0
2018-06-05,24,34687,569,Unemployed,Bachelor,3,43136,60,Divorced,0,Mortgage,370,0.09003039424044672,2,2,0.5186406601036218,0,Auto,0,28,10,3106,430,49432,37765,2890.5833333333335,0.7981857188614178,7,11667,0.26363600000000004,0.21090880000000004,1169.1800231047853,0.5324807644724947,0,61.0
2018-06-06,49,33461,629,Employed,Associate,31,17203,36,Divorced,2,Mortgage,406,0.3192226613805911,4,1,0.2988928236894645,0,Other,0,17,15,7503,2256,14162,13603,2788.4166666666665,0.9452060293200467,4,10736,0.187703,0.19793636596994896,637.5177057631068,0.37423306144936735,0,50.0
2018-06-07,51,65993,605,Self-Employed,Bachelor,30,17263,36,Single,1,Rent,318,0.08488742241736548,1,0,0.21249151960278106,0,Auto,1,25,20,4237,686,69615,179648,5499.416666666667,0.8293874711699474,6,8149,0.199763,0.19035824379998273,633.1055967590696,0.17294663314455827,1,45.6
2018-06-08,52,40521,603,Unemployed,Bachelor,26,42294,60,Divorced,3,Mortgage,404,0.20053412770029938,1,1,0.5541011896776316,0,Debt Consolidation,0,24,11,1346,2047,18547,33722,3376.75,0.9014105173875335,2,3610,0.245794,0.26146098678788765,1269.9629010658832,0.49573196152095456,0,59.0
2018-06-09,36,36933,452,Employed,High School,11,15591,24,Single,2,Own,626,0.17652891015422234,2,1,0.14283629910370144,0,Debt Consolidation,0,28,5,2329,582,21315,10629,3077.75,0.7482722707589206,4,10686,0.264591,0.24513034455164362,828.3109035496663,0.4725240528144477,0,52.0
2018-06-10,45,51271,558,Employed,High School,21,25359,36,Divorced,0,Rent,415,0.2531411084608239,0,1,0.3444377006889524,0,Home,0,17,4,3196,1592,37364,24345,4272.583333333333,0.6019411034753633,6,13019,0.23135899999999998,0.1850872,923.2731618328744,0.3132234195157983,0,57.0
2018-06-11,40,24152,538,Employed,High School,19,25239,60,Divorced,0,Rent,285,0.5667583693749512,3,1,0.2157974841051053,0,Debt Consolidation,0,21,15,902,631,799931,23883,2012.6666666666667,0.82134652225025,7,776048,0.261239,0.25309625546424347,745.3864878441036,0.511950888296176,1,37.6
2018-06-12,18,86381,552,Employed,Associate,0,9923,24,Divorced,3,Own,358,0.43441068030419805,3,1,0.4111882903854007,0,Debt Consolidation,0,22,13,839,121,204267,12492,7198.416666666667,0.7702023479203781,8,191775,0.20892299999999997,0.21290417251817625,511.3164050951818,0.12076494670288815,1,41.6
2018-06-13,43,73429,567,Employed,Bachelor,21,10213,36,Divorced,2,Mortgage,572,0.053647167212935595,2,1,0.1498498635328624,0,Other,0,27,3,4769,695,203967,42680,6119.083333333333,0.841597008451798,2,161287,0.21171299999999998,0.23902644945475998,400.16325351509084,0.15887400130985158,1,38.400000000000006
2018-06-14,41,36573,608,Employed,High School,16,29092,48,Divorced,3,Other,280,0.5759164340308476,2,2,0.43618476879697415,0,Debt Consolidation,1,30,9,1288,416,65261,51390,3047.75,0.7221839267630686,6,13871,0.220092,0.21908947993567407,915.1373545546522,0.3921375948009686,0,62.0
2018-06-15,41,15000,554,Employed,Associate,17,16760,72,Married,3,Rent,716,0.12406782089187629,0,2,0.12348422110190072,0,Auto,0,32,12,11337,460,34577,42338,1250.0,0.811527528091375,5,9713,0.25476,0.245724711082568,447.08025808338937,0.9304642064667114,0,51.0
2018-06-16,38,166518,516,Employed,Bachelor,16,19949,48,Single,2,Rent,320,0.12266287411832799,5,2,0.24835547961123658,0,Other,1,16,7,3601,1251,20632,121109,13876.5,0.766995722478465,7,3792,0.256949,0.24686661107638846,657.9700024596657,0.07047670539831122,1,44.800000000000004
2018-06-17,35,72025,538,Employed,Associate,9,21860,48,Divorced,1,Own,309,0.1328178451898535,4,0,0.232260458497,0,Education,0,26,1,1650,1144,50500,12287,6002.083333333333,0.8619103519247471,4,38213,0.24786,0.23335582606302988,704.6704798265234,0.16888643884648777,0,55.0
2018-06-18,35,103566,632,Employed,Master,11,16935,120,Married,0,Rent,260,0.25130309254996863,3,2,0.5235904174214026,0,Other,0,32,23,11156,2289,81274,27628,8630.5,0.831234743972346,6,53646,0.255935,0.2796545971726011,421.2026458210263,0.0789296849337844,0,52.0
2018-06-19,28,98923,625,Employed,Bachelor,9,26833,24,Single,1,Mortgage,416,0.3289917122762602,3,0,0.17628749299323504,1,Debt Consolidation,0,22,26,2154,2256,97723,4527,8243.583333333334,0.7207045639311669,2,93196,0.189333,0.19396471869972917,1357.7888008179848,0.21517205917547805,1,44.800000000000004
2018-06-20,53,41781,599,Employed,High School,28,32324,12,Married,0,Rent,303,0.18017094198064013,3,1,0.09883271974655404,0,Other,0,18,9,1135,3193,28066,12386,3481.75,0.9659778522173078,5,15680,0.197824,0.20097487116144458,2995.8261202249496,0.9474620866589932,0,51.0
2018-06-21,35,129132,631,Self-Employed,Bachelor,8,34790,48,Divorced,1,Mortgage,307,0.20705529009560067,0,2,0.3543017007813542,0,Education,0,24,13,9544,1713,75776,37731,10761.0,0.831972221969731,6,38045,0.21429,0.2043429195953999,1066.7389865370444,0.12765904530592365,1,41.6
2018-06-22,37,48271,533,Employed,Bachelor,12,40997,36,Single,0,Mortgage,462,0.1464909336281487,0,1,0.13240028257043934,1,Home,0,21,6,1060,1100,37692,26510,4022.5833333333335,0.8326849667973248,3,11182,0.259497,0.2771968662368492,1689.580451689643,0.5348752961462517,0,64.0
2018-06-23,21,40878,567,Employed,Associate,0,15462,48,Married,4,Rent,409,0.22222063654212956,3,1,0.4119084836938466,0,Home,0,31,20,1053,967,170051,75690,3406.5,0.847631193891184,7,94361,0.226962,0.23810847826965884,502.4740837797268,0.26756908374569993,0,55.0
2018-06-24,44,116216,651,Employed,Master,19,18020,96,Widowed,2,Mortgage,632,0.2944522147962375,1,4,0.3275783476987215,1,Auto,0,27,24,5736,337,52959,16870,9684.666666666666,0.8525229745141812,5,36089,0.22752,0.1993303094873879,376.82445414251066,0.10416718394808054,1,47.2
2018-06-25,30,43963,608,Unemployed,Master,9,9729,72,Single,1,Mortgage,225,0.11777394542560121,0,0,0.47632915348094557,0,Home,0,27,29,1678,1993,217188,63381,3663.5833333333335,0.6723469838231687,3,153807,0.22072899999999998,0.22026829208804116,244.6070530247032,0.1281824406045183,1,41.6
2018-06-26,37,84489,567,Employed,Bachelor,11,18471,60,Single,0,Rent,683,0.2664053702717827,4,0,0.29788210343948907,0,Home,1,27,17,7604,911,254542,30634,7040.75,0.8324184550684438,3,223908,0.239971,0.2340642662509889,525.0283564710724,0.17157665823542553,1,42.400000000000006
2018-06-27,35,144578,574,Employed,High School,12,14398,12,Divorced,1,Rent,386,0.3228255283120018,2,1,0.25910288399532583,0,Auto,0,19,4,1829,3386,59024,13670,12048.166666666666,0.8809324273157202,4,45354,0.192398,0.16133958557463213,1307.2557822147362,0.14054053442831438,1,42.400000000000006
2018-06-28,38,41471,631,Employed,Master,15,19834,72,Single,1,Own,513,0.6098712120442559,2,0,0.0988353716726483,0,Other,0,26,5,3215,1477,22861,8427,3455.9166666666665,0.6753484491388413,4,14434,0.219334,0.21308745453617195,490.24608117911396,0.290298111310298,0,52.0
2018-06-29,18,49633,508,Employed,Bachelor,0,12976,36,Widowed,2,Rent,433,0.21667330016358213,2,0,0.3315606493259593,0,Debt Consolidation,0,23,17,5157,2147,19625,30628,4136.083333333333,0.6701357524165488,5,3042,0.243976,0.22629225133380004,499.7931954048296,0.2255257257239731,0,55.0
2018-06-30,31,28437,629,Unemployed,Associate,10,46274,60,Widowed,0,Own,371,0.008880475728224136,0,0,0.1428141763546453,0,Home,0,23,28,2508,8525,113262,12874,2369.75,0.9391825768735941,4,100388,0.23677400000000004,0.21225108266082837,1257.7339271027313,0.6873020053181691,0,47.0
2018-07-01,28,16939,599,Employed,Doctorate,3,26853,24,Married,3,Mortgage,424,0.11670958934246468,2,2,0.26394638427409495,1,Debt Consolidation,0,24,25,3094,362,139264,22980,1411.5833333333333,0.6680976204888829,5,116284,0.20235299999999998,0.23773683940264626,1416.716170253904,1.3040081494212674,0,61.0
2018-07-02,38,40546,553,Employed,Associate,16,26438,60,Married,5,Mortgage,244,0.2463786248008499,5,2,0.11265986960427686,0,Debt Consolidation,0,19,5,1468,6234,45658,6733,3378.8333333333335,0.7459413015450139,1,38925,0.254938,0.21413056123543478,721.3934010983753,0.2857179700384872,0,53.0
2018-07-03,25,21846,428,Self-Employed,High School,2,37390,36,Married,3,Mortgage,309,0.3206224074605567,4,0,0.15667584664868173,0,Home,0,18,24,1019,760,70235,53836,1820.5,0.8411033874546087,6,16399,0.30838999999999994,0.3197887236249836,1628.0606611517194,1.0640267295532653,0,55.0
2018-07-04,32,43833,581,Employed,Bachelor,9,13550,72,Married,1,Own,335,0.5287134259533434,3,0,0.15366837208245696,0,Home,0,21,17,2344,305,17612,10953,3652.75,0.8884775938716333,5,6659,0.23805,0.202316504573304,326.38281541375693,0.18106435299808554,0,52.0
2018-07-05,63,84877,656,Employed,Bachelor,39,12636,24,Married,3,Rent,440,0.12477527325161725,2,1,0.7009120323763254,0,Home,0,29,9,236,1140,39877,178994,7073.083333333333,0.7398021699966643,7,6489,0.159636,0.13627198202018526,604.4677573934157,0.14766795585047762,1,40.800000000000004
2018-07-06,35,46488,597,Employed,High School,12,14897,36,Married,0,Rent,286,0.1260221055442234,5,0,0.2961739401245566,0,Home,1,23,18,319,997,52976,53110,3874.0,0.5902787357016165,5,3914,0.201397,0.22930069668333192,576.1158983205356,0.22253895155408768,0,58.0
2018-07-07,22,19424,569,Employed,High School,0,29958,12,Married,2,Mortgage,308,0.19899377884371086,5,0,0.511343655028402,0,Home,0,21,29,2707,695,126834,2091,1618.6666666666667,0.48892334429891077,6,124743,0.21045800000000003,0.17343078207052676,2737.191915188194,1.881296487966347,0,55.0
2018-07-08,46,56595,590,Employed,High School,23,55740,36,Single,2,Mortgage,174,0.2499351729975973,2,1,0.2620253913012239,0,Home,0,28,14,2737,942,156207,17244,4716.25,0.724343024439146,4,138963,0.24574,0.2739979449564494,2287.569681166414,0.5219336721264594,0,48.0
2018-07-09,46,38262,551,Unemployed,Master,26,25975,36,Married,1,Mortgage,287,0.20917172800366265,4,1,0.2521436750802869,0,Education,0,22,1,7435,4019,25480,50929,3188.5,0.6112657971519692,5,7604,0.235475,0.23781762136781806,1016.0993261377523,0.40868725925599886,0,60.0
2018-07-10,40,40866,602,Employed,Associate,18,14872,72,Single,1,Rent,292,0.7302125594945832,2,2,0.5751867930083073,0,Home,1,16,7,663,1260,7466,6420,3405.5,0.9232588173166211,6,1046,0.228872,0.24050030062818126,391.98442563093573,0.20084699034824127,0,65.0
2018-07-11,19,16264,542,Self-Employed,Bachelor,0,12047,48,Divorced,2,Own,1242,0.14496836992007248,2,1,0.2622885116172054,0,Auto,0,25,24,1590,942,163541,190240,1355.3333333333333,0.9227639758291062,3,2435,0.236047,0.2557640222303628,403.3266056810687,1.2139645393613394,0,56.0
2018-07-12,42,22572,525,Unemployed,High School,22,13704,96,Married,0,Rent,718,0.2045090143214905,2,0,0.19664627547715216,0,Auto,0,22,7,8707,797,45749,34107,1881.0,0.8725846885468047,2,11642,0.286204,0.2854350190907017,364.0828599236682,0.5752699946430985,0,56.0
2018-07-13,43,32334,578,Employed,Associate,23,42144,36,Married,2,Own,493,0.19051635567388805,5,0,0.25452072294723466,0,Other,0,23,25,4279,11001,15280,51385,2694.5,0.655843250652452,9,9988,0.238144,0.22819161659561124,1627.4129485098697,0.7869411573612431,0,52.0
2018-07-14,50,42425,493,Employed,Bachelor,25,24627,48,Married,0,Mortgage,892,0.40299250188732283,4,0,0.22859866516527105,0,Debt Consolidation,0,37,18,3085,783,52873,33258,3535.4166666666665,0.8150503306338986,1,19615,0.273127,0.3211094941284376,917.2093392434415,0.511738646338746,0,54.0
2018-07-15,36,41139,537,Employed,High School,12,8471,12,Married,2,Own,439,0.25035462220658744,3,0,0.14126963874746115,0,Home,0,24,13,4932,2168,139548,37711,3428.25,0.8319301999364758,5,101837,0.20497100000000001,0.2459652,803.4617629667397,0.3624186576144504,0,47.0
2018-07-16,48,16125,536,Unemployed,Bachelor,29,34184,72,Married,2,Own,363,0.10854586433632633,2,1,0.41362382615075544,0,Home,0,22,9,6025,963,149014,7400,1343.75,0.7330648738892176,5,141614,0.281184,0.22592786209781884,870.9806420641171,0.9183111754895755,0,57.0
2018-07-17,65,63552,586,Employed,Bachelor,44,31761,108,Single,3,Other,755,0.03434635558592224,2,2,0.037441074078739485,0,Auto,0,27,4,5624,3512,338680,2385,5296.0,0.7832064432138574,6,336295,0.28376100000000004,0.3141528835000326,885.8390769388665,0.30982610969389474,0,46.0
2018-07-18,51,39386,582,Self-Employed,Bachelor,29,12403,24,Single,1,Mortgage,305,0.21414278968743183,7,0,0.15826858113605446,0,Home,0,23,1,2205,2017,13866,57172,3282.1666666666665,0.40717676121932905,3,9827,0.196403,0.21490473585896844,640.3281886818179,0.2880195568014476,0,58.0
2018-07-19,39,15000,515,Employed,High School,18,28061,60,Single,3,Rent,542,0.29951367553699654,4,3,0.30508993675513146,0,Home,0,30,6,866,2151,45204,46812,1250.0,0.8255631856048019,2,6882,0.275561,0.2885253188761742,888.1910074244161,1.144152805939533,0,58.0
2018-07-20,39,51625,557,Employed,High School,18,27315,60,Single,4,Other,292,0.5925123063553897,2,2,0.24258777425050654,0,Auto,0,22,29,920,499,22854,24150,4302.083333333333,0.6730150803008571,3,4919,0.253815,0.24115648703485212,787.631629639829,0.25095553618746635,0,53.0
2018-07-21,38,26192,589,Unemployed,Associate,16,37753,60,Single,0,Rent,668,0.45747488519349505,2,1,0.295507994097496,0,Other,0,21,11,8527,1692,547265,19381,2182.6666666666665,0.9029335208411793,2,527884,0.248253,0.2529168139506345,1114.5656485304823,0.8166916532668673,0,50.0
2018-07-22,28,115309,436,Employed,Master,4,37037,60,Married,0,Own,565,0.031891857403818495,3,2,0.3517566175607596,0,Home,0,23,17,6958,1194,75033,18888,9609.083333333334,0.8730134910397945,3,56145,0.32403699999999996,0.3262545893510015,1258.680162138984,0.18978711068232149,0,50.0
2018-07-23,36,87561,556,Employed,Master,18,14277,48,Married,0,Rent,406,0.3448440973322885,0,2,0.4118808631495598,0,Debt Consolidation,0,24,17,47831,5567,63543,5796,7296.75,0.9317786043696165,6,57747,0.231277,0.19655608875696998,431.8389120197565,0.11482357378555609,1,42.400000000000006
2018-07-24,40,37472,602,Employed,High School,19,18216,24,Married,0,Mortgage,266,0.08935517216539503,3,2,0.1777125800042194,0,Home,0,24,28,8455,1061,81955,48178,3122.6666666666665,0.8050396210082715,8,33777,0.192216,0.20257929694151672,929.414830715109,0.3828185837046677,0,47.0
2018-07-25,49,37426,560,Employed,Associate,26,15881,72,Divorced,2,Mortgage,766,0.5277481544066013,2,1,0.43952352994969307,0,Debt Consolidation,1,33,6,5042,454,85054,1084,3118.8333333333335,0.7524675198883165,3,83970,0.250881,0.2192137248577426,398.2871781540479,0.37330855923284817,0,64.0
2018-07-26,26,59295,531,Employed,Bachelor,3,18569,36,Divorced,0,Rent,392,0.2626273087059314,4,1,0.4238079785410207,0,Home,0,26,11,5880,1720,28959,32583,4941.25,0.7681659057446825,6,5192,0.238069,0.279502766794961,767.5817223588267,0.2346737611654595,0,56.0
2018-07-27,38,34364,564,Employed,Master,12,45248,36,Married,0,Own,502,0.17323328869198856,1,0,0.2892476503853018,0,Home,0,38,4,2188,2880,107988,44667,2863.6666666666665,0.7749759005231827,7,63321,0.248248,0.2916891981161329,1900.3101729561138,0.8388930879837437,0,53.0
2018-07-28,69,52432,631,Employed,High School,45,14339,24,Married,0,Rent,451,0.34748269340626775,3,0,0.35099171519990896,0,Home,0,21,10,2458,5153,180342,26008,4369.333333333333,0.7353724541044492,3,154334,0.173839,0.17461876328167428,712.1389848408083,0.2662051384286257,0,47.0
2018-07-29,31,49322,539,Employed,High School,10,18603,60,Married,0,Own,277,0.2511515048047935,1,0,0.17266066833037072,0,Education,0,24,4,10437,1095,74420,22449,4110.166666666667,0.7015638094941008,4,51971,0.254103,0.269845588744785,567.8770228203904,0.20555784992183374,0,52.0
2018-07-30,52,65344,494,Employed,Bachelor,26,18647,60,Married,2,Rent,224,0.2952892016485758,3,4,0.4604639972045786,0,Home,1,23,15,4835,1885,271101,51717,5445.333333333333,0.944388772036318,2,219384,0.276647,0.2586051876389248,556.7611917922567,0.14338170760141836,0,58.0
2018-07-31,23,146310,461,Employed,High School,0,26528,48,Single,0,Mortgage,344,0.28678866560145283,3,0,0.38984725985891505,0,Education,0,27,26,9872,559,74541,5926,12192.5,0.5771125285488754,9,68615,0.291028,0.2965739318179976,949.8881679500723,0.10612164592577997,1,40.0
2018-08-01,29,81860,618,Employed,Doctorate,2,10302,108,Married,4,Mortgage,862,0.015408377527161343,3,2,0.39483482840871015,0,Education,0,23,6,1977,1365,64390,12516,6821.666666666667,0.7400442040858219,7,51874,0.24630200000000002,0.27140857445624295,255.8591195430546,0.1638689156427639,0,49.0
2018-08-02,38,39011,574,Employed,High School,13,16236,24,Married,4,Other,144,0.4564518329183443,6,0,0.17774993244488768,0,Home,0,23,8,21988,1580,31963,351946,3250.9166666666665,0.9280317825761032,1,9036,0.204236,0.2450832,862.5398366595947,0.3096172371873353,0,53.0
2018-08-03,47,44872,563,Employed,High School,24,14756,48,Married,2,Mortgage,761,0.44229687160783315,2,1,0.2665152422486151,0,Home,0,24,3,1656,1484,56393,37432,3739.3333333333335,0.7790997037727444,11,18961,0.228256,0.27390719999999996,509.1469092068946,0.3396720206472351,0,57.0
2018-08-04,18,67971,613,Employed,Doctorate,0,22099,48,Single,3,Rent,986,0.25550991865481604,3,0,0.141805735923774,0,Education,0,26,7,3747,595,75011,38664,5664.25,0.761051928498676,3,36347,0.210599,0.20039524505110437,672.9460358373317,0.292880087538038,0,48.0
2018-08-05,48,123240,616,Employed,Master,24,21996,72,Married,1,Mortgage,265,0.1687782250924464,3,2,0.3809809035463754,0,Home,0,21,10,1494,698,106029,50839,10270.0,0.837029955597017,5,55190,0.22899600000000003,0.2334371342541937,570.3532479988318,0.08133916728323581,1,36.800000000000004
2018-08-06,49,138974,628,Employed,Bachelor,29,29403,48,Single,5,Own,211,0.09545622078298795,0,1,0.18745397868235059,0,Education,0,23,13,1497,1673,449678,61492,11581.166666666666,0.7299780509927367,3,388186,0.21040300000000003,0.21143260299286198,912.7514884052584,0.09703266697988906,1,30.400000000000002
2018-08-07,38,66265,611,Employed,Master,15,59606,60,Single,2,Rent,493,0.3717946469690089,4,1,0.35503394129870647,0,Auto,0,25,5,2977,3490,143193,41786,5522.083333333333,0.7736612518419174,3,101407,0.259106,0.22145104936085117,1651.174248098291,0.38829081682908767,0,49.0
2018-08-08,56,99911,669,Employed,Master,33,37843,36,Married,0,Mortgage,126,0.25055245842830154,2,0,0.34188829227147866,0,Education,0,26,12,2449,1887,39891,11601,8325.916666666666,0.85730668267056,4,28290,0.188343,0.1652268626964293,1340.233650103881,0.17610477125888616,1,37.6
2018-08-09,44,33635,634,Self-Employed,Associate,21,46676,48,Single,1,Own,437,0.426742515839371,3,0,0.5911693622070568,0,Auto,0,21,2,1987,433,68985,137543,2802.9166666666665,0.8920259867308639,4,8592,0.22467600000000001,0.2254961210536744,1484.5402246019037,0.6855502510843718,0,64.0
2018-08-10,18,36457,549,Employed,Associate,0,56696,12,Married,1,Rent,356,0.358681738933832,2,1,0.2219987416520628,0,Education,0,20,4,6308,336,116524,53363,3038.0833333333335,0.7560230469501003,5,63161,0.247196,0.26170964473791464,5420.89446997682,1.9014930915797195,0,54.0
2018-08-11,37,207156,615,Employed,Doctorate,14,18097,24,Married,2,Rent,291,0.2239783449421587,2,0,0.24527827920437958,0,Debt Consolidation,1,21,28,720,2539,88382,13153,17263.0,0.8288127632929171,5,75229,0.18559699999999998,0.18348363055135292,906.5255225103921,0.06936949096393397,1,40.800000000000004
2018-08-12,41,15000,598,Employed,Bachelor,18,37232,84,Single,3,Rent,375,0.29393703420850026,3,0,0.1148301464493247,0,Home,0,25,17,1244,323,53343,19668,1250.0,0.7739708168526748,6,33675,0.263232,0.26071702285338433,968.0640244467912,1.0744512195574332,0,52.0
2018-08-13,38,34591,542,Employed,Master,20,24512,24,Married,0,Own,150,0.4716562996260193,3,1,0.2358804367079008,0,Auto,0,29,14,3788,1945,11241,17282,2882.5833333333335,0.8118561772265114,7,7367,0.228512,0.21473739892446062,1265.2760807299187,0.490974905864503,0,54.0
2018-08-14,54,38862,656,Unemployed,Associate,30,24697,48,Divorced,3,Own,181,0.36384764009264525,4,0,0.3911955540872307,0,Home,1,29,1,3203,115,110168,27585,3238.5,0.594553896656321,10,82583,0.191697,0.18440349319675509,731.169536194588,0.28166420756355964,0,60.0
2018-08-15,33,19999,589,Employed,Master,9,70963,72,Married,1,Mortgage,449,0.6069901645639671,4,2,0.219848457381924,0,Home,0,21,8,1200,1714,1138852,22306,1666.5833333333333,0.8295101863854778,8,1116546,0.291463,0.2807525653393666,2047.5964438144551,1.4980327679270695,0,49.0
2018-08-16,75,26796,686,Employed,Associate,55,11247,72,Single,2,Other,368,0.09057714812463948,0,1,0.20442369773399888,0,Auto,0,29,4,589,892,35597,4419,2233.0,0.7908409985537892,11,31178,0.183247,0.2198964,282.5243960822147,0.29132306138925873,0,50.0
2018-08-17,50,25128,544,Employed,High School,31,18676,24,Widowed,2,Mortgage,418,0.2396136102842694,2,0,0.67595635242896,0,Home,0,30,3,265,507,78323,30322,2094.0,0.8515216560282151,5,48001,0.22167599999999998,0.2169250120217093,966.0427710369282,0.6609564331599466,0,63.0
2018-08-18,44,21497,491,Employed,Master,19,44119,84,Divorced,3,Rent,423,0.5323816807625542,2,1,0.27260339329241234,0,Auto,0,21,2,25357,2144,40117,30751,1791.4166666666667,0.8479123882293594,6,9366,0.323619,0.334110868419195,1364.234870513784,0.9976656485167887,0,59.0
2018-08-19,59,31009,542,Employed,High School,39,16560,48,Single,3,Mortgage,556,0.25478149759513674,6,3,0.07471476350841376,0,Education,0,20,19,4187,223,34722,22698,2584.0833333333335,0.8730865186759555,9,12024,0.24056,0.26797313587387234,565.8124198823347,0.43412393300616003,0,51.0
2018-08-20,38,15000,535,Employed,Bachelor,16,53155,36,Divorced,0,Own,276,0.3283922182148726,6,3,0.658464295996508,0,Auto,0,27,27,11267,2229,43968,11474,1250.0,0.7857680507993016,4,32494,0.270655,0.3008799410235947,2259.076188167472,2.0280609505339777,0,60.0
2018-08-21,29,72692,508,Employed,Bachelor,6,58099,12,Divorced,1,Own,532,0.54941471649192,3,1,0.559138222885441,0,Debt Consolidation,0,34,28,2051,488,372243,10347,6057.666666666667,0.6192575378582565,6,361896,0.26909900000000003,0.24997160545437008,5521.893110747783,0.9993770611480409,0,53.0
2018-08-22,30,26333,471,Employed,High School,12,27036,84,Divorced,1,Mortgage,357,0.4189540929162701,4,1,0.28850229723048787,0,Other,0,24,28,2013,1045,5422,7305,2194.4166666666665,0.9401050473792353,3,4052,0.31653600000000004,0.28310959017260257,742.574497337606,0.5010782656002457,0,55.0
2018-08-23,32,31389,470,Employed,High School,11,27544,36,Divorced,3,Own,194,0.24736072535137313,4,1,0.32512590527052304,0,Other,0,25,11,1764,1357,26955,11919,2615.75,0.8459187236972436,13,15036,0.277544,0.3009148642230845,1170.6668569073138,0.5217115002990782,0,55.0
2018-08-24,39,49076,533,Employed,Bachelor,20,28564,48,Married,1,Own,268,0.05790667950118386,2,0,0.21244134472460124,0,Auto,0,26,3,1151,395,43101,8287,4089.6666666666665,0.8522948648781831,3,34814,0.257064,0.24916772058492856,945.7747589991037,0.29679063305870984,0,55.0
2018-08-25,30,37278,640,Employed,Bachelor,8,28008,96,Married,1,Own,855,0.07671008050120018,2,0,0.19286378557286135,0,Debt Consolidation,0,27,16,6886,1031,31292,106734,3106.5,0.8611891130507426,8,7430,0.243008,0.2363957751217688,651.9497031417902,0.48509567137994214,0,47.0
2018-08-26,35,51860,513,Employed,Bachelor,13,24722,72,Single,2,Mortgage,213,0.28305266259890116,2,1,0.24428605964176192,0,Education,0,22,23,2202,1948,62987,51381,4321.666666666667,0.8100156755859286,2,11606,0.283222,0.3263338426909456,786.2074820961661,0.23120882732653283,0,52.0
2018-08-27,33,20270,583,Employed,Associate,11,19677,72,Divorced,2,Rent,732,0.10640520544742006,2,1,0.4186724726073204,0,Home,0,23,9,1331,261,89772,10895,1689.1666666666667,0.950652612445773,5,78877,0.243177,0.29181239999999997,581.6191523625464,0.777672907170723,0,56.0
2018-08-28,33,33867,587,Employed,Associate,9,36425,36,Divorced,0,Rent,437,0.3864632484304754,4,1,0.5461589374993554,0,Home,0,29,4,1414,288,30186,28362,2822.25,0.7053468664771055,5,1824,0.22792500000000002,0.21446694511937714,1380.682569946246,0.6440544140123114,0,62.0
2018-08-29,25,44296,528,Self-Employed,High School,3,17063,36,Widowed,0,Rent,631,0.28970025942816535,0,1,0.4464701731729958,0,Debt Consolidation,0,17,2,862,1082,6622,7439,3691.3333333333335,0.8238739370527673,4,10043,0.238063,0.23907302196287045,668.5999637562,0.352067896990121,0,64.0
2018-08-30,39,37191,562,Employed,High School,16,28576,48,Married,2,Mortgage,228,0.2357578952355358,1,3,0.41058951348726214,0,Home,1,36,19,932,2097,129677,107919,3099.25,0.7704252260932747,3,21758,0.24257599999999999,0.23360019786297875,921.5486537466909,0.3709118831158154,0,63.0
2018-08-31,58,19178,590,Employed,Master,36,9716,60,Single,0,Rent,1072,0.30895673907235915,3,2,0.37084507607895695,0,Auto,0,20,17,4682,1155,15289,21114,1598.1666666666667,0.8591068380894792,4,7228,0.21971600000000002,0.22402071363715817,270.57118228602747,0.8400695686428371,0,56.0
2018-09-01,43,33159,556,Self-Employed,Doctorate,22,24783,48,Married,2,Other,461,0.40615613581273224,3,1,0.39562272148008126,0,Auto,1,24,22,14846,3388,95905,8927,2763.25,0.8526762158822583,6,86978,0.241783,0.23737353774535455,804.3770120227545,0.45793070189912405,0,63.0
2018-09-02,47,30549,509,Employed,Associate,26,17116,60,Married,0,Rent,527,0.3445722391763609,1,2,0.36024019990754735,0,Other,0,24,16,12271,552,102903,61307,2545.75,0.8841295130505847,9,41596,0.267616,0.26502254656703783,517.562685581851,0.4103162861953652,0,55.0
2018-09-03,49,27146,592,Self-Employed,High School,24,59432,60,Single,0,Other,1003,0.22703498876239936,3,0,0.14046549143350776,0,Other,0,17,20,4516,948,165403,11033,2262.1666666666665,0.9354178452463289,7,154370,0.268432,0.2707335987576622,1817.3823612185297,1.2467615241517114,0,51.0
2018-09-04,42,88706,588,Employed,Doctorate,19,11113,72,Married,1,Own,1792,0.27252490658923373,0,0,0.43428382436727125,0,Debt Consolidation,0,25,18,6189,9698,34016,11525,7392.166666666667,0.7258629241190178,7,22491,0.232113,0.19071321591119267,260.2395141549893,0.27762354485446156,1,44.0
2018-09-05,43,56494,598,Employed,Associate,20,12338,24,Divorced,0,Mortgage,288,0.10023708857652408,7,0,0.2646175366988315,0,Auto,0,33,6,2852,3936,545842,7983,4707.833333333333,0.6866933734451592,4,537859,0.18833799999999998,0.18648889683235767,619.8388419838275,0.1928358074097414,1,36.0
2018-09-06,35,58733,612,Employed,Associate,10,10968,36,Married,2,Own,374,0.24413365655744146,3,0,0.17386449558301104,0,Home,1,29,18,2051,446,27290,5651,4894.416666666667,0.8769953766325345,2,21639,0.189968,0.17466723162998504,393.59151352646614,0.15683003017583969,1,42.400000000000006
2018-09-07,42,67569,534,Employed,Doctorate,20,32387,48,Married,2,Other,469,0.03275914709651327,3,2,0.3564076229978301,0,Education,0,20,23,5090,1070,53941,99677,5630.75,0.8923599886062046,2,2050,0.260387,0.21903466732129528,1018.6907799905432,0.2642082813107567,1,42.400000000000006
2018-09-08,53,72732,612,Employed,Bachelor,30,21209,48,Married,0,Own,192,0.3860749636794349,2,1,0.11013572290216879,0,Debt Consolidation,0,27,9,1447,2077,46090,47599,6061.0,0.8238981465504522,9,6766,0.210209,0.18361313415140307,627.0258097197608,0.13513047512287754,1,38.400000000000006
2018-09-09,26,23636,612,Employed,Bachelor,4,11142,24,Married,4,Rent,306,0.16309946945817427,1,0,0.3692993505644375,0,Other,0,23,2,4242,309,76631,45984,1969.6666666666667,0.5726524626748661,6,30647,0.180142,0.1730232896966726,552.5056504010015,0.4358634204100532,0,56.0
2018-09-10,38,60560,579,Employed,Associate,12,10120,12,Divorced,3,Mortgage,493,0.45012102594052145,2,1,0.07130079836000638,1,Education,0,30,23,6791,928,38771,7411,5046.666666666667,0.6787471385998131,6,31360,0.18562,0.18978438427553193,932.5204358662239,0.2824677217700576,0,63.0
2018-09-11,33,24936,575,Employed,High School,10,24547,36,Single,0,Own,452,0.17467039498535936,2,0,0.6603061572719033,0,Education,0,23,10,1091,749,39542,53540,2078.0,0.7349750810944143,4,3315,0.22204700000000002,0.2042263641994304,917.5491332021654,0.6590708051983472,0,59.0
2018-09-12,18,18543,550,Employed,High School,0,13622,48,Married,0,Rent,612,0.6030144153195318,4,0,0.19720414635387706,0,Home,0,23,17,2194,2463,75361,58584,1545.25,0.5740498956947562,7,16777,0.233622,0.23541294859235085,440.65489496021837,0.6812197993594683,0,54.0
2018-09-13,54,24840,480,Employed,High School,33,41993,72,Divorced,1,Mortgage,844,0.6674431011977968,3,0,0.18046943945984986,0,Debt Consolidation,0,22,14,1055,2701,88372,21872,2070.0,0.6902739625669224,7,66500,0.316993,0.3180109636675262,1312.4803389944725,1.0417779415432236,0,52.0
2018-09-14,32,61383,544,Employed,Bachelor,11,33030,96,Married,1,Rent,375,0.24759927871146942,1,1,0.6043898933961381,0,Other,0,26,22,2859,580,67018,102259,5115.25,0.8605843950759664,3,5265,0.29603,0.2831212587823045,872.276699888368,0.24383494450679205,0,58.0
2018-09-15,36,54317,569,Employed,Associate,11,38549,60,Divorced,0,Mortgage,96,0.22595058566620835,0,0,0.2543297694964425,0,Debt Consolidation,0,23,6,393,597,6393,23667,4526.416666666667,0.7989110643032403,7,6958,0.25904900000000003,0.3052258893612671,1259.5933639688033,0.2994848825897166,0,54.0
2018-09-16,39,113161,528,Employed,Bachelor,17,25434,48,Divorced,4,Rent,153,0.193285420404792,1,2,0.19316693846975633,0,Education,1,24,9,1338,601,63504,13555,9430.083333333334,0.8622448854572695,3,49949,0.256434,0.23614363205879313,823.7820494058192,0.10358148649154593,1,44.0
2018-09-17,44,34105,512,Employed,Associate,19,18464,84,Single,1,Mortgage,468,0.04471264747556844,5,0,0.44946986523397936,0,Other,0,20,29,5893,89,78290,6452,2842.0833333333335,0.7665165269018882,3,71838,0.28746400000000005,0.26783638590004694,488.6143612036699,0.33658913163594895,0,54.0
2018-09-18,60,32784,630,Employed,Bachelor,37,55504,72,Married,5,Mortgage,272,0.23912048708633493,3,1,0.07429236863245728,0,Education,0,36,27,4893,2609,92180,11683,2732.0,0.7473132621226786,3,80497,0.255504,0.24851368593942164,1490.0629273109198,0.644971788913221,0,46.0
2018-09-19,42,74377,621,Employed,Bachelor,22,45674,84,Divorced,2,Rent,317,0.17521696790332714,1,0,0.4667048372529542,0,Debt Consolidation,0,28,22,2545,1235,29938,8761,6198.083333333333,0.9399576976014723,3,21177,0.260174,0.2851094929862393,1260.5390002596375,0.2545204566346539,0,52.0
2018-09-20,32,32633,625,Employed,Bachelor,9,20232,36,Divorced,1,Rent,485,0.3893678611908164,2,0,0.541751817769452,0,Auto,0,27,8,5698,799,49069,29944,2719.4166666666665,0.7976639027522878,5,19125,0.19273200000000001,0.15471303296600608,706.0274517849996,0.43797166737413035,0,57.0
2018-09-21,73,184773,623,Employed,High School,48,75902,84,Married,0,Other,1338,0.2538369329888114,3,0,0.21592466001582328,0,Debt Consolidation,0,25,28,19322,2520,81593,9824,15397.75,0.778830928289746,1,71769,0.28940200000000005,0.2886057915712587,2112.4153963301155,0.22408568760566416,0,45.0
2018-09-22,46,19551,600,Employed,High School,24,29176,36,Divorced,2,Rent,643,0.37535905453418744,2,0,0.1411257242604677,0,Auto,0,24,5,2348,176,47088,9093,1629.25,0.49705460833793896,5,37995,0.214176,0.24145011143407066,1146.8803147446047,1.098591569583922,0,51.0
2018-09-23,37,19043,570,Employed,High School,13,14741,72,Married,4,Mortgage,1317,0.29334133525301603,6,1,0.3466462037301094,0,Education,0,30,8,3903,1477,151463,8035,1586.9166666666667,0.8210949323315563,2,143428,0.24474100000000001,0.27303180805211585,418.16502474905644,1.0934191197284397,0,53.0
2018-09-24,30,30929,610,Self-Employed,Bachelor,3,45169,36,Single,2,Own,412,0.8647748120683262,2,1,0.2601621037942032,0,Debt Consolidation,0,30,25,3913,400,50804,64268,2577.4166666666665,0.7628644976452392,5,4352,0.22516899999999998,0.21325851950152067,1709.3114589279296,0.823037844971876,0,56.0
2018-09-25,52,37092,621,Employed,Associate,25,56481,60,Single,0,Mortgage,330,0.14256644148243455,3,0,0.16228690299719867,0,Home,0,21,16,3986,1080,98431,65276,3091.0,0.6992955965452883,7,33155,0.250981,0.26180256042924344,1697.1002094064258,0.655807249888847,0,47.0
2018-09-26,45,72819,638,Self-Employed,Master,24,34208,48,Married,4,Mortgage,734,0.19697533322945857,1,3,0.6760275565960869,0,Home,0,25,13,4967,1518,45395,52225,6068.25,0.6900363809503453,4,10421,0.21020800000000003,0.21089897763210133,1060.9292435552209,0.29579025972153766,0,57.0
2018-09-27,31,112188,597,Employed,Bachelor,6,24797,36,Married,1,Mortgage,332,0.3376507224939193,1,0,0.2759684193853865,0,Debt Consolidation,0,26,8,6463,10726,96535,16762,9349.0,0.717272776648954,4,79773,0.21129699999999998,0.23371173619665708,964.6887081843872,0.1386981183211453,1,40.0
2018-09-28,19,31483,590,Employed,High School,0,34329,60,Single,0,Mortgage,144,0.5194881847792188,4,0,0.06545071619498848,0,Home,0,25,18,12398,1893,140557,8087,2623.5833333333335,0.6517442780320909,9,132470,0.24432900000000002,0.2601018668575673,1028.033406213858,0.44673000903872867,0,48.0
2018-09-29,40,89153,451,Employed,Associate,17,31788,48,Married,0,Own,167,0.33248593032876395,2,0,0.11240498823697244,0,Auto,0,30,12,1187,2897,43186,4617,7429.416666666667,0.9853417166489156,5,38569,0.301288,0.2788962024511241,1105.8732379565834,0.17132882634884972,1,39.2
2018-09-30,41,30668,645,Employed,Bachelor,21,49054,36,Married,0,Mortgage,93,0.3008996585231956,0,1,0.30988475992187503,0,Home,0,22,11,1665,2928,172747,72397,2555.6666666666665,0.9256413901495694,6,100350,0.211554,0.18907961675491364,1795.8425316006928,0.7390801610541383,0,48.0
2018-10-01,42,60110,544,Employed,High School,18,9435,48,Married,0,Mortgage,575,0.47518269055818146,2,0,0.29731907764109167,0,Other,0,13,2,194,259,11363,6265,5009.166666666667,0.826842307185491,0,5098,0.232435,0.21028667202524615,292.3068304299387,0.17314393553750232,0,57.0
2018-10-02,39,38499,561,Employed,Master,19,36353,72,Divorced,1,Own,107,0.7046430038993265,3,2,0.33433235611361145,0,Debt Consolidation,0,20,11,3317,1409,258320,5830,3208.25,0.6050390795137558,6,252490,0.270853,0.23442814283629437,944.8006983791836,0.3278424992999871,0,51.0
2018-10-03,29,17883,599,Employed,Bachelor,5,25396,84,Married,0,Own,462,0.1660720323181939,2,1,0.21020380070242237,0,Home,1,20,25,17688,6968,127242,5907,1490.25,0.8972500928256621,5,121335,0.250896,0.2656123167454628,668.3799529079482,0.7585169957443035,0,55.0
2018-10-04,19,24059,484,Unemployed,Bachelor,0,37916,48,Divorced,1,Rent,230,0.15900698516048647,2,2,0.3144301158168044,0,Auto,0,22,8,12610,602,290179,88183,2004.9166666666667,0.6818963063584785,7,201996,0.29091599999999995,0.26033401974507936,1279.138034761903,0.752718584194806,0,55.0
2018-10-05,43,43733,563,Employed,High School,16,33662,60,Married,4,Mortgage,333,0.3515887933764003,3,0,0.4349390324245633,0,Home,0,24,10,1599,1744,175893,8828,3644.4166666666665,0.8384972444060209,3,167065,0.257162,0.26400950629666203,1015.8618109649334,0.3701173423176823,0,53.0
2018-10-06,43,61122,562,Unemployed,Associate,17,20055,36,Married,1,Rent,191,0.8291506439769157,3,2,0.2384436515802039,0,Auto,0,25,6,4214,4955,108555,10165,5093.5,0.4791297008128088,2,98390,0.22405499999999998,0.22561966286262153,771.7522562988087,0.18901585477546062,0,58.0
2018-10-07,32,48448,583,Employed,Bachelor,11,28102,72,Widowed,2,Rent,241,0.323903814853963,1,1,0.2703652666940776,0,Home,0,27,11,862,1452,56932,7209,4037.3333333333335,0.8991549158749764,5,49723,0.251602,0.27262124386495584,796.4581642516563,0.256966189956652,0,53.0
2018-10-08,48,32539,460,Employed,Master,23,45033,36,Single,0,Own,161,0.3352180456558975,2,1,0.26948380010444156,0,Auto,0,17,24,10327,999,24467,50898,2711.5833333333335,0.8703097212615528,5,2554,0.300033,0.2729984672288326,1845.7337418544969,0.740059771420571,0,53.0
2018-10-09,39,28869,517,Employed,Associate,15,11255,48,Widowed,1,Mortgage,316,0.31640351142046436,2,2,0.3084989096118283,0,Auto,0,26,4,3152,1155,14877,64614,2405.75,0.719674642646076,4,10084,0.247755,0.23807181615479994,365.73494363872055,0.283377301730737,0,59.0
2018-10-10,29,56548,485,Self-Employed,High School,3,49112,60,Single,4,Mortgage,655,0.16043341304731934,6,1,0.40594485895878213,0,Auto,0,19,1,5221,532,57503,31261,4712.333333333333,0.9372607913775803,6,26242,0.311612,0.324936061287495,1664.9765638309057,0.49232013096786564,0,62.0
2018-10-11,58,57481,644,Employed,Associate,36,36059,36,Married,3,Other,311,0.4903091725059188,5,3,0.27802753259069773,0,Other,0,16,26,4915,572,47428,33531,4790.083333333333,0.8924004739448226,6,13897,0.199059,0.18302658914313616,1309.1005490112182,0.33821970021632575,0,50.0
2018-10-12,40,41472,591,Employed,High School,19,11215,36,Married,3,Rent,325,0.193546207186167,3,1,0.12022807452073835,0,Debt Consolidation,0,25,1,1778,11889,164934,13915,3456.0,0.8969979883600326,5,151019,0.200715,0.2227510183511083,429.9036817054282,0.21843277827124657,0,50.0
2018-10-13,32,33861,541,Employed,Bachelor,10,19685,36,Divorced,0,Mortgage,417,0.28195681025640734,2,0,0.3784060537010212,0,Debt Consolidation,0,19,24,952,2248,145449,59320,2821.75,0.7206708439132655,4,86129,0.234185,0.24330795128302896,775.7218449277292,0.4226887020209903,0,53.0
2018-10-14,63,26818,657,Employed,Bachelor,41,16778,48,Single,2,Mortgage,232,0.2825008822842417,5,0,0.36349421450863084,0,Education,0,26,11,1928,227,34410,117995,2234.8333333333335,0.6733386026825279,7,10586,0.18327800000000002,0.1590590437019146,474.6850660819048,0.31621376661133777,0,50.0
2018-10-15,33,62533,590,Employed,Bachelor,11,18320,48,Divorced,2,Own,518,0.2814037129563248,3,0,0.3504884874469752,0,Other,0,18,10,3271,7061,15052,35144,5211.083333333333,0.6148375981691876,11,9138,0.21832000000000001,0.2147519086518728,571.9843402163417,0.20916655338135226,0,54.0
2018-10-16,52,56326,627,Employed,Bachelor,30,70764,60,Married,3,Own,544,0.42546516736505124,5,2,0.3206276105787931,0,Auto,0,17,17,1039,581,38798,25775,4693.833333333333,0.8223819213337878,4,13023,0.262264,0.2968581895881199,2275.8184275447607,0.6007495851034537,0,52.0
2018-10-17,33,15134,528,Employed,High School,7,20523,36,Married,1,Mortgage,435,0.25084515260598167,3,1,0.33615254878770817,0,Home,0,30,4,2033,4299,8729,10720,1261.1666666666667,0.9601238989940194,9,4437,0.24152300000000002,0.2652371919753687,832.6206843587562,1.0051174978396373,0,59.0
2018-10-18,31,24575,577,Employed,Bachelor,10,19894,48,Divorced,0,Mortgage,489,0.3632885800325612,5,1,0.28555244606808605,0,Home,1,20,2,4607,1144,11323,19296,2047.9166666666667,0.9184489444077195,4,3310,0.226394,0.2162320096457135,622.719433940893,0.5428538436333963,0,64.0
2018-10-19,35,78604,565,Employed,Associate,16,15465,72,Married,2,Mortgage,429,0.3428929242256563,1,3,0.1546449591112041,0,Debt Consolidation,0,20,28,20344,912,34512,14425,6550.333333333333,0.8768221603174408,9,20087,0.247965,0.23984472265880724,406.9986737293891,0.1276268902950571,1,40.0
2018-10-20,30,58487,510,Employed,Master,8,48424,36,Married,3,Mortgage,646,0.27837623843630815,1,1,0.3557781507516514,0,Debt Consolidation,0,18,23,6551,699,16102,91532,4873.916666666667,0.908432675125396,3,1902,0.278424,0.3068792230674336,2073.963199238152,0.5580651835597281,0,54.0
2018-10-21,41,101220,536,Employed,Bachelor,21,7481,36,Married,2,Mortgage,197,0.24743879386294107,3,1,0.20851385359159516,0,Auto,0,24,15,421,809,10770,59271,8435.0,0.6900519180483835,9,7337,0.22448099999999999,0.2415711965877627,294.1184817434337,0.058223886395190716,1,40.800000000000004
2018-10-22,47,25024,594,Employed,High School,23,16486,72,Single,1,Rent,445,0.18211252509586948,5,1,0.23530837008398692,0,Home,0,19,16,1724,210,26694,9752,2085.3333333333335,0.7106231281529869,5,16942,0.234486,0.21298979915080346,407.39723830574644,0.40875826645096536,0,53.0
2018-10-23,54,27430,594,Employed,High School,33,16369,60,Married,0,Mortgage,438,0.34415670364487005,4,3,0.4910490015252146,0,Debt Consolidation,0,28,22,2179,1377,33613,4712,2285.8333333333335,0.6840066649008074,4,28901,0.22436899999999999,0.21515683646655043,447.59805118056033,0.38742896879937017,0,58.0
2018-10-24,50,37011,593,Employed,Associate,27,11152,36,Married,3,Rent,247,0.1942377350959405,4,0,0.42004283500919076,0,Auto,0,25,26,1628,246,119802,13297,3084.25,0.8541950461064706,4,106505,0.199652,0.1955930805581097,411.9484119600434,0.2136494810602394,1,41.6
2018-10-25,20,34449,543,Employed,Bachelor,0,26758,12,Married,2,Rent,457,0.24161459282018474,4,0,0.15280025435958328,0,Home,0,22,15,1029,2377,97523,22809,2870.75,0.7395262854124425,5,74714,0.220258,0.21709133122591973,2500.6541583270937,1.0302722836635352,0,49.0
2018-10-26,20,21692,509,Employed,Associate,0,10392,84,Married,1,Other,287,0.22991050864060528,6,1,0.28428533138233214,0,Home,0,21,25,1711,687,37843,14066,1807.6666666666667,0.899062952524461,4,23777,0.28089200000000003,0.2579622537716592,268.35196265999895,0.3072203370791069,0,54.0
2018-10-27,24,35595,606,Employed,Bachelor,0,34320,60,Single,2,Own,325,0.1911812318359093,3,0,0.18404570454977048,1,Home,0,33,16,7783,1772,95088,7132,2966.25,0.8000248358204032,3,87956,0.23631999999999997,0.22981827668901528,967.1386762394392,0.435613544454931,0,57.0
2018-10-28,22,58393,420,Employed,High School,0,25605,36,Married,1,Rent,501,0.32161648394797737,5,2,0.1831323496671902,0,Debt Consolidation,0,17,9,2129,851,114087,16526,4866.083333333333,0.9484023625201146,4,97561,0.300605,0.3419183749117135,1146.5873945319674,0.3385859389718564,0,49.0
2018-10-29,27,15000,514,Unemployed,Bachelor,4,23873,24,Single,4,Rent,830,0.12683210208842274,2,0,0.2817596032904004,0,Other,0,24,22,2131,3660,77990,6969,1250.0,0.8488196072140352,5,71021,0.241873,0.26985912087298,1298.048707422523,1.7024389659380184,0,54.0
2018-10-30,41,85647,600,Unemployed,Associate,20,23116,60,Single,1,Mortgage,518,0.16303510417871403,2,1,0.17838367059495644,0,Debt Consolidation,0,33,11,7021,4272,52670,24243,7137.25,0.9279246668699024,1,28427,0.22811599999999999,0.21492600526316077,631.7879278079483,0.16109677085823648,0,48.0
2018-10-31,35,102898,646,Employed,Master,12,15452,72,Widowed,3,Rent,1282,0.2029050460725825,2,0,0.1040684545581762,0,Education,0,25,9,809,428,58956,18644,8574.833333333334,0.9311137308738353,3,40312,0.207452,0.1730362993946482,346.3703823826292,0.1899011116697268,1,37.6
2018-11-01,44,44854,578,Employed,High School,24,33157,120,Married,3,Own,462,0.10535098384357522,3,2,0.4988008889975911,0,Auto,0,33,11,15459,594,42227,33997,3737.8333333333335,0.7650759754937678,5,8230,0.299157,0.30858524516125513,895.1753498277401,0.36309145668018195,0,56.0
2018-11-02,66,21405,538,Employed,Associate,40,18629,96,Divorced,3,Rent,550,0.28319628379839984,1,1,0.2750030276060771,0,Debt Consolidation,1,21,25,1164,823,49706,49480,1783.75,0.8713507660109197,8,7256,0.284629,0.2600270049654555,462.77035065675824,0.5677759499126885,0,60.0
2018-11-03,36,34167,523,Employed,High School,12,22044,48,Single,3,Mortgage,288,0.1216112705704005,5,3,0.3566770417039626,0,Debt Consolidation,0,30,2,4548,455,355280,26533,2847.25,0.854647507440235,3,328747,0.255544,0.25980092914733505,743.0174440908221,0.3621099109986205,0,52.0
2018-11-04,38,69453,562,Employed,Associate,14,28201,48,Married,2,Own,400,0.15227038430266251,1,0,0.06579393274670135,0,Home,0,25,18,2702,947,84219,6743,5787.75,0.9078234283861348,5,77476,0.242201,0.2367767214286315,914.3863356863986,0.22709798033543235,0,47.0
2018-11-05,54,21269,583,Employed,High School,30,29061,24,Married,1,Mortgage,255,0.18167622934401254,4,0,0.2148015898474461,0,Education,0,28,18,982,366,10775,63529,1772.4166666666667,0.8511436096905537,10,3230,0.212561,0.2315675305288393,1524.283220542786,1.0038741194467737,0,53.0
2018-11-06,18,35199,489,Self-Employed,Associate,0,27675,108,Married,0,Mortgage,448,0.780557880105936,1,0,0.24200286554521924,0,Auto,0,29,21,7301,2495,70907,15480,2933.25,0.7155338937476311,6,55427,0.328175,0.31115753718985156,765.8505494225226,0.4138244436793736,0,56.0
2018-11-07,33,35923,534,Employed,Master,11,63501,120,Divorced,0,Mortgage,496,0.22254720624655508,2,1,0.38701541466299516,0,Home,0,18,2,568,752,31451,13325,2993.5833333333335,0.9544566505903391,3,18126,0.35150099999999995,0.37109839821564095,2015.9068662101645,0.8390970240381364,0,59.0
2018-11-08,30,41783,523,Employed,Master,9,16453,36,Single,1,Mortgage,440,0.1536634330144484,4,0,0.22343792831021367,0,Home,1,19,14,8252,324,32652,19439,3481.9166666666665,0.9793702615887316,9,13213,0.239953,0.21621638690532644,625.1316274893909,0.3059038252368832,0,58.0
2018-11-09,38,61568,534,Employed,High School,20,10217,108,Married,2,Mortgage,455,0.28461175936718625,2,0,0.42362244988851544,0,Education,0,20,13,13415,1411,14826,7138,5130.666666666667,0.8486652041980041,3,7688,0.288217,0.3458604,308.82556645247143,0.14887452568590268,0,56.0
2018-11-10,33,25255,579,Employed,Master,9,11526,108,Divorced,3,Mortgage,433,0.4889386335414714,4,2,0.5603551993376692,0,Debt Consolidation,0,18,5,315,649,19105,7210,2104.5833333333335,0.891979443819742,2,11895,0.267026,0.2562297735133736,274.09396496246495,0.33597812629378654,0,63.0
2018-11-11,49,47991,492,Employed,High School,25,42694,36,Single,0,Rent,341,0.32312695062864427,4,0,0.3641852694548593,0,Education,0,19,25,1079,1309,39784,81150,3999.25,0.9099182950822531,3,2404,0.281694,0.26378041159365784,1728.7771349555082,0.5175413227368902,0,55.0
2018-11-12,38,15000,605,Employed,Bachelor,15,42131,36,Married,3,Mortgage,1209,0.2353341548428033,1,1,0.42500587212495494,0,Debt Consolidation,0,24,24,2250,3109,70204,15948,1250.0,0.8405153321641007,6,54256,0.224631,0.24260860699225062,1658.6953484090607,2.294156278727249,0,53.0
2018-11-13,32,76379,562,Employed,High School,12,29003,48,Married,0,Mortgage,536,0.5801399421963206,2,0,0.2822480751240074,0,Auto,0,23,4,1147,803,125275,72122,6364.916666666667,0.6546212072844653,1,53153,0.243003,0.2390649694664638,944.0524443160893,0.23253288641895117,0,54.0
2018-11-14,32,67876,606,Employed,Associate,8,15422,108,Married,0,Mortgage,1121,0.18991622352067533,2,2,0.2129295351807786,0,Debt Consolidation,0,22,17,3474,830,140462,26110,5656.333333333333,0.9542805212493553,7,114352,0.257422,0.2954579972134132,409.30611514184756,0.2705473714081881,0,44.0
2018-11-15,48,24628,625,Employed,Bachelor,28,55294,36,Married,0,Own,322,0.3418328857846804,4,0,0.37388373382523277,0,Other,0,27,24,2224,340,97884,20159,2052.3333333333335,0.9151348974356023,7,77725,0.22779400000000002,0.19022024082132777,2027.4737397039162,1.1447817474600857,0,51.0
2018-11-16,53,104465,629,Employed,Bachelor,32,8597,108,Married,1,Own,795,0.6408432516544789,4,1,0.26276775375397277,0,Auto,0,17,27,15510,1764,53504,51750,8705.416666666666,0.7912353294740332,11,1754,0.239097,0.23265342601751238,190.64070171881767,0.11322154234074391,1,40.0
2018-11-17,45,43012,556,Employed,Bachelor,25,24609,120,Married,0,Mortgage,897,0.5105266434071887,6,0,0.3593808075882918,1,Other,0,27,23,2427,1091,79844,43499,3584.3333333333335,0.8559576730605131,4,36345,0.301609,0.3050257691959684,657.8909729242193,0.43380200118782275,0,68.0
2018-11-18,45,197809,657,Employed,Doctorate,25,10908,60,Married,1,Mortgage,312,0.5746151251267275,6,1,0.3040647884244516,0,Home,1,29,27,627,1531,84351,12564,16484.083333333332,0.8472460018919139,10,71787,0.18740800000000002,0.203975733905978,291.41359597220463,0.03660583265506855,1,40.800000000000004
2018-11-19,51,75647,588,Employed,Bachelor,25,24146,60,Divorced,0,Rent,372,0.29255527046276397,3,2,0.3265116205890127,0,Debt Consolidation,0,20,5,2595,1314,41020,2836,6303.916666666667,0.9108078419073858,2,38184,0.23514600000000002,0.2148195445292353,659.7936978483446,0.1636750218009985,0,56.0
2018-11-20,58,31840,640,Employed,High School,36,39699,36,Married,1,Rent,102,0.4215692671509316,2,1,0.14644842053822507,0,Home,1,30,11,1459,500,164753,2934,2653.3333333333335,0.7852792843756824,6,161819,0.204699,0.18813628115559006,1451.46925647318,0.5854783629924044,0,51.0
2018-11-21,34,34743,526,Employed,High School,12,40138,48,Married,1,Mortgage,610,0.08221494801628813,3,1,0.328429960546458,0,Debt Consolidation,0,26,5,5241,841,74325,210144,2895.25,0.9198713121562158,1,2404,0.272138,0.2384406215399204,1305.114666618341,0.6614678064479202,0,56.0
2018-11-22,42,45874,587,Employed,Bachelor,22,10708,48,Single,2,Rent,1263,0.3084625358753826,6,1,0.17111735197212213,0,Other,0,23,15,544,10749,130250,8901,3822.8333333333335,0.8051058803595683,4,121349,0.212208,0.20991561056426764,331.5320599396412,0.4171073967667021,0,47.0
2018-11-23,28,42133,580,Employed,High School,9,14090,96,Married,3,Rent,289,0.44938615504655327,0,2,0.29376574004041733,0,Auto,0,22,28,4457,1003,47407,78323,3511.0833333333335,0.9047231573248234,3,1354,0.25909,0.23998040855121042,331.28186419626337,0.17666395391629267,0,54.0
2018-11-24,47,99751,563,Employed,Master,25,9146,108,Married,0,Rent,255,0.2541606106174443,5,0,0.22053291695038102,0,Home,1,25,8,10534,328,116940,32957,8312.583333333334,0.8477704483312253,4,83983,0.27264599999999994,0.254792767073655,216.59047898673657,0.056732120458349675,1,44.800000000000004
2018-11-25,65,23865,633,Employed,High School,44,14845,36,Divorced,1,Mortgage,291,0.02846107534311022,3,0,0.11399499418470928,0,Other,0,17,19,1861,4305,281286,25447,1988.75,0.7556065866902427,5,255839,0.183345,0.16859560454794237,528.2277378103282,0.41193098067144096,0,42.0
2018-11-26,35,67322,530,Employed,Associate,12,28163,36,Married,2,Own,334,0.43565846690249455,7,1,0.08013518808032975,0,Education,0,20,11,1712,238,489563,47811,5610.166666666667,0.9643119056973085,4,441752,0.248163,0.26650229535296954,1144.4823324244137,0.26353625841616357,1,36.0
2018-11-27,29,62047,494,Employed,Master,6,19026,60,Divorced,3,Mortgage,217,0.12453553172783827,3,1,0.2128367950046507,0,Other,0,24,15,1410,258,74908,20364,3300.1666666666665,0.7983373055642503,5,54544,0.277026,0.2764282653918844,588.2972088214343,0.2440171331209841,0,49.0
2018-11-28,36,128819,617,Employed,Bachelor,13,12638,60,Widowed,0,Rent,223,0.22274218722129935,4,1,0.07596423300545135,0,Auto,0,14,20,4167,3030,85674,10777,10734.916666666666,0.7554257764648739,6,74897,0.20913800000000005,0.18643395636828658,325.36188308137463,0.051082081036000086,1,34.4
2018-11-29,38,31965,580,Employed,Master,14,11115,72,Married,0,Mortgage,465,0.21737698782070924,2,0,0.07737064867719988,0,Debt Consolidation,0,32,6,4159,1651,37147,44466,2663.75,0.9655874260946136,6,8882,0.23611500000000002,0.26869040506972575,312.2792561399771,0.2917988760731965,0,53.0
2018-11-30,48,97156,596,Employed,Associate,22,33221,72,Married,2,Mortgage,637,0.28544431237953793,0,3,0.19731341001280595,0,Debt Consolidation,0,30,1,2297,1944,256916,25651,8096.333333333333,0.6338929524699228,5,231265,0.250221,0.23800639327905881,870.5875333657933,0.18620620857579068,1,39.2
2018-12-01,54,39110,649,Unemployed,Bachelor,29,13701,12,Divorced,1,Own,799,0.4264697427056982,4,0,0.2747541013221149,0,Home,1,23,7,268,376,64489,28518,3259.1666666666665,0.9810912138101746,5,35971,0.154201,0.15923244320833693,1242.60588559817,0.6264196018199448,0,61.0
2018-12-02,35,127105,675,Employed,Doctorate,13,31343,60,Married,1,Other,281,0.15586478071582577,1,1,0.17673264463268548,0,Home,0,23,17,2868,2158,12775,14408,10592.083333333334,0.9223532842025769,2,6983,0.198843,0.2011745572353816,832.4475208303013,0.10512072892461835,1,32.800000000000004
2018-12-03,34,52833,566,Employed,High School,11,7101,48,Divorced,1,Mortgage,847,0.12518366178945728,5,1,0.3695134906255386,0,Education,0,30,12,2404,312,56956,2689,4402.75,0.8359872936026477,3,54267,0.219101,0.23432704667796042,229.28425291029927,0.24445727168481046,0,51.0
2018-12-04,47,71009,550,Employed,Associate,19,39355,48,Married,2,Own,573,0.07758068966505943,3,2,0.09854064119406247,0,Auto,0,23,9,15136,3475,101335,11971,5917.416666666667,0.7658176381792332,5,89364,0.259355,0.24426810473984692,1292.3489293553334,0.3152302828129392,0,48.0
2018-12-05,58,102181,554,Employed,Bachelor,31,27223,36,Married,4,Mortgage,237,0.3095321333091854,3,0,0.1785510073055818,1,Home,0,23,23,3823,1326,22886,43012,8515.083333333334,0.8813726348148033,5,1462,0.235223,0.23070096263257278,1054.7895838519723,0.151706041301452,0,61.0
2018-12-06,40,64423,591,Employed,Associate,16,13212,24,Single,4,Rent,348,0.15620405152463063,2,1,0.33191309153925375,0,Home,0,24,19,1723,4758,56162,63854,5368.583333333333,0.6477219469668449,4,8386,0.192712,0.1762290612264909,657.1924802262436,0.18723607659865146,1,42.400000000000006
2018-12-07,36,75389,531,Employed,Bachelor,13,10138,60,Widowed,3,Mortgage,349,0.20159941416366628,1,0,0.16567147015671854,0,Other,0,25,18,5708,1689,155775,21133,6282.416666666667,0.8175973037540526,3,134642,0.24963800000000003,0.28061387366393364,316.03050706422715,0.1058558421622614,1,36.800000000000004
2018-12-08,21,109356,594,Employed,Bachelor,0,59307,48,Married,0,Mortgage,437,0.23697311730221066,2,1,0.1876568196573819,0,Debt Consolidation,0,18,2,741,237,31441,12665,5314.25,0.88982010256519,3,18776,0.257307,0.22062711172591928,1870.5506836546328,0.4342194446355803,0,53.0
2018-12-09,49,38586,498,Employed,High School,26,45712,24,Single,1,Own,338,0.274901189910514,3,0,0.360776442375022,0,Debt Consolidation,0,28,6,2163,2230,40137,6340,3215.5,0.8813425009043796,3,33797,0.271712,0.25171186822387936,2443.646925275081,0.8650744597341256,0,57.0
2018-12-10,45,125641,648,Self-Employed,Bachelor,21,55204,60,Widowed,0,Mortgage,511,0.12024562617876224,4,0,0.3810157816677129,0,Other,0,21,7,7529,518,41753,34170,10470.083333333334,0.8024785097669372,7,7583,0.23620400000000003,0.22943739620723957,1554.4428830053866,0.1972709115341699,0,52.0
2018-12-11,31,23942,548,Employed,High School,9,15317,60,Widowed,2,Rent,609,0.7117940026340371,3,0,0.19468937680144524,0,Auto,0,26,2,678,564,20535,6702,1995.1666666666667,0.8510948590132661,2,13833,0.246317,0.19705360000000002,403.29980268308736,0.5073760601535815,0,58.0
2018-12-12,29,53239,544,Employed,Bachelor,9,23660,36,Single,1,Other,414,0.1851046210055286,5,1,0.1246181711824432,0,Home,0,30,9,25337,1531,26868,47186,4436.583333333333,0.8752942249961381,4,5413,0.23666,0.24396336624219228,933.1800444016573,0.30365259551869656,0,50.0
2018-12-13,53,68980,633,Unemployed,Doctorate,34,28337,60,Married,3,Own,779,0.4381224933698565,7,0,0.4222804940583682,0,Debt Consolidation,0,27,24,520,5816,10731,79309,5748.333333333333,0.8747764052687925,4,7883,0.216837,0.21105251517066903,768.2897495073199,0.26917189031730704,0,57.0
2018-12-14,30,22519,522,Employed,High School,4,33267,36,Married,2,Mortgage,486,0.379602320382909,3,0,0.058140225527146906,0,Auto,1,32,2,1680,1354,9550,24090,1876.5833333333333,0.9490569682153559,6,2334,0.257267,0.2838653756751412,1382.9988957661747,0.9959583795547803,0,62.0
2018-12-15,45,18204,585,Employed,High School,19,18866,48,Single,0,Rent,574,0.165548012155891,2,1,0.7498348298667542,0,Other,0,21,20,2901,670,171607,262823,1517.0,0.8408445985516159,5,10947,0.221366,0.22456459537404902,599.0786765459248,0.7732885145325806,0,59.0
2018-12-16,32,39956,621,Employed,High School,14,21972,60,Married,2,Own,236,0.2552907845147257,7,0,0.245675238237177,0,Auto,0,24,26,1907,249,18701,39995,3329.6666666666665,0.7392299162887425,7,5740,0.216472,0.19087649222727912,571.0259793707547,0.2423744056574496,0,50.0
2018-12-17,45,51987,647,Employed,Master,22,38172,24,Married,0,Mortgage,1165,0.017381775847853144,5,0,0.3959625070865231,0,Debt Consolidation,0,23,9,5662,4706,133049,31258,4332.25,0.7026542413933115,4,101791,0.18967199999999998,0.21549058382458902,1971.8027545290038,0.7240585733808076,0,47.0
2018-12-18,31,137094,575,Employed,High School,8,21225,36,Divorced,4,Mortgage,541,0.1318022801839499,2,2,0.526399253290611,0,Home,0,20,12,1579,667,50294,8547,11424.5,0.9418008355766154,6,41747,0.218725,0.21794150279509444,808.3338159329608,0.11810878514884335,1,44.0
2018-12-19,39,39873,602,Employed,Bachelor,14,10904,84,Single,0,Mortgage,522,0.2955160103873919,3,0,0.5216998270377747,0,Debt Consolidation,0,30,28,734,3379,98949,9921,3322.75,0.7566918440757423,5,89028,0.234904,0.22646419407516094,259.80612794334786,0.23528888057884217,1,43.2
2018-12-20,28,54995,559,Employed,High School,6,19061,60,Married,2,Own,620,0.391150767045259,1,1,0.14074146144310107,0,Auto,0,23,9,1883,224,114378,92487,4582.916666666667,0.667980157226815,6,21891,0.24456099999999997,0.26581036499632005,577.2702618914084,0.2612463522628766,0,51.0
2018-12-21,26,25517,590,Employed,High School,4,26019,36,Single,1,Mortgage,191,0.18180426433127633,1,2,0.3730619154987583,0,Education,0,23,17,2516,252,6870,55251,2126.4166666666665,0.7465483704872816,2,3010,0.216019,0.22350294252978872,998.3987029626275,0.5593441405945655,0,55.0
2018-12-22,38,32754,616,Employed,Doctorate,14,26353,24,Married,5,Rent,310,0.15954429378991905,4,0,0.21270564931808728,0,Auto,0,15,9,20118,2047,35511,44295,2729.5,0.8835489747239152,1,5300,0.19335300000000002,0.1658642870439424,1297.7211767034707,0.5890167344581319,0,50.0
2018-12-23,37,15000,593,Employed,Associate,16,19294,48,Married,1,Other,598,0.5012192122629824,4,2,0.13699305590226427,0,Debt Consolidation,0,26,10,2059,618,45814,29931,1250.0,0.7647723463184689,5,15883,0.21779400000000002,0.22356437348218436,611.6179455473183,0.9676943564378547,0,53.0
2018-12-24,32,44307,580,Self-Employed,High School,10,31063,60,Single,1,Mortgage,465,0.0825776154245746,2,1,0.378021650936979,0,Debt Consolidation,0,23,13,4367,2718,44510,6050,3692.25,0.8779359726439021,3,38460,0.24606300000000003,0.20604543558586705,833.4631966353911,0.3516726106399597,0,57.0
2018-12-25,46,58789,634,Unemployed,Master,27,20193,48,Married,3,Own,218,0.24231984114502692,2,0,0.3627344693082459,0,Home,0,29,7,2808,497,101506,4048,4899.083333333333,0.8533785446119332,11,97458,0.198193,0.22710929007001943,644.021437436146,0.17595565920892944,0,53.0
2018-12-26,48,88676,610,Employed,Master,28,34984,48,Married,4,Other,455,0.5664707559893517,5,3,0.24304177041551972,0,Education,1,21,15,1544,981,207100,13942,7389.666666666667,0.7689507804695335,3,193158,0.224984,0.22818780015481044,1117.8180513962072,0.21284018919160186,0,51.0
2018-12-27,44,15886,565,Employed,High School,18,12993,36,Married,1,Other,610,0.5306152399064438,4,1,0.1649976912782902,0,Other,0,30,21,5682,1056,628444,10648,1323.8333333333333,0.8625616587927275,4,617796,0.215493,0.2510577954100305,517.3265952496309,0.851562328024397,0,45.0
2018-12-28,43,18542,573,Self-Employed,High School,20,77560,72,Married,0,Rent,711,0.43436292363201684,4,0,0.1807862317854853,0,Debt Consolidation,0,24,26,6961,805,46157,29939,1545.1666666666667,0.6608212557176544,8,16218,0.30606,0.329122829419875,2480.8473166795457,2.065697756453163,0,56.0
2018-12-29,35,26009,588,Employed,Master,14,15877,12,Single,2,Mortgage,241,0.04110203474217022,2,1,0.14822395648878103,0,Home,0,23,28,5125,824,186247,16391,2167.4166666666665,0.9750588972411462,6,169856,0.18687700000000002,0.15929705932924096,1440.0057415039716,0.7755803336555678,0,47.0
2018-12-30,32,16798,505,Employed,Doctorate,9,27657,12,Single,1,Mortgage,283,0.1956374801489339,1,0,0.5193459731786458,0,Auto,0,20,16,2065,794,27942,7453,1399.8333333333333,0.5828089485343215,6,20489,0.240157,0.2622793561975319,2645.1455383168673,2.091781548982165,0,59.0
2018-12-31,42,82917,594,Employed,Associate,21,38654,36,Divorced,0,Rent,195,0.4625332441951272,5,1,0.2311829489975193,0,Debt Consolidation,0,18,27,470,1332,50152,2976,6909.75,0.5123928664750852,3,47176,0.226654,0.22021680202499372,1476.647349005657,0.24192587995306009,0,52.0
2019-01-01,37,50261,541,Employed,Bachelor,14,13938,72,Single,0,Mortgage,288,0.30646617293684913,2,1,0.557032499636207,0,Auto,1,22,15,1480,2018,38702,21646,4188.416666666667,0.9328526582782847,4,17056,0.258438,0.23295651438039033,361.0067983853506,0.154952778110746,0,64.0
2019-01-02,36,89688,534,Employed,Master,16,26899,72,Widowed,2,Rent,248,0.44837707353907674,1,0,0.13106197688364676,0,Debt Consolidation,0,17,28,11235,2996,16020,23147,7474.0,0.9733829487924914,6,6409,0.274899,0.2888346161011235,789.9718310251756,0.13887768678420867,0,50.0
2019-01-03,49,102229,515,Employed,Master,28,23394,48,Single,1,Mortgage,459,0.4606715663259634,6,1,0.17825995856711294,0,Education,0,23,14,1653,822,41195,90419,8519.083333333334,0.47750097495209376,4,2873,0.260894,0.3130728,860.2041293564941,0.15485282603055814,0,50.0
2019-01-04,36,98290,591,Employed,Bachelor,12,51229,72,Married,2,Mortgage,437,0.4699942738020941,2,1,0.24961514130763812,0,Auto,0,31,1,1009,1700,92386,23775,8190.833333333333,0.8937277764081958,8,68611,0.270729,0.3032643016999621,1551.9784351731623,0.24282980183210853,0,54.0
2019-01-05,43,252887,550,Employed,Bachelor,23,12236,60,Married,1,Other,236,0.21581492868860574,4,2,0.33433409532538333,0,Debt Consolidation,0,21,29,1582,880,10201,20536,21073.916666666668,0.8234948556788472,5,3834,0.242236,0.21551423201414768,334.83167122770703,0.02708711817820799,1,41.6
2019-01-06,47,99022,571,Unemployed,High School,26,25556,12,Married,3,Mortgage,283,0.2130872164525123,0,0,0.3161953791508058,0,Auto,0,26,20,2384,76,64357,110431,8251.833333333334,0.46215926733476853,5,9288,0.20505600000000002,0.18345078057185524,2347.172936502794,0.31873801011930203,1,44.800000000000004
2019-01-07,37,76006,590,Employed,Bachelor,13,13952,60,Married,3,Mortgage,320,0.40902164907928856,6,0,0.27404311826085287,0,Home,0,23,1,5203,393,68616,10039,6333.833333333333,0.9273897722148041,9,58577,0.22395199999999998,0.2024782150652222,371.5691604243797,0.10918651060564372,1,44.0
2019-01-08,47,35031,552,Employed,High School,24,22794,36,Married,2,Rent,1575,0.5529559682437527,4,0,0.1349164006766562,0,Home,0,16,7,1397,12310,145193,9725,2919.25,0.9332608144879821,5,135468,0.231794,0.2037251799681014,851.4393970699444,0.831185885782288,0,49.0
2019-01-09,58,66199,644,Employed,High School,33,15314,48,Married,2,Rent,239,0.2567745067766378,4,0,0.13913351061474108,0,Debt Consolidation,1,20,17,1919,2806,11052,80744,5516.583333333333,0.7202106572535105,4,2794,0.188314,0.19756737948051634,464.0280480920883,0.12743903347641294,0,53.0
2019-01-10,46,40567,600,Employed,Master,23,30027,48,Single,2,Own,296,0.37674415863415217,4,2,0.42315965830898444,0,Home,0,25,17,4057,286,139641,58860,3380.5833333333335,0.901576137682872,4,80781,0.225027,0.2295357627419515,961.6459632811378,0.3720203998169363,0,52.0
2019-01-11,32,28048,511,Employed,High School,7,16544,48,Divorced,2,Mortgage,525,0.308929385087607,4,1,0.6320890533953429,0,Debt Consolidation,0,20,13,6068,96,28240,6700,2337.3333333333335,0.7487776796346972,4,21540,0.256044,0.272600097229087,569.6103588471623,0.4683158979665555,0,60.0
2019-01-12,37,85050,572,Employed,Doctorate,14,8456,72,Married,0,Mortgage,254,0.039051473888094775,2,2,0.40044988071082965,0,Education,0,29,20,4893,671,62581,62826,7087.5,0.9759054318830416,9,10001,0.237456,0.21520776270195163,210.06784963036523,0.0654769452741256,1,43.2
2019-01-13,29,81040,619,Employed,Master,3,22089,96,Married,4,Rent,635,0.22521096852617675,4,0,0.02105920233186681,0,Education,0,21,23,3463,2713,111988,38222,6753.333333333333,0.7110520257335297,2,73766,0.247589,0.2628094799701535,552.8490452842983,0.17589077669560194,0,44.0
2019-01-14,37,15000,524,Employed,Associate,15,11786,24,Single,2,Mortgage,258,0.19379479798853674,2,1,0.173576467778058,0,Debt Consolidation,0,25,9,3409,5395,36957,22109,1250.0,0.7813293339017594,5,14848,0.22478599999999999,0.21982192211369556,611.3322895490963,0.6954658316392771,0,52.0
2019-01-15,44,71445,526,Employed,Bachelor,22,22666,48,Married,5,Rent,304,0.4085685069542827,5,0,0.29412543468259444,0,Home,0,30,17,1331,642,93092,4452,5953.75,0.9101556489265301,2,88640,0.254666,0.24462893661803217,744.7654770419867,0.17615208516346617,1,40.800000000000004
2019-01-16,18,168597,590,Employed,High School,0,45766,72,Single,0,Mortgage,185,0.21453648362330927,4,0,0.14740162912080482,0,Education,0,25,19,8651,2696,66336,31145,14049.75,0.8254879166458684,7,35191,0.265766,0.2379227002305609,1199.1090490623226,0.0985148525107082,1,38.400000000000006
2019-01-17,20,64455,594,Self-Employed,Associate,0,20632,12,Single,0,Mortgage,407,0.19682510603682254,6,1,0.08915904800196392,0,Debt Consolidation,0,23,27,1932,973,56011,16361,5371.25,0.40687205465549514,7,39650,0.18863200000000002,0.17594128587837982,1887.5586289179637,0.42719267003359807,0,52.0
2019-01-18,40,95604,584,Self-Employed,Master,19,10319,48,Divorced,1,Own,636,0.6476069560029601,2,1,0.285259077875259,0,Home,0,23,13,9961,747,61774,13231,7967.0,0.7448240905068756,8,48543,0.213319,0.22375488040884214,327.2183926688948,0.12090101577367827,1,44.800000000000004
2019-01-19,42,39447,548,Self-Employed,Master,15,47457,36,Single,4,Other,515,0.09531943155792673,5,1,0.1428784354867219,0,Debt Consolidation,0,21,10,1975,940,40525,11185,3287.25,0.7169329435989926,2,29340,0.258457,0.2690255196766579,1934.9620505859502,0.7452922809600578,0,53.0
2019-01-20,45,94449,558,Employed,High School,23,12265,36,Single,1,Mortgage,585,0.3698910642471449,4,0,0.6035721956898882,0,Home,0,22,26,822,267,22464,12084,7870.75,0.7180269964493446,7,10380,0.218265,0.20155735724852034,456.78517925226504,0.13236161474475305,1,45.6
2019-01-21,59,70281,599,Employed,High School,37,19300,96,Divorced,0,Mortgage,555,0.4615436003851792,1,1,0.5379710944093299,0,Home,0,27,29,2102,748,23673,67300,5856.75,0.7160205809703349,1,6076,0.2548,0.25596149702125015,474.1889355361497,0.17572697068103466,0,59.0
2019-01-22,40,17510,579,Employed,High School,15,21763,48,Single,4,Own,101,0.1665531663309911,3,0,0.6428310754834594,0,Education,0,23,15,4960,3302,29606,23925,1459.1666666666667,0.8617185919893222,6,5681,0.22726300000000002,0.22906854781256544,696.4260148383995,0.5464941278161504,0,59.0
2019-01-23,41,49055,621,Unemployed,Bachelor,21,18399,36,Divorced,2,Own,338,0.7506624370301301,3,2,0.3299050499177893,0,Auto,0,23,26,14772,1048,75054,78930,4087.9166666666665,0.7678343417140726,5,9452,0.19289900000000001,0.20610289327471767,689.5075207426042,0.25135236467049743,0,57.0
2019-01-24,33,84460,573,Employed,High School,9,36883,36,Single,3,Mortgage,762,0.11725546961530109,1,1,0.29675993236173737,0,Home,0,21,27,15730,1739,17469,80957,7038.333333333333,0.9196881806437183,3,7212,0.235383,0.21734832710893673,1403.5239448030843,0.3076756729533153,0,50.0
2019-01-25,40,33445,603,Employed,Associate,13,40350,72,Widowed,0,Rent,235,0.16344058082651428,3,2,0.6390077269397608,0,Home,0,16,27,1834,1281,23937,16644,2787.0833333333335,0.8830187261883449,6,7293,0.25385,0.276935886828121,1154.544509095468,0.49856582775140124,0,55.0
2019-01-26,27,53819,512,Employed,Bachelor,1,25914,48,Married,3,Other,337,0.08483147091417,3,2,0.3653232431708122,0,Other,0,24,1,6954,1116,38313,35126,4484.916666666667,0.4637533022491348,3,3187,0.264914,0.2854760850248597,911.2969244174715,0.278332244988009,0,57.0
2019-01-27,39,40552,451,Employed,Associate,16,12059,72,Married,1,Rent,305,0.3725116927794329,5,2,0.11247081618466134,0,Education,0,23,28,7371,590,23053,16267,3379.3333333333335,0.9009619651914631,4,6786,0.301559,0.2914070096679962,356.131125125446,0.19563951226833085,0,51.0
2019-01-28,31,32258,512,Employed,Master,8,36834,48,Single,1,Rent,215,0.4238522887829049,3,0,0.045550509962108944,0,Home,0,28,19,2519,1684,94254,20636,2688.1666666666665,0.9766137004097064,4,73618,0.275834,0.28597121518649987,1296.3603438852456,0.5622271723796561,0,50.0
2019-01-29,49,15163,588,Employed,Master,28,34793,12,Married,1,Own,394,0.1719302639947567,2,0,0.3794699423808235,0,Auto,0,24,3,4370,1407,71092,3712,1263.5833333333333,0.9593634342756574,6,67380,0.205793,0.2040520460036431,3229.7836030985754,2.8678627736716287,0,56.0
2019-01-30,33,47498,592,Employed,High School,12,41265,48,Married,0,Mortgage,562,0.04129670867867406,3,1,0.26279384220483076,0,Education,0,17,17,5744,285,141454,11623,3958.1666666666665,0.765578251433256,3,129831,0.240265,0.2570919968309925,1384.601908885754,0.49179382093201923,0,48.0
2019-01-31,49,71904,597,Employed,Associate,28,24005,96,Single,3,Mortgage,408,0.3405869490288886,2,2,0.46937957402884967,0,Home,0,27,11,1324,529,116893,13936,5992.0,0.7752822063940186,4,102957,0.260505,0.24324860771007323,569.5561356804445,0.16314354734319836,0,52.0
2019-02-01,47,104834,628,Employed,Master,24,17880,36,Married,0,Rent,717,0.11886035146355191,3,0,0.2652806485352181,0,Home,0,28,21,1624,1822,20550,56078,8736.166666666666,0.7808959977523615,6,8118,0.18888000000000002,0.18347814664991846,649.5288280255755,0.15642201896624097,1,37.6
2019-02-02,38,148747,589,Unemployed,Associate,13,22220,36,Divorced,1,Other,402,0.14253576535407272,4,3,0.2712652618043408,0,Home,0,31,4,350,3659,214411,179727,12395.583333333334,0.8194942177981461,2,34684,0.21272,0.22274279970381916,851.7479836477271,0.10114473437294684,1,44.0
2019-02-03,36,54837,636,Employed,Master,11,24664,48,Married,1,Own,1109,0.2067778897524438,2,1,0.10176585116878593,0,Auto,0,22,5,920,2057,13941,8570,4569.75,0.7253048248898023,6,5371,0.201664,0.1768443693489478,720.4443499180142,0.40033795063581473,0,49.0
2019-02-04,32,105659,639,Unemployed,Doctorate,10,11862,60,Married,1,Other,828,0.384087399238907,4,0,0.32498144058835776,0,Auto,0,25,12,5618,900,16032,24093,8804.916666666666,0.9057217537301654,6,4996,0.19736200000000004,0.17749138781469131,299.6003956230987,0.12806485720551192,1,42.400000000000006
2019-02-05,31,46217,580,Unemployed,Associate,10,23002,72,Single,2,Rent,267,0.27530296797365306,0,0,0.36266620508871145,0,Auto,0,21,25,3782,1259,31347,9006,3851.4166666666665,0.9425237717501336,1,22341,0.248002,0.26285577724422415,637.8769996584069,0.23494653473615518,0,58.0
2019-02-06,43,300000,623,Employed,Associate,20,20434,108,Married,0,Mortgage,619,0.27665325253889045,0,2,0.23943727564676942,0,Debt Consolidation,0,22,12,5286,1988,50856,11224,25000.0,0.7999810969699777,9,39632,0.253934,0.22985784961480388,449.29882390198435,0.04273195295607938,1,37.6
2019-02-07,45,53576,640,Employed,Associate,24,29519,96,Married,2,Own,775,0.2693292978457559,1,0,0.4839104541236065,0,Home,0,21,14,545,334,87001,160336,4464.666666666667,0.8759886236538992,3,10012,0.244519,0.2342908894117488,683.0692088462839,0.32657963465274387,0,53.0
2019-02-08,50,90427,603,Employed,Bachelor,25,35947,120,Single,0,Rent,290,0.40490022498587774,6,0,0.09459192080501355,0,Education,0,18,11,4429,1851,346204,28211,7535.583333333333,0.806065398056698,9,317993,0.289447,0.2500920615331626,818.0022367471404,0.14703602730341253,1,32.800000000000004
2019-02-09,52,78629,618,Employed,High School,30,33515,36,Single,1,Mortgage,643,0.6492085117296921,3,1,0.28552272057111194,1,Auto,1,30,16,1413,2398,140906,6395,6552.416666666667,0.6916760582414128,5,134511,0.20951500000000003,0.20789825553114674,1259.066114968844,0.29028467079100745,0,65.0
2019-02-10,27,56989,533,Employed,Associate,8,30472,120,Married,2,Rent,612,0.16025130362628123,5,1,0.3297252551995243,0,Auto,0,27,21,3192,13262,100031,5932,4749.083333333333,0.857827693805838,3,94099,0.31897200000000003,0.2819756007088078,763.0306961359706,0.2895360219275939,0,51.0
2019-02-11,20,73444,546,Employed,Bachelor,0,22944,96,Single,0,Other,277,0.49433104770336506,3,0,0.5268761742989939,0,Auto,1,26,19,289,966,92619,3778,6120.333333333333,0.6678521775669484,2,88841,0.284944,0.2502408622996346,554.9842351961989,0.13593773245403828,0,63.0
2019-02-12,44,51988,527,Employed,High School,24,16334,72,Married,2,Own,252,0.3516849879263172,2,2,0.42883187099057746,0,Auto,0,12,27,4624,595,61625,58881,4332.333333333333,0.7532422714222939,4,2744,0.267834,0.26676776165186344,456.9459252972355,0.16364066906914723,0,56.0
2019-02-13,52,56237,557,Employed,Associate,28,46484,60,Single,0,Mortgage,779,0.17387342251084567,4,1,0.20379677228424395,0,Debt Consolidation,0,25,28,4591,707,145122,31250,4686.416666666667,0.9215595048714318,9,113872,0.272984,0.26450801029620563,1404.1853916919001,0.4658538809023027,0,47.0
2019-02-14,34,100604,539,Employed,High School,8,35537,84,Single,1,Rent,268,0.3305276238909239,5,0,0.37738275602695226,0,Auto,0,19,1,2481,161,211806,2188,8383.666666666666,0.9087596918148313,4,209618,0.291037,0.29458254901360725,1003.1949642047482,0.15162756521069717,0,53.0
2019-02-15,42,92112,631,Employed,Bachelor,17,27045,84,Married,3,Rent,326,0.17287948886777887,3,1,0.16359587198512562,0,Other,0,24,24,10034,3362,53977,9751,7676.0,0.4747639924204541,5,44226,0.236545,0.23022451720802253,650.7358676510491,0.12724542309159056,1,36.0
2019-02-16,20,25249,575,Employed,Bachelor,0,17296,120,Single,1,Rent,293,0.061982557774102984,4,0,0.16805476167025005,0,Home,0,9,2,457,2445,8743,5701,2104.0833333333335,0.7458073452944705,5,3042,0.28479600000000005,0.27062488969458864,418.8909575344522,0.33833781497934273,0,55.0
2019-02-17,55,32139,659,Self-Employed,Bachelor,35,28115,24,Married,4,Mortgage,985,0.36393840215148027,1,2,0.15665974528556423,0,Auto,0,32,20,7069,932,8533,138111,2678.25,0.9788737332246102,4,1094,0.173615,0.20451692015551182,1437.146973863065,0.9043767287829981,0,48.0
2019-02-18,30,69101,548,Employed,Bachelor,7,19821,60,Married,0,Rent,287,0.2096409895342109,4,1,0.16629522462947685,0,Debt Consolidation,0,26,27,30237,807,117100,4744,5758.416666666667,0.9627050253353835,6,112356,0.250821,0.25005224968238265,581.8332981391832,0.1508805889592075,1,36.800000000000004
2019-02-19,31,59194,576,Employed,Associate,9,29465,36,Divorced,0,Mortgage,306,0.4517412000298085,3,0,0.2633303127637248,0,Education,0,16,12,2878,1346,21763,14225,4932.833333333333,0.8919916036942404,3,7538,0.226465,0.2371604552012714,1151.6075756527116,0.2954909434711717,0,53.0
2019-02-20,67,59153,606,Employed,High School,46,16971,60,Married,1,Rent,288,0.3636990787627224,1,0,0.31359461227615765,0,Debt Consolidation,0,31,22,4980,2143,54161,38966,4929.416666666667,0.7119360727144979,4,15195,0.21897099999999997,0.22024442058653004,468.95643184993213,0.15355902798166088,0,51.0
2019-02-21,50,35294,574,Employed,High School,25,33205,36,Single,0,Mortgage,295,0.3775022278997888,6,1,0.4097262836005614,0,Home,0,22,21,6652,2788,49418,145633,2941.1666666666665,0.8859207469813118,3,7483,0.23120500000000002,0.18496400000000002,1208.7251320987275,0.5112682491410645,0,57.0
2019-02-22,40,28474,504,Unemployed,Associate,17,16197,48,Married,0,Own,427,0.16628357340392233,5,2,0.22218808184101554,0,Home,0,22,13,1674,969,2753355,21357,2372.8333333333335,0.7994330995308747,2,2731998,0.25919699999999996,0.2662271129876083,551.8088843800408,0.4125063781892424,1,38.400000000000006
2019-02-23,32,25513,521,Employed,Associate,10,12620,24,Single,3,Mortgage,812,0.3645366143502254,2,0,0.20305039112215006,0,Home,0,34,19,5794,409,28044,38632,2126.0833333333335,0.7911928036556813,1,5228,0.22712,0.27254399999999995,687.9071839951325,0.7054790188508442,0,54.0
2019-02-24,38,17799,495,Employed,High School,17,129174,60,Married,0,Own,333,0.47662881822126757,4,1,0.5376617179117827,0,Home,0,26,15,2422,981,131392,21433,1483.25,0.8562822466124349,7,109959,0.386674,0.3790391461744505,4827.228543375948,3.479001209085419,0,57.0
2019-02-25,35,15583,571,Employed,High School,11,17693,48,Single,1,Rent,546,0.11809097469479507,4,0,0.6621205272246794,1,Debt Consolidation,0,34,6,671,153,69973,14711,1298.5833333333333,0.751524280265585,8,55262,0.227193,0.23344712695888326,570.4334617887196,0.8597318578877389,0,71.0
2019-02-26,28,40871,563,Employed,Master,3,29089,72,Divorced,3,Mortgage,257,0.03137507706544252,7,0,0.08891438984519524,0,Home,0,22,10,22220,261,22870,77784,3405.9166666666665,0.7567282990702267,3,1930,0.26258899999999996,0.29991503375631834,874.9589528901504,0.3323507483223265,0,50.0
2019-02-27,35,57557,634,Employed,Bachelor,15,53957,84,Married,0,Own,693,0.2673328387721897,1,1,0.06464288529481894,0,Education,1,23,28,1628,915,89050,4745,4796.416666666667,0.8002698842768678,9,84305,0.261957,0.27357245877181646,1448.0970775030535,0.44639513751649046,0,51.0
2019-02-28,35,91132,569,Employed,Master,12,16298,96,Married,1,Mortgage,253,0.009372874015497237,2,1,0.13912534534274684,0,Auto,0,23,21,3858,367,709816,30976,7594.333333333333,0.9575867167219165,3,678840,0.26679800000000004,0.2667167661839453,412.2020112200561,0.08759189016635949,1,32.0
2019-03-01,62,68609,599,Employed,High School,36,22991,36,Single,0,Rent,561,0.24737324203991537,4,1,0.405225069853936,0,Auto,0,29,10,867,1347,83548,29127,5717.416666666667,0.650464114779924,8,54421,0.208491,0.22649389002773304,885.7793056184562,0.2530477294148213,0,54.0
2019-03-02,44,22476,513,Employed,Bachelor,19,23569,60,Married,2,Rent,194,0.5119296528248558,3,1,0.6297530072701872,0,Auto,0,26,16,2099,1206,14685,27491,1873.0,0.8733583499689738,4,8956,0.272069,0.24582183737825966,686.0200263099096,0.4698451822263265,0,61.0
2019-03-03,55,153912,610,Employed,Bachelor,32,8649,120,Single,5,Mortgage,349,0.4402106922549848,3,1,0.14955012440668117,0,Home,0,28,17,3320,2226,11253,19729,12826.0,0.7827462998842252,1,4896,0.258649,0.24703379040960255,194.9528108927277,0.042410167697858075,1,36.800000000000004
2019-03-04,68,58411,624,Employed,High School,45,9922,12,Single,1,Own,647,0.2263510525094252,3,3,0.053286680241498664,0,Auto,0,22,12,867,1971,92678,23430,4867.583333333333,0.7244673088725525,3,69248,0.162922,0.15104335020912613,896.0315340404588,0.3170015649190308,1,36.0
2019-03-05,40,36170,516,Employed,Bachelor,21,19969,48,Married,0,Mortgage,520,0.46658129270353976,3,3,0.44582340116222136,0,Debt Consolidation,1,19,15,4270,3619,69882,42940,3014.1666666666665,0.8548890945391147,8,26942,0.256969,0.3015858153545726,720.8466635834583,0.4116715499862179,0,64.0
2019-03-06,25,45860,524,Employed,Bachelor,6,32844,60,Widowed,0,Own,247,0.17525376073431753,6,0,0.2953220653502892,0,Debt Consolidation,0,30,15,8361,1202,35536,57905,3821.6666666666665,0.6425357736192582,3,10126,0.275844,0.25530831030579676,974.2628800854677,0.3195628992809772,0,52.0
2019-03-07,49,54450,489,Employed,High School,25,10788,24,Married,3,Mortgage,444,0.43722973847642355,6,2,0.5621110396687241,0,Other,0,27,6,10045,3351,144835,28988,4537.5,0.8418404917373944,4,115847,0.24128799999999997,0.24456997772518504,572.8370113154903,0.22409631103371686,0,57.0
2019-03-08,50,55034,621,Employed,High School,29,17666,60,Single,3,Other,222,0.3628689505194189,3,1,0.5722441590728222,0,Home,0,24,10,1429,1342,38503,189451,4586.166666666667,0.6361703844710027,2,1058,0.21216600000000002,0.17786369550625375,446.5497730206953,0.14577528938925652,0,55.0
2019-03-09,51,51139,602,Employed,High School,29,21132,60,Divorced,5,Other,286,0.23604892131208768,2,0,0.5497309057513988,0,Auto,0,24,8,4847,1365,72725,6161,4261.583333333333,0.6861689971678572,2,66564,0.225132,0.2426183176300166,611.1404785955141,0.21051811226551495,0,54.0
2019-03-10,27,39132,614,Employed,Bachelor,4,16625,24,Single,3,Own,217,0.10289771457613492,2,0,0.24392125440027113,0,Home,0,18,27,1818,502,4819,15498,1703.0,0.9054775249258454,5,2995,0.18462499999999998,0.17804721108849342,828.4204019736434,0.6138698778471189,0,49.0
2019-03-11,41,86058,594,Employed,Bachelor,19,59310,36,Married,0,Mortgage,161,0.2532481512967387,1,1,0.5162339019898435,1,Auto,0,28,29,3981,735,57109,46534,7171.5,0.8026392145219631,3,10575,0.24731,0.23692489662542046,2317.3350739333728,0.3455811300192948,0,69.0
2019-03-12,22,39682,611,Unemployed,Master,0,19415,48,Married,0,Mortgage,948,0.4427495045241942,5,0,0.3083070848039282,0,Home,0,19,5,5679,425,218448,16511,3306.8333333333335,0.8910646583171091,9,201937,0.208915,0.22797946845187153,620.1320109403109,0.4742095693584933,0,54.0
2019-03-13,49,42179,507,Employed,High School,26,15283,60,Married,1,Other,606,0.40380989581500126,6,2,0.1409140291476098,0,Education,0,24,6,1495,2914,29925,13775,3514.9166666666665,0.712913737203427,6,16150,0.266783,0.3078025825803022,501.8065367854409,0.3151729164139807,0,54.0
2019-03-14,21,23380,620,Employed,Bachelor,0,19337,60,Married,0,Other,300,0.12433527563225112,2,1,0.11414955120421941,0,Debt Consolidation,0,21,21,779,1755,282168,3218,1250.0,0.9371359173850115,4,278950,0.214337,0.21207241791913883,525.3876241389156,0.6603100993111325,0,42.0
2019-03-15,48,51190,537,Employed,Associate,26,20675,24,Single,1,Mortgage,334,0.20773247018652455,3,0,0.0596409802752414,0,Debt Consolidation,0,25,15,2033,1083,297195,87563,4265.833333333333,0.8961849970221095,3,209632,0.227175,0.23138785990462982,1084.2432064598538,0.3324656862183678,0,46.0
2019-03-16,54,58683,640,Employed,Master,27,44914,48,Single,1,Mortgage,225,0.05479298496869109,3,1,0.2915088205833437,0,Education,0,21,19,2873,892,69026,65871,4890.25,0.7690763278875751,7,3155,0.21991400000000003,0.23202064082467866,1444.536687922414,0.34140109154387077,0,48.0
2019-03-17,36,80614,447,Employed,High School,14,24467,72,Married,2,Other,424,0.24043904427751375,5,1,0.16150368229531295,0,Education,0,20,28,20343,1920,98544,35835,6717.833333333333,0.6405138672416529,2,62709,0.315967,0.3370320368500592,795.4458315866577,0.1815236804902361,0,47.0
2019-03-18,73,49905,598,Employed,Bachelor,52,34356,12,Divorced,0,Rent,179,0.07562193047806007,2,1,0.12926405345676634,0,Home,0,23,28,13326,833,28474,12842,4158.75,0.8981411655529276,5,15632,0.200356,0.16857114086460526,3131.101286499777,0.7959365882776741,0,50.0
2019-03-19,61,75972,613,Employed,Associate,39,13715,60,Married,1,Mortgage,334,0.2953044393732947,6,1,0.10379980298189379,0,Home,0,26,12,1591,230,24078,5515,6331.0,0.8633253174544667,7,18563,0.212215,0.23374884757326492,389.5920402041678,0.114293482894356,0,47.0
2019-03-20,42,46059,548,Employed,High School,22,32745,108,Married,0,Mortgage,675,0.36669160591525174,3,1,0.043410058850171886,0,Debt Consolidation,0,31,4,1879,7467,19197,19655,3838.25,0.7351884024728306,4,5318,0.303745,0.26611940493835107,801.1473209090501,0.3845886330773269,0,54.0
2019-03-21,40,33679,580,Employed,Associate,16,37488,60,Single,4,Rent,869,0.37172806130976077,5,0,0.37652841478966764,0,Debt Consolidation,0,21,28,520,4104,28906,18793,2806.5833333333335,0.8611638210632884,7,10113,0.252488,0.27534347753608385,1156.711118682839,0.7217712350186783,0,55.0
2019-03-22,38,15000,545,Employed,High School,15,10211,72,Divorced,0,Rent,609,0.11223585863001528,4,0,0.194223744710901,0,Debt Consolidation,0,24,21,158,214,91060,60598,1250.0,0.8439266118275862,5,30462,0.252711,0.2520538099295028,276.34376699362696,0.7082750135949016,0,51.0
2019-03-23,33,19348,555,Employed,Bachelor,11,27106,48,Married,2,Mortgage,471,0.0942426252363563,5,0,0.14322919775731574,0,Auto,0,22,29,13106,269,209017,12596,1612.3333333333333,0.9240864109858297,3,196421,0.244606,0.24252668441151612,887.4958916746095,0.8425651591945067,0,47.0
2019-03-24,41,24003,599,Employed,High School,18,27162,60,Single,3,Mortgage,576,0.3774464919434117,3,2,0.2139461124592639,0,Education,0,25,3,3791,995,174255,37101,2000.25,0.7984098678541828,6,137154,0.23266199999999998,0.2612855964707054,815.3115861032395,0.6955688469457515,0,53.0
2019-03-25,30,52157,611,Employed,Associate,9,25404,48,Single,2,Rent,333,0.32600198461762886,0,2,0.3800774240831046,0,Debt Consolidation,0,17,28,4585,1596,13049,5979,4346.416666666667,0.845342582499148,3,7070,0.214904,0.20791995933305593,783.8131445374985,0.2569503179717004,0,51.0
2019-03-26,20,16667,557,Employed,Associate,0,31605,72,Married,3,Mortgage,695,0.13853787812494459,3,0,0.3702721742391513,0,Home,0,24,22,3656,718,129979,106483,1388.9166666666667,0.6294615943396291,4,23496,0.268105,0.2576210547905871,866.1888249537986,1.124033473297269,0,55.0
2019-03-27,41,72640,658,Employed,Master,23,11050,60,Married,1,Rent,463,0.33104310120334596,4,0,0.15703216331475692,0,Debt Consolidation,0,27,23,3242,814,340632,30936,6053.333333333333,0.7072602605732498,0,309696,0.18705,0.17399374146765648,276.99943014501423,0.1222466018962028,1,30.400000000000002
2019-03-28,41,82855,553,Employed,High School,15,12275,48,Married,5,Rent,973,0.4949681989891758,1,3,0.3238931025535152,0,Home,0,26,29,2263,610,69882,13228,6904.583333333333,0.8536166691122857,3,56654,0.230775,0.23874601614456753,399.3370469636589,0.19875740225169158,1,41.6
2019-03-29,36,43491,586,Employed,Bachelor,16,33339,120,Divorced,3,Other,449,0.5095523148979018,0,3,0.3119053679049769,0,Education,0,26,9,13241,284,129133,17427,3624.25,0.4862378934892971,9,111706,0.295339,0.3028106369064014,885.8048502277562,0.36829822728226697,0,53.0
2019-03-30,23,93552,597,Employed,Bachelor,1,24608,60,Single,3,Rent,671,0.3067389443485297,2,0,0.19609070893271793,0,Debt Consolidation,0,26,24,2559,901,223328,149969,7796.0,0.8839424623109322,9,73359,0.23110799999999998,0.21139703507163674,667.6644002833765,0.17171169834317296,1,37.6
2019-03-31,51,31628,634,Employed,Bachelor,28,24448,36,Single,0,Mortgage,489,0.22017299209222432,1,1,0.1950886846526127,0,Debt Consolidation,1,13,4,7121,5839,61312,6804,2635.6666666666665,0.806195300428715,7,54508,0.192448,0.2170183033362227,929.9132624897545,0.5383508015011084,0,55.0
2019-04-01,35,38093,608,Employed,Bachelor,14,20825,48,Married,0,Mortgage,324,0.5539434699038136,3,0,0.009750291308159152,0,Education,0,18,28,894,1422,121506,24945,3174.4166666666665,0.9770235351962274,2,96561,0.211825,0.20590376083378822,640.2812238615871,0.3037664317942679,1,37.6
2019-04-02,51,41321,584,Employed,High School,28,15210,48,Divorced,1,Rent,218,0.3257553240225792,2,0,0.13472501410287344,0,Education,0,26,18,453,181,172296,22116,3443.4166666666665,0.7503046594419785,2,150180,0.21821000000000002,0.24154139070604946,497.17090661681726,0.2076922358946252,0,47.0
2019-04-03,29,20510,571,Self-Employed,Bachelor,6,26146,84,Married,0,Mortgage,836,0.22162660674127788,2,2,0.39097345849026194,0,Home,0,23,22,1613,1371,10201,5292,1709.1666666666667,0.7003300430589828,4,4909,0.26564600000000005,0.2645161691217294,686.2564121190987,0.8906424644285317,0,59.0
2019-04-04,49,25926,639,Employed,Associate,26,20002,48,Married,2,Mortgage,402,0.11312414959719888,3,1,0.5892611442237092,0,Debt Consolidation,0,30,11,2337,852,110213,20836,2160.5,0.7894552576315907,6,89377,0.195502,0.18980280012034742,597.8540438460793,0.46278826375657456,0,54.0
2019-04-05,51,30631,579,Unemployed,High School,25,9113,60,Married,2,Mortgage,1066,0.21624929737194099,5,0,0.30692353260321886,0,Debt Consolidation,0,18,24,2466,252,482973,133797,2552.5833333333335,0.923377185698474,3,349176,0.224613,0.1973388769783754,240.09139395625888,0.511674340618168,0,52.0
2019-04-06,46,30965,565,Employed,Associate,25,35174,96,Divorced,0,Mortgage,690,0.03823596562570757,2,2,0.1279501864835392,0,Home,0,21,16,1408,79,19251,14577,2580.4166666666665,0.4369599844397945,2,4674,0.287674,0.2713275123146837,900.5835457160393,0.6164057015531236,0,50.0
2019-04-07,43,83699,633,Self-Employed,Master,21,24570,60,Single,4,Rent,191,0.1459681828861855,6,2,0.5118741911255031,0,Auto,0,26,1,1744,759,13865,20104,6974.916666666667,0.8843272412709233,6,6592,0.21307000000000004,0.22264202761449034,682.2926478274215,0.1252047428754114,0,60.0
2019-04-08,39,31046,589,Unemployed,Master,20,52529,96,Divorced,0,Rent,1100,0.06067103571010558,2,1,0.3129462260041638,0,Education,0,20,1,549,1021,23366,211274,2587.1666666666665,0.9538189231947206,4,3289,0.293029,0.2544151094535976,1285.18611605902,0.9219298264738851,0,61.0
2019-04-09,59,162160,490,Employed,Bachelor,37,20865,36,Single,3,Own,211,0.6041960497864987,4,0,0.30406214190406017,0,Debt Consolidation,0,23,25,10561,1169,182005,60180,13513.333333333334,0.9531119907397156,7,121825,0.260865,0.22585569711351622,803.1783776999071,0.07505020061913471,1,40.0
2019-04-10,23,31016,515,Employed,High School,2,17752,36,Married,1,Rent,334,0.395117653622515,3,0,0.4057199060585601,0,Auto,0,13,24,614,943,7415,95447,2584.6666666666665,0.6592454973399339,7,4277,0.245252,0.2572153239059104,712.6083953114854,0.4049297376753232,0,57.0
2019-04-11,51,47089,546,Employed,Bachelor,26,16492,60,Single,2,Mortgage,561,0.12538672923616578,2,0,0.3664686802803824,0,Home,0,20,11,1020,1093,70245,70797,3924.0833333333335,0.6977072559193543,5,3378,0.248492,0.2347770859545974,469.4548276215071,0.26259759033867963,0,54.0
2019-04-12,34,54602,589,Employed,Bachelor,12,13688,12,Married,0,Mortgage,412,0.5998813485353048,2,1,0.018270435706642302,0,Other,1,20,23,3105,2169,111917,92504,4550.166666666667,0.461133712393667,4,19413,0.18418800000000002,0.17521347200750817,1251.7997622541181,0.36565688339345476,0,57.0
2019-04-13,40,47164,618,Employed,Bachelor,15,22915,12,Single,2,Own,410,0.18414462063346732,0,2,0.13157168174170625,0,Home,0,28,23,3157,505,92169,36304,3930.3333333333335,0.9788427060380824,8,55865,0.17891500000000002,0.18444209701234346,2105.694430252928,0.6400715198675926,0,45.0
2019-04-14,41,31096,643,Employed,Master,15,19482,36,Married,2,Other,466,0.2981241442907821,2,2,0.3166151332086631,1,Home,0,24,22,18022,443,69506,63113,2591.3333333333335,0.9078147393254199,4,6393,0.182982,0.2195784,743.6015609868933,0.46678732736823764,0,64.0
2019-04-15,29,45752,548,Self-Employed,Associate,5,17803,36,Married,3,Rent,505,0.3363903476085528,5,1,0.14692371089686362,0,Auto,0,19,13,980,825,104849,27131,3812.6666666666665,0.8414902905801771,6,77718,0.228803,0.190955091853711,653.4471359704565,0.3038417037866209,1,41.6
2019-04-16,47,54126,588,Employed,High School,26,25606,72,Widowed,1,Mortgage,619,0.13447176270808914,0,2,0.37744099531085307,0,Home,0,17,14,3233,1025,70348,17995,4510.5,0.6325241057913586,7,52353,0.246606,0.23981595431533814,673.8387715708162,0.2866287044830543,0,51.0
2019-04-17,18,22290,573,Employed,Master,0,26267,96,Married,0,Other,385,0.21545959327034242,4,1,0.40466605822025536,0,Debt Consolidation,0,29,29,4483,732,28746,34704,1857.5,0.9187573442782849,7,7690,0.27476700000000004,0.27746350313595686,683.5012267310718,0.5752361920490292,0,58.0
2019-04-18,43,28077,632,Employed,Master,19,12169,60,Single,0,Mortgage,556,0.10104983959658131,5,2,0.33368833518850605,0,Education,0,27,9,1095,1488,49454,84457,2339.75,0.9511009381568305,4,6798,0.201169,0.20309341773668388,324.50220304286046,0.3763231982232548,0,53.0
2019-04-19,44,35646,603,Employed,High School,22,17732,36,Married,0,Rent,768,0.34972813863774116,7,1,0.5583013667227055,1,Education,0,25,21,10465,5252,48687,14423,2970.5,0.8074983446042074,4,34264,0.201232,0.21016909697166528,668.208254584338,0.48349040719890185,0,68.0
2019-04-20,42,66602,483,Employed,Associate,19,49751,60,Married,1,Rent,845,0.1308702436766691,5,0,0.14461108495525188,0,Other,0,24,3,132141,1144,173020,12774,5550.166666666667,0.750751143701195,4,160246,0.313251,0.3079924071804558,1634.1231144480755,0.44667543577335367,0,48.0
2019-04-21,45,49355,594,Employed,Associate,19,11376,72,Single,3,Own,796,0.2464149884558156,1,1,0.17797015476100825,0,Auto,0,36,29,743,4579,237714,1769,4112.916666666667,0.46852076146680866,4,235945,0.229376,0.18350080000000002,261.7178552522137,0.25716977536271024,1,37.6
2019-04-22,41,22908,543,Employed,Master,17,21982,12,Divorced,0,Mortgage,819,0.37733621202420553,3,1,0.12009809373204,0,Other,0,27,15,5950,3882,60099,149101,1909.0,0.6252306984744059,8,2641,0.215482,0.21581526027717116,2052.9670346461935,1.5044353245920343,0,52.0
2019-04-23,33,15059,600,Employed,Bachelor,11,47232,48,Married,0,Own,568,0.009222066677479808,4,1,0.06463413659644081,0,Home,0,26,16,1032,982,81429,26176,1254.9166666666667,0.6191669980600102,2,55253,0.242232,0.22397687642311195,1498.3112765942883,1.6465725027645566,0,46.0
2019-04-24,52,28665,631,Employed,High School,28,12202,48,Married,1,Mortgage,156,0.3826356648550839,6,1,0.5334201376910767,0,Education,0,21,27,16965,1307,18272,120329,2388.75,0.8067069500072375,4,8212,0.191702,0.1554693636218568,342.98333768507723,0.20888889071065503,1,45.6
2019-04-25,66,38293,692,Employed,Bachelor,44,9013,60,Married,2,Mortgage,207,0.1203148833880927,1,1,0.16602778726653356,0,Auto,1,34,17,12473,7284,69029,6223,3191.0833333333335,0.519281627942561,5,62806,0.16801300000000002,0.15188428302464607,215.3111318133019,0.13234099134984523,1,38.400000000000006
2019-04-26,47,66150,564,Employed,High School,26,37432,24,Single,0,Own,451,0.2141153165072226,2,0,0.15949594135417122,0,Home,0,17,24,2313,730,18376,8788,5512.5,0.7519785486144185,8,9588,0.23043199999999997,0.23585236408551585,1971.3305154684906,0.4394250368196808,0,50.0
2019-04-27,21,53137,589,Employed,High School,0,27975,24,Divorced,0,Mortgage,530,0.5311960662023223,3,0,0.22284212803903272,0,Debt Consolidation,1,24,18,2410,949,38550,10539,4428.083333333333,0.8177533996288932,5,28011,0.208475,0.1978833860972215,1420.919121132407,0.44057868252985466,0,59.0
2019-04-28,47,74849,597,Employed,Associate,24,14198,48,Married,0,Rent,613,0.14849074708874366,6,0,0.2523019031549409,0,Education,0,22,9,654,321,59405,6813,6237.416666666667,0.9236729960846435,11,52592,0.210698,0.17983441499067807,416.9434056895316,0.16512339334225412,1,40.0
2019-04-29,24,47095,612,Employed,Bachelor,3,26032,12,Married,0,Own,976,0.2441650474995327,4,0,0.33888589361362925,1,Debt Consolidation,0,22,25,4340,1946,556116,68411,3924.5833333333335,0.797941408215289,5,487705,0.185032,0.176207106431378,2381.917085749502,0.8556111058285173,0,58.0
2019-04-30,43,71518,565,Self-Employed,High School,22,14775,60,Single,3,Rent,316,0.302887633866883,4,0,0.07032781606977208,0,Debt Consolidation,0,33,15,3088,411,195490,4837,5959.833333333333,0.8523847434778777,3,190653,0.237275,0.2375926862983833,422.98470076271997,0.12399418900350458,1,39.2
2019-05-01,37,15000,458,Employed,High School,12,20839,60,Single,2,Rent,236,0.16184170737235773,4,2,0.2312021749462683,0,Debt Consolidation,0,28,23,1456,6966,14069,22742,1250.0,0.8390090862970595,1,2417,0.296839,0.3389841374843458,724.9498967114021,0.7687599173691216,0,53.0
2019-05-02,36,91237,623,Employed,Associate,13,28871,24,Single,1,Own,641,0.405335920553776,2,0,0.218199471432449,0,Auto,0,20,8,1787,400,73441,52362,7603.083333333333,0.6252567216745807,3,21079,0.19237100000000001,0.2308452,1513.2814716346033,0.2833431355657819,0,50.0
2019-05-03,40,74287,556,Employed,High School,19,37222,108,Married,4,Other,412,0.31387486242513324,0,2,0.5060714072869414,0,Debt Consolidation,0,27,21,4003,1131,154866,7291,6190.583333333333,0.27718355236922054,6,147575,0.304222,0.34312814491486165,1117.5256765676422,0.24707294841374275,0,54.0
2019-05-04,41,41712,614,Employed,Associate,19,17481,60,Single,0,Other,315,0.20510796203010906,2,0,0.19016698059630666,0,Auto,0,21,16,6423,1128,81419,13885,3476.0,0.867585150977828,6,67534,0.21548099999999998,0.24591281820401106,508.91020829572153,0.2370282532496322,0,46.0
2019-05-05,42,55769,572,Unemployed,Bachelor,19,15340,24,Single,3,Mortgage,425,0.20703765347655909,5,3,0.018202405961026114,0,Debt Consolidation,1,30,13,1626,506,25738,22494,4647.416666666667,0.6787708499130207,5,3244,0.20434,0.21214478143034815,789.8728421439339,0.26140820358491645,0,59.0
2019-05-06,53,195281,499,Employed,Bachelor,30,15175,96,Single,0,Other,601,0.13282597588644796,2,2,0.06336992878309788,0,Education,1,22,16,11526,472,17740,65080,16273.416666666666,0.9405930505309373,7,7827,0.30067499999999997,0.2851476839153084,402.8638922753112,0.061687346476634874,1,42.400000000000006
2019-05-07,44,18764,580,Employed,Associate,21,25607,48,Married,4,Own,429,0.23737105086376695,2,1,0.032260442920027936,0,Debt Consolidation,0,20,11,12386,8616,74957,6060,1563.6666666666667,0.731058210866335,5,68897,0.230607,0.24895305633160064,847.5600105026784,0.8163888363905425,0,50.0
2019-05-08,30,47778,533,Employed,High School,8,35491,72,Married,1,Mortgage,366,0.07625141120156126,1,1,0.21047629710798574,0,Auto,0,18,19,2790,1333,42157,12858,3981.5,0.9064723168387493,6,29299,0.283991,0.3294110004639846,1135.8976197628606,0.3772190430146579,0,52.0
2019-05-09,54,174206,592,Employed,High School,31,24738,12,Married,2,Rent,236,0.15304603828272842,3,1,0.07015184500319713,0,Auto,1,27,22,2369,1510,101547,7972,14517.166666666666,0.7494775306983288,9,93575,0.19373800000000002,0.17599537727513437,2263.267631080652,0.17215946392757897,1,40.800000000000004
2019-05-10,43,25916,552,Employed,Bachelor,19,68525,60,Single,3,Mortgage,377,0.2188081793810594,3,0,0.03166227949911934,0,Education,1,14,10,3483,370,11555,41444,2159.6666666666665,0.8923483863392586,9,6529,0.297525,0.29780912122558795,2207.8037974547533,1.1968531243037908,0,58.0
2019-05-11,42,42509,511,Employed,High School,22,53971,60,Married,0,Rent,630,0.3881247495187534,2,3,0.3843525604052383,0,Home,0,26,14,672,939,155627,14740,3542.4166666666665,0.6177022854179174,3,140887,0.303471,0.2816313630911148,1685.7470606290353,0.6537195588592634,0,51.0
2019-05-12,59,101299,634,Employed,Associate,37,19598,72,Married,0,Mortgage,479,0.2730214189180581,2,0,0.08488208193930882,0,Auto,0,21,2,1035,11459,23781,15091,8441.583333333334,0.49986525454245684,5,8690,0.217598,0.23435810835996623,509.26178782260905,0.11707066657984094,0,50.0
2019-05-13,24,36047,489,Unemployed,Bachelor,0,26112,48,Married,0,Own,696,0.19589430188284146,4,1,0.1841810392104015,0,Home,0,13,12,22470,1460,143864,34188,3003.9166666666665,0.8604233940989997,2,109676,0.27661199999999997,0.28754842692811305,921.3728836585752,0.5384213555608761,0,49.0
2019-05-14,40,15000,605,Employed,High School,14,13157,72,Married,2,Mortgage,396,0.4206431544935063,0,1,0.531057600055168,0,Other,0,25,15,6064,841,69182,29973,1250.0,0.9536219423241008,2,39209,0.225657,0.20184392405700774,316.5551826173979,0.5700441460939183,0,58.0
2019-05-15,33,89922,537,Self-Employed,Associate,10,33898,48,Widowed,0,Mortgage,295,0.09350101810264673,4,0,0.13204835626378447,0,Home,0,33,10,3958,1105,111449,70266,7493.5,0.9105685256617837,2,41183,0.26039799999999996,0.2715984461334032,1165.1789818440714,0.19485940906706764,0,51.0
2019-05-16,56,77686,540,Employed,Bachelor,31,24067,72,Single,4,Rent,306,0.3173129086952151,4,2,0.23795671284998027,0,Auto,0,27,2,5876,380,51727,7950,6473.833333333333,0.7146949129115829,5,43777,0.269067,0.24317564435764372,638.2554590749645,0.14585723951419272,0,56.0
2019-05-17,41,74548,617,Employed,Associate,19,29096,48,Single,3,Own,739,0.1756571691985411,2,0,0.2856834937952733,0,Home,0,19,9,3309,461,92692,23018,6212.333333333333,0.6997794217953254,5,69674,0.21559600000000004,0.23588076930096588,941.9692828115243,0.27058581576619484,0,47.0
2019-05-18,69,101490,656,Self-Employed,Bachelor,49,53613,36,Married,1,Mortgage,1005,0.6511756778072699,2,0,0.040172191723503205,0,Debt Consolidation,0,12,3,1021,1904,10530,17619,8457.5,0.9769277579533949,5,1156,0.210613,0.2287302089372969,2071.797761507297,0.3637951831519121,0,51.0
2019-05-19,31,25252,564,Employed,High School,9,28193,84,Married,1,Mortgage,584,0.26146435969738063,4,2,0.2946183877831311,0,Debt Consolidation,0,19,17,2591,1938,157245,60233,2104.3333333333335,0.8387038011704815,7,97012,0.271193,0.23756529265679704,691.3513293453705,0.6060595577437211,0,52.0
2019-05-20,38,23317,623,Employed,Bachelor,17,46325,36,Single,2,Own,281,0.19103112763629557,1,1,0.2715773130566419,0,Debt Consolidation,0,36,14,10714,3251,41651,57881,1943.0833333333333,0.5537127600727254,7,4615,0.21982500000000002,0.23818631112474015,1813.053353097892,1.0776961117285544,0,50.0
2019-05-21,51,70088,595,Employed,High School,28,16161,120,Married,0,Own,632,0.2696067787911717,2,2,0.3608672681760307,0,Auto,0,22,24,1679,3307,90431,27318,5840.666666666667,0.9604505777701994,3,63113,0.27366100000000004,0.28463984238503787,407.8135414945278,0.17802994090192803,0,52.0
2019-05-22,38,47685,481,Employed,High School,13,30901,48,Widowed,1,Mortgage,248,0.3520775934173533,3,1,0.24085543459304917,0,Auto,0,26,23,841,10409,31881,126523,3973.75,0.7422921243990656,8,7089,0.285401,0.25158991622857657,1027.3305172295372,0.3209387901175306,0,53.0
2019-05-23,26,30259,547,Employed,Associate,3,34380,36,Divorced,3,Mortgage,358,0.28805561214951053,1,1,0.07396741385867059,0,Home,0,30,10,4437,564,26775,13837,2521.5833333333335,0.9230888352311666,4,12938,0.24588,0.24543977100254616,1358.6645526924158,0.6807883483363293,0,51.0
2019-05-24,38,34831,557,Employed,High School,12,15922,84,Single,0,Rent,316,0.4787552209742693,2,0,0.3187088599328665,0,Auto,1,28,10,22516,455,43000,11194,2902.5833333333335,0.6849189312462861,6,31806,0.262422,0.25736867874675873,410.5434878996038,0.2503092605666,0,62.0
2019-05-25,54,42507,612,Employed,High School,33,33076,60,Divorced,0,Rent,525,0.2229250413113462,2,0,0.3699092533765978,0,Other,0,19,6,1027,213,9008,11182,3542.25,0.8957295353063603,9,2706,0.232076,0.260947258055201,992.1666802902607,0.42830592992879124,0,54.0
2019-05-26,37,55990,629,Employed,Doctorate,16,13744,60,Single,0,Rent,604,0.46637231350811936,4,1,0.13073623909488605,0,Auto,0,26,13,947,526,86432,37587,4665.833333333333,0.6629118604223314,7,48845,0.20424400000000004,0.22235468499720662,381.4366563040038,0.21120271254952752,0,48.0
2019-05-27,56,170458,597,Employed,Doctorate,32,39174,60,Single,1,Mortgage,406,0.3667404276155146,3,0,0.3343884986647242,0,Debt Consolidation,0,29,15,4045,4172,75169,55511,14204.833333333334,0.45191849849156007,6,19658,0.245674,0.23357065921495046,1112.3847943524383,0.10689212317538196,1,41.6
2019-05-28,39,48437,543,Employed,Bachelor,15,6123,96,Single,1,Own,805,0.18780194425331279,2,1,0.23255920747402845,0,Other,0,31,8,1552,5786,143755,15366,4036.4166666666665,0.8751781161506499,6,128389,0.269623,0.24421349992279787,145.6668431515141,0.23552247492243883,1,39.2
2019-05-29,37,150972,608,Employed,High School,12,47916,24,Single,0,Mortgage,533,0.04551953012788243,2,1,0.10522151550661442,0,Debt Consolidation,0,18,9,3005,1343,63892,129961,12581.0,0.9099694734291702,1,2567,0.21891599999999997,0.1836441819071248,2400.608775326512,0.23317771046232508,1,36.0
2019-05-30,41,52719,609,Employed,Doctorate,18,49432,24,Single,0,Own,619,0.5266848671330419,5,0,0.1808739508297433,0,Debt Consolidation,0,25,11,1352,342,128170,11104,4393.25,0.8301345821325666,5,117066,0.219932,0.21328698745684482,2548.083351253599,0.7208975931835427,0,44.0
2019-05-31,42,116444,574,Employed,Associate,22,18908,108,Married,1,Mortgage,406,0.3290744467519337,1,4,0.334590517603732,0,Debt Consolidation,0,31,22,10024,482,18023,9591,9703.666666666666,0.4439186373966158,6,8432,0.27690800000000004,0.29832395589431315,505.7140155163706,0.09395561975023572,1,42.400000000000006
2019-06-01,52,94340,643,Employed,Associate,27,23504,12,Single,1,Mortgage,398,0.4066501519729731,3,2,0.27065064325819943,0,Education,0,30,12,5723,1162,23393,54412,7861.666666666667,0.9309947002760797,1,8582,0.167004,0.15321348753856437,2124.9970410926526,0.32092393993122564,1,39.2
2019-06-02,26,20315,578,Employed,Associate,3,47491,96,Married,1,Own,298,0.21086025143594067,6,1,0.13093307032882906,1,Other,0,33,25,6743,205,252553,7742,1692.9166666666667,0.7365667646955297,2,244811,0.293491,0.272278087106374,1219.008452483482,0.8960916283436763,0,60.0
2019-06-03,36,17123,606,Unemployed,High School,18,9922,36,Married,0,Rent,368,0.21047938452473575,5,0,0.15333377606822313,0,Education,1,12,10,1733,606,24466,6076,1426.9166666666667,0.7381751585813723,8,18390,0.191922,0.16365661495705702,350.62192483433785,0.50361870571816,0,58.0
2019-06-04,44,65241,619,Employed,Bachelor,21,16935,12,Divorced,0,Mortgage,438,0.3892476389077686,1,0,0.09508170191781516,0,Debt Consolidation,0,11,17,8979,2308,280887,13697,5436.75,0.8499276789374566,2,267190,0.17243500000000003,0.16686565289097088,1542.034582554072,0.3641945247719818,1,32.800000000000004
2019-06-05,30,63341,619,Employed,Bachelor,12,18708,60,Single,4,Rent,174,0.025983981534227676,3,1,0.29923155409226676,0,Debt Consolidation,0,29,26,628,495,37960,77856,5278.416666666667,0.8375176715989949,8,9244,0.214208,0.21598822111129096,512.4364316569937,0.13004589728428545,1,38.400000000000006
2019-06-06,45,82992,502,Employed,High School,23,7375,60,Single,1,Mortgage,533,0.05401846029963292,1,2,0.07409845934978783,0,Education,0,15,23,690,192,313382,22130,6916.0,0.8527217278737683,6,291252,0.26137499999999997,0.24531905880894944,214.44679826658944,0.10807501420858726,1,33.6
2019-06-07,45,56296,535,Employed,High School,20,14906,72,Single,0,Rent,456,0.4020272717568312,0,3,0.4162037317903345,0,Debt Consolidation,0,20,1,1830,414,14486,16449,4691.333333333333,0.9364127534968052,8,1836,0.26240600000000003,0.2627100526222063,413.22874331062314,0.18528394414749677,0,61.0
2019-06-08,33,48015,646,Employed,Doctorate,13,19911,60,Married,2,Own,484,0.25186191466411423,2,1,0.36074133939556396,0,Home,0,17,16,2234,93,96015,47103,4001.25,0.8729582277579138,5,48912,0.201911,0.17273709724885988,497.774704891221,0.24536699903560663,1,41.6
2019-06-09,45,22006,623,Employed,High School,21,30157,60,Single,2,Mortgage,326,0.224185413183424,4,1,0.4724916812048717,0,Auto,0,28,20,1352,445,95777,38469,1833.8333333333333,0.8622821645984432,4,57308,0.223657,0.26838839999999997,917.95125121561,0.6783338641546542,0,53.0
2019-06-10,47,43884,564,Employed,High School,25,18040,120,Married,2,Mortgage,370,0.25638760194399773,2,0,0.12104948050415622,0,Auto,0,26,4,3891,8962,31531,9799,3657.0,0.7983828226314085,5,21732,0.29103999999999997,0.33028198534114933,516.3830591568928,0.24237983570054494,0,54.0
2019-06-11,45,33673,593,Employed,Master,24,42594,24,Single,1,Own,112,0.1955911891414571,5,2,0.5343349031235539,0,Education,0,21,8,679,3364,85326,7699,2806.0833333333335,0.8946028886717914,9,77627,0.22109399999999998,0.22246504571653808,2214.8865575882874,0.8292293140219003,0,57.0
2019-06-12,34,32581,538,Employed,High School,13,22049,120,Single,1,Mortgage,930,0.3078781255522378,2,1,0.3786471806017192,0,Education,0,20,29,1935,992,78274,22414,2715.0833333333335,0.8957383275915869,3,55860,0.308049,0.24643920000000002,496.07450524387565,0.5252415230633346,0,53.0
2019-06-13,60,155464,624,Employed,Associate,38,8633,60,Divorced,0,Mortgage,580,0.1020211147065266,2,0,0.5813219499094613,0,Debt Consolidation,0,15,22,2219,1428,19336,112892,12955.333333333334,0.4980178838359635,3,8655,0.201633,0.18218853487750425,220.25056411121287,0.06176997098578805,1,41.6
2019-06-14,28,15000,530,Unemployed,High School,4,31094,60,Married,2,Mortgage,525,0.13678691389533928,4,2,0.16931430567736494,1,Home,0,27,18,3813,632,167539,78084,1250.0,0.69485453070906,2,89455,0.271094,0.2459045213434488,905.1993990352744,1.1441595192282195,0,64.0
2019-06-15,23,44612,618,Employed,Master,5,13171,60,Single,2,Rent,756,0.25670142586088146,4,0,0.34028967628820905,0,Debt Consolidation,0,33,26,4004,551,66125,20180,3717.6666666666665,0.8809969536607998,5,45945,0.209171,0.22618877291254738,368.41832999054395,0.30245270240936356,0,52.0
2019-06-16,18,34259,536,Employed,High School,0,22368,24,Married,4,Rent,357,0.08844974061847145,5,1,0.5260163706989031,0,Debt Consolidation,1,26,16,3653,220,73736,19003,2854.9166666666665,0.651088789539919,2,54733,0.229368,0.2237787523132331,1164.5887858020126,0.532971348539775,0,62.0
2019-06-17,44,69069,654,Employed,Doctorate,19,63742,84,Widowed,0,Rent,324,0.3487705335984944,5,0,0.160020373392343,0,Debt Consolidation,0,22,18,14257,2528,58287,14585,5755.75,0.9046902927210183,3,43702,0.26174200000000003,0.29468563107966755,1799.8502202612312,0.3689962594381673,0,44.0
2019-06-18,45,44945,598,Self-Employed,Master,21,12975,60,Divorced,1,Mortgage,472,0.17272145970402794,3,2,0.3570419950599599,0,Home,0,20,13,20722,80,35936,29853,3745.4166666666665,0.889304237846582,8,6083,0.21897499999999998,0.26276999999999995,390.60817438212484,0.23031033691368336,0,57.0
2019-06-19,42,20947,605,Employed,High School,17,33581,72,Married,0,Mortgage,505,0.6854066528316886,1,1,0.06777355264286926,0,Debt Consolidation,0,23,13,10585,603,386636,7086,1745.5833333333333,0.8544843263753453,4,379550,0.246081,0.26489676146788665,935.5139520959525,0.825233562092492,0,45.0
2019-06-20,62,92173,624,Employed,Master,40,17425,84,Married,1,Mortgage,515,0.2917073467753122,4,2,0.477578964701903,0,Home,0,26,20,678,549,22343,10664,7681.083333333333,0.8523745333887542,2,11679,0.23042500000000002,0.2249149271349628,413.50138730546394,0.12088156670245699,1,41.6
2019-06-21,39,215614,548,Employed,Associate,17,32260,48,Married,4,Mortgage,372,0.22330915516460126,2,3,0.5160163726631957,0,Home,0,33,7,4716,2638,107984,65143,17967.833333333332,0.857126978659163,5,42841,0.25326,0.26791461413838047,1102.1339226141981,0.08204294281155389,1,45.6
2019-06-22,32,38748,527,Employed,High School,13,14415,36,Single,0,Mortgage,466,0.2604726437559966,3,1,0.7418115603966854,0,Home,1,14,4,3368,1181,52687,179173,3229.0,0.6909241117775482,10,4753,0.235915,0.22916661285589013,557.3746940068407,0.3169323920739674,0,68.0
2019-06-23,50,29018,571,Employed,Bachelor,25,13879,60,Married,5,Rent,320,0.1315017394700846,4,0,0.4516075803240524,0,Debt Consolidation,0,35,7,1093,12371,79501,55318,2418.1666666666665,0.6711071419358396,6,24183,0.233379,0.21844978288934275,382.10058352141033,0.2903441657680379,0,58.0
2019-06-24,49,75551,514,Employed,High School,25,37461,60,Married,0,Rent,325,0.8138521403495155,5,2,0.3781640130214583,0,Home,0,18,25,6740,192,38344,63390,6295.916666666667,0.8394211918797486,2,1152,0.285461,0.25980793815335007,1121.1740138481048,0.22970031060048518,0,57.0
2019-06-25,46,35282,627,Employed,Associate,21,35942,36,Single,0,Other,764,0.2893331718965936,3,1,0.5500319534013239,0,Debt Consolidation,0,24,11,3465,1016,46534,40116,2940.1666666666665,0.8577072758940731,5,6418,0.20744200000000002,0.20224831808924973,1339.8545106009785,0.7155562079023793,0,56.0
2019-06-26,51,94535,644,Employed,Master,32,8631,48,Married,1,Own,400,0.3007550934042598,3,0,0.2250758725175308,0,Auto,0,17,15,4386,359,54737,17288,7877.916666666667,0.7846536548420635,10,37449,0.18163100000000001,0.14801881185665222,239.34128672335444,0.08115613731083993,1,38.400000000000006
2019-06-27,56,90327,571,Employed,Master,31,31737,48,Married,1,Mortgage,269,0.11717799143992227,2,0,0.1793214240670124,1,Home,0,24,8,707,318,46927,14206,7527.25,0.7882100260316995,5,32721,0.241237,0.21037667360835405,983.4013640674385,0.16638232609086165,0,61.0
2019-06-28,18,91169,468,Employed,High School,0,32349,72,Married,1,Mortgage,366,0.4954282904719971,1,1,0.249990133532021,0,Home,0,30,20,4166,4125,198369,10426,7597.416666666667,0.6545188722600603,4,187943,0.313349,0.3496761280667026,1079.065216254978,0.190204812985332,0,48.0
2019-06-29,32,31023,607,Self-Employed,Bachelor,7,8064,60,Married,1,Own,199,0.19597457111633496,2,0,0.17519525649398643,0,Home,0,18,22,8294,7419,171170,39734,2585.25,0.9044503871366244,3,131436,0.20956399999999997,0.24514124234891788,234.39754978894237,0.16764241361142726,0,46.0
2019-06-30,25,29425,539,Employed,High School,7,17766,60,Divorced,3,Own,550,0.2515958346037747,2,2,0.3425086617366172,0,Education,0,19,26,7523,1474,213827,11556,2452.0833333333335,0.9284159588707178,6,202271,0.253266,0.2278205754518138,498.6098212224066,0.4276403688927401,0,52.0
2019-07-01,49,103171,645,Employed,Master,28,16034,60,Single,0,Rent,450,0.19719739728154623,2,1,0.5135151029149748,0,Debt Consolidation,0,26,20,1926,486,29808,75017,8597.583333333334,0.903055380322359,4,8507,0.198534,0.18883330623721023,414.9021557939707,0.10059828701406061,1,42.400000000000006
2019-07-02,39,29573,592,Employed,High School,18,15421,60,Single,0,Other,864,0.3597764987034392,1,1,0.1533186609796307,0,Home,0,29,6,3167,866,63398,12991,2464.4166666666665,0.874268299374457,1,50407,0.22442099999999998,0.21949700345777798,425.4703385173784,0.5232355209890286,0,52.0
2019-07-03,59,45112,650,Employed,High School,37,31043,60,Married,4,Rent,343,0.2876351630616137,2,1,0.23546031091681588,1,Other,0,29,1,6001,3914,32796,4496,3759.3333333333335,0.6534714901402062,7,28300,0.21104299999999998,0.17208987612520932,774.991152275232,0.29739080127910056,0,63.0
2019-07-04,52,113492,568,Unemployed,Bachelor,30,25845,36,Single,0,Own,401,0.23958643601287444,3,0,0.45261934229736556,1,Education,0,21,24,1655,207,20606,22598,9457.666666666666,0.7765486713669926,6,8444,0.226845,0.23352961073016054,1005.2135281353442,0.14868503804342273,0,70.0
2019-07-05,49,120352,572,Unemployed,Associate,25,33382,84,Married,4,Rent,241,0.5007768683676591,1,1,0.08529204596413104,0,Debt Consolidation,0,24,25,1836,6020,42483,10251,10029.333333333334,0.9122303105674988,6,32232,0.272382,0.22203785947082996,786.2108615759204,0.10242065224434195,1,41.6
2019-07-06,31,74430,529,Self-Employed,Bachelor,12,45573,120,Widowed,5,Other,218,0.1496790018409371,2,3,0.16167832922987982,0,Auto,0,21,24,4996,25730,67437,377867,6202.5,0.7918556767580679,8,1692,0.336073,0.3462346800614086,1359.6887980573094,0.2543633692958177,0,52.0
2019-07-07,25,29063,578,Unemployed,Associate,0,65566,24,Single,4,Mortgage,455,0.08575109750223488,2,2,0.17644362609488407,0,Auto,0,30,26,3527,2591,182606,29072,2421.9166666666665,0.8410820577217037,6,153534,0.251566,0.28345348030050427,3610.3676082782654,1.678574520845721,0,50.0
2019-07-08,25,25300,599,Employed,High School,5,26935,84,Married,0,Own,688,0.20944810702486735,2,2,0.2962010571915864,0,Debt Consolidation,0,22,23,186,919,26021,9794,2108.3333333333335,0.675568529109157,2,16227,0.252435,0.25304304889294754,687.0182493208354,0.652182568847827,0,54.0
2019-07-09,44,54407,609,Employed,High School,21,32015,24,Widowed,1,Mortgage,370,0.4291404415526054,3,1,0.08470233872669926,0,Home,0,23,14,1202,512,13544,37689,4533.916666666667,0.7370705122094968,5,1935,0.20251499999999997,0.20979893881361972,1644.7954631140765,0.4443829940516646,0,48.0
2019-07-10,52,58759,589,Employed,High School,31,25609,60,Divorced,0,Own,176,0.3701035933706711,4,0,0.49835096119482003,1,Debt Consolidation,1,32,25,5837,4182,18570,13063,4896.583333333333,0.7932861393291292,4,5507,0.236109,0.24125969364836616,738.5924924988208,0.1867817680693315,0,74.0
2019-07-11,63,43148,448,Unemployed,Associate,38,19297,36,Single,0,Rent,321,0.11887296469967383,2,0,0.5020883903580685,0,Home,0,21,4,1979,531,108263,21485,3595.6666666666665,0.9153453352250229,7,86778,0.280297,0.28690330723253027,805.4072897770479,0.3132679956736019,0,62.0
2019-07-12,67,38884,633,Employed,High School,40,22315,12,Married,2,Mortgage,386,0.32660821452597416,1,0,0.41481425047514964,0,Home,0,28,19,4327,116,27723,43465,3240.3333333333335,0.9539088498646904,8,1694,0.17081500000000002,0.18531604162245527,2051.4889204247966,0.75223400486312,0,54.0
2019-07-13,26,87290,517,Employed,Master,3,32680,24,Divorced,0,Mortgage,367,0.0366107580807233,5,1,0.22396583231577263,0,Auto,0,28,22,8784,723,9507,19620,4283.0,0.825987548253071,4,2357,0.24917999999999998,0.2566707280279814,1755.1381659302208,0.4954793756549663,0,50.0
2019-07-14,24,92225,622,Employed,Master,2,34225,72,Married,2,Mortgage,747,0.40255940992650024,6,1,0.24564068755421947,0,Home,0,24,11,2198,383,137570,44457,7685.416666666667,0.8628161118153916,4,93113,0.23822500000000002,0.2484984565041277,918.77398543517,0.216744785310079,0,47.0
2019-07-15,38,32017,535,Self-Employed,Master,15,55449,60,Single,2,Rent,291,0.4539862113347667,3,0,0.17232126342625254,0,Home,0,21,18,1313,435,158027,60121,2668.0833333333335,0.6430355635107624,6,97906,0.292949,0.28017713694751767,1727.0427177985634,0.7563642006928432,0,53.0
2019-07-16,61,35497,616,Employed,Associate,35,22484,48,Married,4,Mortgage,946,0.10961658000425926,6,1,0.5946459208464882,0,Debt Consolidation,1,20,20,4581,3387,74710,10618,2958.0833333333335,0.7214101583914665,5,64092,0.20948400000000003,0.19611254461073546,679.5479995647191,0.5495274528770496,0,59.0
2019-07-17,58,26628,615,Employed,Bachelor,37,22990,60,Married,4,Own,530,0.29972265610024995,5,0,0.6463948449484697,0,Debt Consolidation,0,24,20,4565,3715,17468,16978,2219.0,0.9220050979381881,4,2213,0.22049000000000002,0.18926453758657014,595.4432975991257,0.5071849020275465,0,57.0
2019-07-18,62,113575,663,Employed,Bachelor,42,51387,48,Single,4,Rent,511,0.09365972813112154,1,1,0.06854230156197028,0,Debt Consolidation,1,27,2,2343,770,48261,21857,9464.583333333334,0.9227366466782931,5,26404,0.21488700000000002,0.21935394844144798,1617.201021196111,0.22485945194235818,0,52.0
2019-07-19,35,37676,620,Employed,Bachelor,12,7396,72,Married,2,Other,405,0.40255625239006965,8,0,0.24379955655900212,1,Education,0,27,25,385,6498,60336,13624,3139.6666666666665,0.9686131712196493,4,46712,0.21239600000000003,0.23093746404062834,190.66460216623562,0.18972224296620735,0,63.0
2019-07-20,32,57325,609,Employed,High School,8,16474,60,Married,1,Rent,482,0.10627530119904571,3,0,0.22359093986131298,0,Education,0,28,8,9235,500,231639,25661,4777.083333333333,0.9171727738011292,3,205978,0.216974,0.213317315564307,448.75672200659636,0.1948378659237533,0,45.0
2019-07-21,35,77238,605,Employed,Bachelor,12,19703,60,Married,0,Mortgage,322,0.10367470940885086,2,2,0.3326714748431703,0,Auto,1,21,12,3962,1542,32037,137517,6436.5,0.5378531932857191,6,6636,0.22220299999999998,0.2097832116908569,532.7921003435749,0.13280386861548588,0,56.0
2019-07-22,45,66918,528,Unemployed,Master,23,18106,60,Married,0,Mortgage,266,0.4739237634365953,4,1,0.12891670343427916,0,Home,0,24,20,3446,1312,61959,2376,5576.5,0.622743106305021,4,59583,0.259106,0.22488779654971927,505.1127210406495,0.13827897804010572,1,41.6
2019-07-23,34,155910,564,Unemployed,Bachelor,13,26816,60,Divorced,0,Own,423,0.07201985680420384,4,2,0.1371530861879049,0,Education,0,23,27,1404,1777,103162,23260,12992.5,0.7306146433576016,5,79902,0.24981599999999998,0.22771843260934113,752.4446462708664,0.09047101375954332,1,38.400000000000006
2019-07-24,45,61033,598,Employed,Associate,21,35008,36,Divorced,1,Other,1170,0.08592789204662876,3,3,0.34231457122969694,0,Home,0,21,16,3551,407,84669,80649,5086.083333333333,0.7157761610300652,7,4020,0.221008,0.25455110641540735,1400.3523352115856,0.5053696856215331,0,53.0
2019-07-25,30,53959,612,Employed,Master,9,9696,60,Married,1,Mortgage,373,0.21081051218926247,4,1,0.175889581653739,0,Home,0,18,19,1851,1345,27283,18750,4496.583333333333,0.8663601840872875,2,8533,0.208696,0.24101135001434532,279.503668055877,0.14511099198781527,0,47.0
2019-07-26,44,50168,614,Employed,Bachelor,19,37232,48,Married,2,Rent,252,0.23022958550123823,1,0,0.2357367185066633,0,Debt Consolidation,0,20,16,2206,956,242017,25805,4180.666666666667,0.6213347236170794,1,216212,0.22523200000000002,0.2482810045218508,1230.9392411600686,0.3547135802487805,0,45.0
2019-07-27,39,20221,612,Unemployed,Master,14,17629,48,Married,2,Mortgage,348,0.4553320674354315,6,0,0.16420023177584991,0,Home,0,23,11,480,1158,90107,8115,1685.0833333333333,0.6847960728524066,5,81992,0.206629,0.21934786614576957,554.7966966151479,0.5357578932486907,0,51.0
2019-07-28,24,27198,600,Employed,High School,3,21512,12,Married,2,Mortgage,157,0.16139202928389698,4,0,0.4441605984336494,0,Education,0,22,16,1371,1100,26283,10096,2266.5,0.7404730901564037,4,16187,0.186512,0.18477149043172317,1977.1082791776532,0.9415875928425561,0,54.0
2019-07-29,41,32949,595,Employed,High School,21,21814,36,Married,1,Rent,694,0.00783140283239062,3,0,0.21361220776950623,0,Home,0,24,21,2004,647,23697,18305,2745.75,0.7191263178383002,5,5392,0.209314,0.17549631549859546,783.7087445529022,0.5381803676783765,0,52.0
2019-07-30,43,99833,510,Employed,Master,19,26941,24,Married,1,Mortgage,619,0.22752195870093178,5,0,0.18675449275895892,0,Auto,0,15,26,428,1214,281709,12183,8319.416666666666,0.9297258503651363,4,269526,0.246941,0.23671773009032449,1419.990553528757,0.24508816365675762,1,34.4
2019-07-31,29,40467,506,Self-Employed,Bachelor,8,35844,36,Married,2,Other,498,0.14616680737126125,2,1,0.14560883145701595,1,Debt Consolidation,0,19,18,4678,465,113281,73819,3372.25,0.7802177581275389,3,39462,0.26784399999999997,0.2810057840136713,1484.5848047998816,0.5879115738156666,0,65.0
2019-08-01,37,26820,636,Employed,Bachelor,19,110380,36,Divorced,3,Other,436,0.6349823332937025,2,0,0.4983966525871459,1,Debt Consolidation,0,18,18,4538,675,178916,56873,2235.0,0.909918848150056,8,122043,0.27738,0.2666434758000945,4486.434265489289,2.202431438697668,0,65.0
2019-08-02,52,15000,617,Employed,High School,26,32765,60,Divorced,1,Rent,240,0.07322887784337198,4,1,0.16222120849230717,0,Debt Consolidation,0,18,12,214,778,21060,7465,1250.0,0.8332623411296571,8,13595,0.229265,0.2700790373245894,1000.6447916588829,0.9925158333271064,0,48.0
2019-08-03,55,28193,602,Self-Employed,Master,35,34384,48,Divorced,5,Rent,463,0.18428701777572282,3,0,0.29546196829899896,0,Auto,0,31,18,1649,1063,73679,8261,2349.4166666666665,0.9316604131902189,9,65418,0.228384,0.24336716206873696,1127.3916456726274,0.6769304347913145,0,51.0
2019-08-04,37,70109,553,Employed,Associate,17,25964,120,Married,1,Other,283,0.07667715432788205,4,1,0.2280135847856958,0,Auto,0,21,13,4358,452,73964,6688,5842.416666666667,0.748069489018308,6,67276,0.30446399999999996,0.30461292389971817,693.3204366774977,0.16710900512245178,0,49.0
2019-08-05,53,41880,519,Employed,Associate,34,44300,24,Married,1,Rent,525,0.3321456090572245,1,0,0.3078909950926545,0,Other,0,25,4,2940,1429,32701,16105,3490.0,0.7382217158587725,3,16596,0.25980000000000003,0.24662503409968442,2356.863462709843,0.8257488431833362,0,58.0
2019-08-06,18,37508,518,Employed,Bachelor,0,15979,48,Single,3,Own,380,0.10448469464191365,3,1,0.20011526210004343,0,Home,0,30,9,2475,1272,93638,12046,3125.6666666666665,0.7603467390927982,4,81592,0.251979,0.2199893696651972,503.4263960595102,0.2826361510268242,0,51.0
2019-08-07,18,60631,591,Employed,Associate,0,10749,48,Married,1,Rent,226,0.4638813664677613,4,1,0.33747766457259604,0,Other,0,31,27,1355,661,101919,14270,5052.583333333333,0.9281340646140012,7,87649,0.21024900000000002,0.19708690544982332,325.4299552644213,0.10913822076451084,1,42.400000000000006
2019-08-08,52,50435,545,Employed,Master,29,20509,72,Married,3,Rent,451,0.15111381477507094,2,0,0.17272686789862385,0,Home,0,20,11,1362,168,48904,30143,4202.916666666667,0.8598349319272435,4,18761,0.263009,0.26030043790572366,565.4877814896032,0.24185294691930678,0,49.0
2019-08-09,49,39556,634,Employed,Bachelor,27,46429,84,Married,0,Own,1129,0.2223617399893593,8,3,0.4108397205288146,0,Home,0,33,16,8338,1629,67011,4400,3296.3333333333335,0.8199222915629067,6,62611,0.254429,0.23043951430508464,1117.7627665338541,0.6815945292346609,0,52.0
2019-08-10,59,35986,569,Self-Employed,High School,35,45942,60,Married,3,Own,366,0.2789501569935801,4,1,0.37833460825415544,0,Auto,0,30,27,2879,25762,132382,63995,2998.8333333333335,0.8879417051321948,4,68387,0.266442,0.22939334696155286,1293.5258357751493,0.5533904860029397,0,56.0
2019-08-11,41,40290,501,Employed,Associate,18,11479,72,Married,0,Rent,547,0.2242619438309794,8,0,0.39218162693588665,0,Education,0,28,24,15958,1967,103550,11798,3357.5,0.8486900150194325,5,91752,0.275979,0.24728559751938983,307.302656379917,0.25444606295753297,1,42.400000000000006
2019-08-12,43,255995,503,Self-Employed,High School,18,18455,60,Single,2,Mortgage,352,0.14916924164964274,6,1,0.16536523885810633,0,Home,0,16,23,1164,7009,75354,71752,21332.916666666668,0.9849960165406573,3,3602,0.271955,0.24221555811824058,533.288766366145,0.04149872144531627,1,40.0
2019-08-13,27,32554,474,Employed,Bachelor,5,41080,24,Married,3,Rent,492,0.40418231716582037,4,0,0.31089185132924346,0,Home,0,17,22,1479,853,7850,56013,2712.8333333333335,0.6381738922422806,4,6366,0.27908,0.2868470402977773,2269.1774599370724,1.017820529558422,0,56.0
2019-08-14,37,48881,584,Self-Employed,Doctorate,17,12330,36,Married,2,Other,467,0.4523002354565535,2,2,0.39929603625407073,0,Auto,0,19,8,4371,2990,79092,39948,4073.4166666666665,0.8407329398512977,3,39144,0.20533,0.18847150151863554,451.0164269090924,0.2253676709336779,1,48.0
2019-08-15,32,73069,448,Employed,Master,8,54623,36,Single,2,Own,368,0.09767562028442386,2,0,0.3643450521028008,0,Education,0,29,14,22093,1633,105516,78179,6089.083333333333,0.8865612106258457,9,27337,0.315623,0.3193567273770644,2377.1221244422823,0.45082682797502893,0,53.0
2019-08-16,47,110584,625,Self-Employed,Master,23,14250,60,Single,1,Mortgage,177,0.2134563937957937,3,0,0.4223801348381463,0,Home,1,18,3,5270,227,40524,20756,9215.333333333334,0.636142025428993,3,19768,0.20675000000000004,0.21890859275160096,392.685739136283,0.061819330731709796,1,51.2
2019-08-17,43,134876,584,Employed,Doctorate,19,17810,12,Single,0,Own,395,0.14096992076807854,4,1,0.23188911400287815,0,Education,0,23,6,1463,507,241312,60793,11239.666666666666,0.8836393528138958,3,180519,0.19081,0.18985332424765855,1641.1839871872678,0.18116053149742886,1,37.6
2019-08-18,38,26797,503,Employed,Associate,13,46844,36,Married,2,Rent,949,0.24464044664162368,4,0,0.3261901093751435,0,Debt Consolidation,0,27,7,1414,2795,6190,40384,2233.0833333333335,0.9449551510974249,6,3462,0.28034400000000004,0.2854222306384954,1951.3841342120393,1.2988248539218745,0,57.0
2019-08-19,31,55203,545,Employed,High School,6,50455,36,Single,1,Own,377,0.06351175505936985,1,1,0.420853679254831,0,Debt Consolidation,0,28,29,2319,1392,290120,13344,4600.25,0.8537278180970816,5,276776,0.262955,0.26418442101774836,2044.1266204586689,0.526303270574136,0,49.0
2019-08-20,38,29948,570,Employed,Bachelor,15,19872,84,Single,4,Mortgage,140,0.23122580082104766,1,0,0.19392759560410242,0,Home,0,24,18,30302,687,73803,14924,2495.6666666666665,0.826847176185506,4,58879,0.259872,0.22619769104959092,473.15426345328916,0.24568756382527948,0,50.0
2019-08-21,35,100949,586,Employed,Bachelor,13,30078,24,Divorced,2,Own,396,0.6324726091935673,1,3,0.5190272156690059,0,Debt Consolidation,0,27,11,4708,3906,155828,10590,8412.416666666666,0.8424689341642331,3,145238,0.212078,0.24885258164557528,1603.5775124149163,0.23769358932707602,1,44.0
2019-08-22,23,106727,561,Self-Employed,Master,4,34156,36,Single,0,Rent,294,0.34190895448468256,2,3,0.16549364918245973,1,Debt Consolidation,0,25,3,1311,1179,48916,9096,8893.916666666666,0.8744394988734304,5,39820,0.23865599999999998,0.2274313598995346,1317.6008563266353,0.18120260361407728,0,67.0
2019-08-23,34,25748,545,Employed,Master,12,18707,60,Divorced,3,Mortgage,306,0.21422000836184377,1,0,0.3721167002267065,0,Auto,0,29,24,8963,266,19641,11876,2145.6666666666665,0.7653406157349921,2,7765,0.251207,0.22409987073431958,521.0371167997919,0.3854452929003225,0,56.0
2019-08-24,35,19978,511,Self-Employed,Bachelor,12,19101,36,Divorced,2,Other,719,0.21360177221961632,0,1,0.13628814618923565,0,Debt Consolidation,0,31,11,6261,353,143315,40391,1664.8333333333333,0.7691571825791917,2,102924,0.24860100000000002,0.283088048293232,793.2759851555577,0.9083647923649361,0,51.0
2019-08-25,31,76672,512,Employed,Master,10,6469,72,Single,0,Mortgage,930,0.14099050916724004,0,0,0.10282505943272273,0,Home,0,23,19,632,1967,32123,9279,6389.333333333333,0.8072047797969848,3,22844,0.265469,0.26070708637441514,178.53076935279137,0.17349709453559967,1,39.2
2019-08-26,30,148541,637,Self-Employed,Bachelor,10,27982,36,Single,1,Mortgage,720,0.09048304051565804,3,0,0.26711196005793525,0,Home,0,31,23,786,601,26448,20247,12378.416666666666,0.6270003840009616,3,6201,0.19448200000000002,0.20299576197766922,1044.1875409668937,0.1425212600669359,1,39.2
2019-08-27,38,36876,559,Employed,High School,16,27620,84,Married,5,Mortgage,301,0.3238113167373578,5,2,0.5111579745455489,0,Home,0,23,6,2536,396,75739,137695,3073.0,0.9084226998991901,5,4487,0.27312000000000003,0.2980567250782533,786.1320120794363,0.3537689593489867,0,61.0
2019-08-28,48,42746,570,Employed,High School,28,18475,24,Married,2,Rent,336,0.3375891742844141,3,0,0.3001011847754276,0,Auto,0,29,17,2193,2188,56251,8337,3562.1666666666665,0.7321363647732732,2,47914,0.208475,0.19958106654883698,939.9218939771055,0.35818702867461905,0,55.0
2019-08-29,46,27233,531,Employed,High School,18,9797,36,Married,3,Rent,214,0.22436209479220004,1,0,0.564602420894786,0,Home,0,14,25,1154,11380,226024,42981,2269.4166666666665,0.937087829856781,4,183043,0.229297,0.21769628938643656,372.9852931643546,0.2586502962571973,0,56.0
2019-08-30,18,34026,591,Self-Employed,Associate,0,39402,48,Married,0,Rent,358,0.2764728047746453,2,2,0.03815977209457231,0,Home,0,22,11,10537,304,15207,24908,2835.5,0.8918422057874832,5,7968,0.238902,0.2866824,1388.352078073309,0.6158885833444927,0,54.0
2019-08-31,42,24789,574,Unemployed,Master,20,13777,72,Married,0,Own,180,0.18402615523068452,3,1,0.144376632803109,0,Debt Consolidation,0,26,4,9226,811,301163,49855,2065.75,0.8081334253502286,5,251308,0.24177700000000002,0.27910842133440283,396.0945299171593,0.27887911408309785,0,51.0
2019-09-01,37,32391,606,Employed,Master,13,20613,36,Married,3,Own,133,0.14352277268894914,2,1,0.1493609872284826,0,Home,1,20,15,845,269,227493,10133,2699.25,0.6796863637465074,4,217360,0.202613,0.18733879314305085,752.8199420470569,0.32817261907828355,0,49.0
2019-09-02,55,52034,623,Employed,Associate,35,9957,36,Married,0,Own,351,0.2967643790030464,3,0,0.12569604371487514,0,Debt Consolidation,0,25,22,4170,1247,70856,77852,4336.166666666667,0.6785637529648171,5,7968,0.183457,0.18756073242031304,363.7571756002834,0.16483618609377332,1,37.6
2019-09-03,48,119993,595,Employed,Master,24,20441,72,Divorced,1,Mortgage,434,0.23011694670059166,3,0,0.41828471171154885,0,Education,0,22,23,14395,1012,19451,18680,9999.416666666666,0.7594534019959778,4,6187,0.237941,0.2351736861062681,532.1737008514365,0.09662300642718524,1,44.0
2019-09-04,42,265405,542,Employed,Bachelor,20,34523,60,Divorced,1,Mortgage,249,0.1798362122575273,1,1,0.15890483498653712,0,Auto,0,15,13,1815,3074,285008,34026,22117.083333333332,0.6365243217447072,6,250982,0.268523,0.2573167611160071,1028.1578900791694,0.057745312563629296,1,32.800000000000004
2019-09-05,58,34023,575,Employed,High School,36,6776,36,Single,0,Mortgage,382,0.04074652334504459,0,2,0.1245971115118984,0,Debt Consolidation,0,26,22,4841,559,631380,94855,2835.25,0.9412362429538463,5,536525,0.204276,0.20218414297174714,252.5751612808066,0.22381629883812948,1,33.6
2019-09-06,26,52426,503,Employed,Bachelor,3,75728,60,Married,1,Mortgage,293,0.2355089778078405,1,1,0.09565411687711108,0,Debt Consolidation,0,24,2,7490,21694,745736,3791,4368.833333333333,0.905058466419778,6,741945,0.32922799999999997,0.3011802189329093,2455.5505908919336,0.6291269044119941,0,46.0
2019-09-07,59,95660,615,Employed,High School,40,18849,60,Single,2,Other,186,0.32253501582093896,4,1,0.7485287184623295,0,Debt Consolidation,1,21,15,2138,1118,201842,9065,7971.666666666667,0.8322478023472131,6,192777,0.216349,0.19609389290991006,495.2953850949185,0.08546461029833809,1,44.800000000000004
2019-09-08,33,35244,482,Employed,High School,11,14119,72,Married,0,Own,301,0.3374777583687109,5,4,0.2882673289285668,0,Auto,0,27,10,3276,5894,334628,15167,2937.0,0.9290685355413512,4,319461,0.288119,0.2576270163466946,386.96043562205,0.23423916772967313,1,37.6
2019-09-09,47,115635,490,Unemployed,High School,25,30348,36,Widowed,2,Own,408,0.35391886794655575,2,3,0.3208756161490284,0,Education,0,21,15,1529,916,17414,94338,9636.25,0.4832808706144088,4,6146,0.27034800000000003,0.2593576529945009,1221.7015512105138,0.16912196665824505,0,56.0
2019-09-10,27,55835,562,Employed,High School,0,19046,84,Divorced,2,Mortgage,318,0.351177646946501,4,1,0.39574196924830635,0,Auto,0,26,12,3878,2329,34189,23968,4652.916666666667,0.6015050770860935,8,10221,0.263046,0.25415273178805764,487.1539170827235,0.17304284060164202,0,54.0
2019-09-11,37,26785,574,Employed,Associate,15,13727,12,Single,2,Mortgage,806,0.19207461638617465,5,0,0.38608476024798316,0,Auto,0,28,22,2477,805,84915,36144,2232.0833333333335,0.7350759825356737,9,48771,0.191727,0.18616029791138886,1262.5192020310305,0.9267213150783037,0,55.0
2019-09-12,47,22343,614,Employed,Associate,28,13870,72,Married,2,Mortgage,583,0.5314631966904102,5,0,0.15219785651322804,0,Debt Consolidation,0,24,3,1518,948,15800,8132,1861.9166666666667,0.9350036650595771,4,7668,0.22186999999999998,0.20319483195183824,334.79927484925844,0.4929325201714676,0,53.0
2019-09-13,30,45167,584,Employed,High School,7,30617,96,Single,0,Rent,519,0.2101206528020441,3,0,0.10663313145448358,0,Debt Consolidation,0,26,1,9164,2486,11650,3331,3763.9166666666665,0.7750947326671941,7,8319,0.273617,0.21889360000000002,678.0534180901149,0.31803398536722344,0,55.0
2019-09-14,28,46597,568,Employed,Associate,5,26604,48,Single,0,Mortgage,545,0.21797092377327495,3,0,0.6299398385386479,0,Home,0,25,14,6458,3107,9565,30327,3883.0833333333335,0.8261525792417853,5,7387,0.23760399999999998,0.20957438950449758,823.2024500462785,0.35234949461457477,0,59.0
2019-09-15,46,31826,611,Employed,High School,21,13780,48,Single,0,Rent,367,0.06580177053465273,4,2,0.1905345240989376,0,Debt Consolidation,0,13,23,5118,1679,74025,19026,2652.1666666666665,0.6720084980484641,3,54999,0.20328,0.20596142173492576,423.71965699917183,0.2981410131336034,0,45.0
2019-09-16,24,139672,541,Employed,Bachelor,1,19022,48,Single,0,Rent,498,0.3425269348520645,0,1,0.13486365756514207,0,Education,0,30,8,4602,478,24877,5353,11639.333333333334,0.90486692715219,5,19524,0.24352200000000002,0.258049201858232,639.2846378605252,0.09771046204197192,1,39.2
2019-09-17,28,26324,574,Employed,Bachelor,6,83319,120,Married,1,Other,464,0.13012072809862466,2,2,0.09299068653038249,0,Home,0,23,20,2473,1460,39685,10434,2193.6666666666665,0.8369625395863016,6,29251,0.35131900000000005,0.35843136111371915,2563.6696270987513,1.3801867316967413,0,51.0
2019-09-18,20,15000,540,Self-Employed,High School,0,20585,84,Married,0,Mortgage,238,0.26580730233275907,2,0,0.2839947116663437,1,Other,0,28,21,3396,934,21611,7461,1250.0,0.6379604582443149,5,14150,0.27558499999999997,0.2906234699375103,575.663457110359,0.6509307656882872,0,69.0
2019-09-19,39,46291,624,Employed,Bachelor,17,18336,72,Single,3,Mortgage,254,0.04655400383288739,3,1,0.45142915820535917,0,Home,0,26,10,16108,1133,37288,33961,3857.5833333333335,0.6584327445493293,4,3327,0.221336,0.17983223582206803,418.02977900223516,0.17421004834691023,1,42.400000000000006
2019-09-20,44,73762,622,Employed,Bachelor,22,44048,60,Married,1,Rent,237,0.09671159200160741,1,0,0.5099584983652659,1,Education,0,25,12,1144,3974,8574,47339,6146.833333333333,0.8284119333648559,5,8933,0.23804800000000004,0.20458547105522595,1178.2695177228024,0.23024367848856633,0,66.0
2019-09-21,20,40072,529,Employed,Master,0,15471,72,Widowed,2,Own,662,0.4119628560642098,1,0,0.3855961769044386,0,Education,0,19,21,24432,451,146834,28846,3339.3333333333335,0.9725964417115426,3,117988,0.265971,0.23260908603890293,400.38917536113615,0.3181440932405079,0,52.0
2019-09-22,53,18240,593,Employed,High School,32,11341,60,Divorced,1,Mortgage,524,0.283569509748056,4,0,0.596147380795304,0,Other,1,24,6,2774,476,18469,20189,1520.0,0.7830598614117912,4,4196,0.219841,0.23514405193493312,323.06880551316823,0.5572821088902422,0,68.0
2019-09-23,36,31347,572,Employed,Associate,12,12078,108,Married,2,Rent,276,0.02550455990428286,2,1,0.11223777795493431,0,Home,0,29,29,3075,1519,109959,140886,2612.25,0.6973490763408124,3,5998,0.27107800000000004,0.26554756194162094,295.0221231376683,0.2185939795722723,0,50.0
2019-09-24,38,63340,534,Employed,High School,17,41057,36,Single,1,Rent,561,0.17581493554953895,5,1,0.47027501601250404,0,Other,0,26,24,1555,3967,107623,34385,5278.333333333333,0.6494892917448356,4,73238,0.259057,0.2955885145887464,1733.0287943555636,0.43461233868435056,0,53.0
2019-09-25,48,88518,573,Employed,Associate,26,23887,48,Married,2,Mortgage,653,0.15064049285278,5,0,0.23702642263559134,0,Home,0,22,17,1237,2102,15038,109619,7376.5,0.5918169217111224,9,4643,0.232387,0.2642046553662199,811.0661564772286,0.19847707672706955,0,50.0
2019-09-26,50,53042,620,Employed,Master,25,25011,96,Married,2,Mortgage,918,0.4672005236170135,4,0,0.2445400429301027,0,Debt Consolidation,0,21,8,2916,1253,32424,7962,4420.166666666667,0.638949956746273,4,24462,0.25001100000000004,0.25192668208518054,607.7821224160767,0.34518655912282564,0,51.0
2019-09-27,43,27143,477,Employed,High School,22,47715,36,Married,1,Mortgage,445,0.1070475611150225,3,2,0.18753651655026504,0,Education,0,19,21,2193,978,40331,10178,2261.9166666666665,0.7772077258274883,7,30153,0.294215,0.2887974216044886,1996.4110006693204,1.0793549721118465,0,51.0
2019-09-28,22,62896,587,Employed,Master,0,15862,24,Divorced,0,Mortgage,216,0.010308094237659647,7,1,0.42814568773300526,0,Debt Consolidation,0,20,13,696,753,38038,22739,5241.333333333333,0.7580018764580497,4,15299,0.197362,0.19694106885473622,804.9408709438815,0.19478648008341673,1,44.0
2019-09-29,35,25131,626,Employed,Doctorate,14,16031,48,Married,0,Mortgage,567,0.22969790302712859,2,2,0.39798176774608124,0,Debt Consolidation,0,23,21,4843,1726,17575,16724,2094.25,0.7102163986174177,7,1866,0.198031,0.22212197333533912,506.92252632261466,0.5127957628375861,0,53.0
2019-09-30,46,86644,636,Employed,Associate,24,16427,24,Divorced,2,Rent,458,0.15288025514707876,5,2,0.35195888800414976,0,Other,0,29,21,7649,810,21103,26585,7220.333333333333,0.8909683500280559,6,10542,0.173427,0.18491396377417874,824.008822815877,0.1775553514818167,1,39.2
2019-10-01,26,54086,598,Employed,Bachelor,4,33274,48,Divorced,1,Mortgage,185,0.20327208569617158,2,1,0.14073093846623558,0,Home,0,23,12,1413,454,180041,8808,4507.166666666667,0.8567684395255996,6,171233,0.229274,0.24067507779958927,1086.0356581993553,0.2820032521982077,0,46.0
2019-10-02,54,28658,525,Employed,High School,31,19156,72,Married,0,Mortgage,716,0.23161917212808736,2,0,0.12897712688648738,0,Education,1,26,10,3444,1073,249816,21327,2388.1666666666665,0.8491192913841493,4,228489,0.271656,0.2815068331666605,553.6503849908163,0.5316422855708631,0,54.0
2019-10-03,26,30918,524,Self-Employed,Bachelor,3,16279,84,Married,2,Mortgage,392,0.35830464460669675,5,0,0.19536175390502467,0,Auto,0,22,3,379,1759,78686,9426,2576.5,0.686391059522812,7,69260,0.279279,0.29401288449474217,458.9291970184887,0.33026555288899234,0,55.0
2019-10-04,30,51104,590,Employed,Master,11,18903,60,Divorced,3,Rent,265,0.14324124124474497,2,0,0.22586839324337543,0,Education,1,18,9,8930,1401,28658,7323,4258.666666666667,0.6305189313446609,3,21335,0.22890300000000002,0.22899166023111867,531.7899373706324,0.1870984511671804,0,58.0
2019-10-05,24,72770,566,Self-Employed,Associate,4,22703,36,Married,4,Mortgage,150,0.18441939581770997,3,2,0.07972547466495279,0,Debt Consolidation,0,19,16,1549,2272,135296,3643,6064.166666666667,0.8963344376129172,8,131653,0.22470299999999999,0.2507778595531312,903.6015917339355,0.1737421891000031,0,48.0
2019-10-06,35,80513,541,Employed,High School,13,13794,36,Single,1,Other,740,0.28014231722911587,1,0,0.39962517192447694,0,Debt Consolidation,1,21,14,4456,1189,334058,32979,6709.416666666667,0.6913899543239233,8,301079,0.228294,0.2266336769338999,531.5447103241331,0.18951643242569022,1,42.400000000000006
2019-10-07,59,155483,591,Employed,Master,36,17949,60,Married,2,Own,296,0.21311579643043257,3,1,0.28617303643106684,0,Auto,0,19,16,847,3370,100665,58853,12956.916666666666,0.7708093647182367,5,41812,0.227449,0.18195920000000002,457.7017943024159,0.05816984192245449,1,40.0
2019-10-08,57,43647,664,Employed,Master,36,15712,48,Divorced,2,Rent,163,0.32147408563902335,4,1,0.31061252158962266,0,Education,0,15,16,1365,141,200994,9256,3637.25,0.7200513672196723,5,191738,0.178712,0.15844361929406622,444.03107733469415,0.16689286613092147,1,36.0
2019-10-09,51,44900,488,Employed,Associate,26,24475,36,Single,0,Mortgage,433,0.35803942565616925,8,0,0.27869560101037966,1,Home,0,28,2,2137,569,536657,5339,3741.6666666666665,0.7551302346960143,10,531318,0.265475,0.30753633434114325,1049.130866657171,0.39611515367229516,0,61.0
2019-10-10,40,35157,517,Employed,Associate,18,11625,60,Widowed,1,Mortgage,338,0.10795164124230604,2,0,0.03899396836389785,0,Home,0,29,26,4409,998,101563,5988,2929.75,0.7744465322925207,4,95575,0.258125,0.3076222827942742,381.56907389239694,0.24560767092495844,0,48.0
2019-10-11,41,100606,585,Unemployed,Master,18,16445,84,Married,1,Mortgage,392,0.16264958155023895,3,1,0.37672515065009116,0,Education,0,32,11,792,1823,60564,47502,8383.833333333334,0.7255821706565672,8,13062,0.24894500000000003,0.298734,468.81234238522956,0.10267526895635205,0,55.0
2019-10-12,52,78176,663,Employed,Associate,31,14323,48,Married,2,Other,810,0.23551323723920212,1,3,0.810646757121979,0,Home,0,21,6,2250,3661,61537,8187,6514.666666666667,0.6200603514609937,3,53350,0.177823,0.18716912358974117,426.12274140949785,0.18974458781357417,0,52.0
2019-10-13,21,39267,612,Employed,High School,0,49672,24,Divorced,2,Rent,149,0.2329301469317357,2,1,0.08475663021371115,0,Auto,0,15,4,26648,490,38552,19360,3272.25,0.8954427578493032,7,19192,0.21867199999999998,0.23815187438544735,2621.6335550955255,0.8467059531195739,0,51.0
2019-10-14,60,59174,599,Self-Employed,High School,36,22438,84,Married,1,Mortgage,400,0.18551917793762376,2,1,0.048986657658828384,0,Debt Consolidation,0,29,24,1415,2839,134775,23787,4931.166666666667,0.8825395438509482,7,110988,0.247938,0.24194455654801653,556.4375430347133,0.19395765904648254,0,48.0
2019-10-15,29,81114,591,Employed,High School,8,14294,48,Widowed,2,Mortgage,999,0.33346449105297066,6,0,0.18625691030501948,0,Auto,0,26,21,7878,1743,191391,25764,6759.5,0.5599561717247732,4,165627,0.213794,0.18567856586587353,424.1395819622775,0.21053917922365228,1,36.0
2019-10-16,49,37487,640,Employed,Bachelor,26,21072,36,Married,0,Own,282,0.2754066625603778,0,2,0.3265221463326398,0,Auto,0,29,16,679,339,91866,92134,3123.9166666666665,0.7527175823530282,6,10956,0.18607200000000002,0.20061361183324178,783.770003603214,0.34116467157250696,0,52.0
2019-10-17,42,49571,603,Unemployed,High School,20,26807,60,Single,0,Own,832,0.14624559290035397,2,0,0.5661056098507293,0,Debt Consolidation,1,22,20,541,305,206038,66417,2153.9166666666665,0.7715174539100124,8,139621,0.23030699999999998,0.25543650013313374,795.387798417729,0.7555481712002455,0,60.0
2019-10-18,18,36569,485,Employed,Bachelor,0,22129,36,Divorced,2,Rent,331,0.21193373946465996,5,0,0.27615013668553917,0,Auto,0,29,8,1475,3416,33038,13594,3047.4166666666665,0.6550411273349742,6,19444,0.264629,0.25473261906137923,885.3935889628796,0.3991556528085142,0,54.0
2019-10-19,43,41000,537,Employed,High School,21,20000,72,Married,2,Own,403,0.23851245074512778,1,1,0.5724036539717337,0,Auto,0,26,6,1197,2621,28821,11650,3416.6666666666665,0.9476966242506314,10,17171,0.26649999999999996,0.2386215450258256,524.8642835134765,0.2715700341990663,0,61.0
2019-10-20,34,95907,588,Employed,Bachelor,11,22653,60,Divorced,2,Own,646,0.07412248683631545,5,3,0.21622534465802204,0,Auto,0,23,11,4847,505,39040,43842,4368.583333333333,0.9003464010189535,2,9272,0.233653,0.26338591625483215,682.789679139776,0.30416947045528325,0,50.0
2019-10-21,50,37725,629,Employed,Master,27,21104,48,Married,2,Rent,184,0.6080142105216535,5,1,0.3607740926148942,0,Home,0,31,15,17573,1841,184960,34180,3143.75,0.8326284979139333,6,150780,0.20160400000000003,0.21590755992331234,660.2243188688878,0.26854053880521284,0,50.0
2019-10-22,41,70916,640,Employed,Bachelor,20,37895,12,Single,2,Mortgage,240,0.332744236974214,5,3,0.07274152847333455,0,Home,0,20,27,3249,339,166849,11936,5909.666666666667,0.9544322368920877,3,154913,0.18289500000000003,0.15882406475025398,3436.1374449157975,0.6220549571181336,0,43.0
2019-10-23,35,69976,557,Unemployed,Bachelor,12,12093,72,Married,4,Mortgage,326,0.17464139660524253,3,3,0.27671160391921035,0,Other,0,23,4,4159,902,85449,24632,5831.333333333333,0.756251599742654,4,60817,0.24859299999999998,0.2761736458435461,345.4388240918364,0.11514327611040982,0,55.0
2019-10-24,41,54926,542,Employed,Associate,19,12174,60,Divorced,4,Own,736,0.34381480814598964,0,1,0.04545498439374688,0,Home,0,17,6,1511,758,72321,131097,4577.166666666667,0.6611931887460817,8,9683,0.246174,0.2941675331054488,389.5200897460286,0.24589886532702804,0,52.0
2019-10-25,32,98165,623,Employed,Bachelor,11,19968,48,Divorced,4,Rent,349,0.526856265439382,8,0,0.10908648267636979,0,Auto,0,24,13,4815,2005,62391,12380,8180.416666666667,0.87543597903212,3,50011,0.203468,0.23157908453978118,641.7325678230977,0.12111028180998494,1,36.0
2019-10-26,22,18730,548,Employed,High School,0,32706,36,Married,4,Own,344,0.17381803712060015,2,0,0.5858108377883515,0,Auto,0,31,24,9833,1544,66741,18413,1560.8333333333333,0.9899812159650939,5,48328,0.243706,0.2609770617281316,1319.447907453267,1.0657434537874642,0,59.0
2019-10-27,24,24068,565,Employed,Bachelor,4,19722,12,Married,4,Rent,527,0.13508575760704014,3,1,0.25710232442423775,0,Other,0,31,19,3108,798,41021,8771,2005.6666666666667,0.5411974782199623,6,32250,0.20222199999999999,0.2062931076066727,1832.8829664443751,1.17660776123203,0,53.0
2019-10-28,37,237333,538,Employed,Master,17,22158,60,Single,2,Other,319,0.2010951338562139,3,1,0.4824578576034008,0,Auto,1,23,26,15420,551,15971,8868,19777.75,0.8552793077228305,5,7103,0.258158,0.27889173466722544,688.4267881624186,0.05093738105509568,1,48.0
2019-10-29,61,32264,606,Employed,High School,36,16205,120,Married,4,Mortgage,509,0.3360887136311986,6,2,0.40253928997468097,0,Home,0,21,19,2200,437,141333,54563,2688.6666666666665,0.8922388113491209,2,86770,0.268205,0.2448334022865605,362.7659599040933,0.32423727742527647,0,52.0
2019-10-30,51,51321,537,Employed,High School,33,14596,72,Widowed,0,Rent,303,0.3924333710540749,2,1,0.4238560164438796,0,Education,0,22,26,572,1383,18550,37789,4276.75,0.7827276663120174,4,5762,0.261096,0.30470008219299427,443.54057103067555,0.17455791688330521,0,56.0
2019-10-31,39,101347,611,Employed,Bachelor,15,35613,36,Divorced,0,Rent,286,0.2244658325435966,4,1,0.15783368730888162,0,Other,0,15,4,1239,5592,16254,150679,8445.583333333334,0.5674378228891721,3,1820,0.215113,0.20666400837900467,1335.630025278734,0.19200923858964553,0,49.0
2019-11-01,28,21032,503,Employed,High School,7,18154,48,Married,1,Mortgage,357,0.11580323969170356,6,2,0.11927413900621293,0,Other,1,23,3,2890,1291,83163,23335,1752.6666666666667,0.9007705754292981,3,59828,0.261654,0.2679500553082942,620.2515475889019,0.5575798103398071,0,58.0
2019-11-02,36,35027,566,Employed,High School,12,8796,60,Divorced,4,Mortgage,632,0.4684335455248623,5,1,0.3167843930040089,0,Education,0,24,12,6688,1708,173142,314840,2918.9166666666665,0.8923881886184736,7,4300,0.230796,0.20966302334355225,237.79464800062823,0.2979854334087287,0,56.0
2019-11-03,28,79835,509,Employed,Associate,6,13469,84,Single,2,Own,633,0.28406323375814807,2,2,0.3035168507370275,0,Auto,0,23,16,1342,3380,14588,32995,6652.916666666667,0.876412399706413,6,9581,0.283969,0.2566132938245643,346.638216737926,0.1472494344692818,0,54.0
2019-11-04,49,24625,538,Employed,High School,25,16295,36,Single,1,Other,716,0.2433078056696678,4,2,0.052755321635526514,0,Auto,0,19,12,1231,4058,258731,8188,2052.0833333333335,0.8830357651724245,4,250543,0.232295,0.22710881227460994,628.3220578769341,0.6551011043461201,0,46.0
2019-11-05,45,47563,574,Employed,Bachelor,23,13421,36,Married,1,Own,553,0.05966616629526089,0,0,0.4171097049774524,0,Auto,1,28,23,7262,397,125876,16606,3963.5833333333335,0.8666952854123807,2,109270,0.211421,0.18599349793590958,489.24603173840404,0.2629554986199535,1,46.400000000000006
2019-11-06,33,43086,556,Employed,Associate,13,37760,48,Married,0,Rent,454,0.610830126086369,5,1,0.03831944017615135,0,Auto,0,21,17,3845,1393,62621,15384,3590.5,0.8947384995641088,6,47237,0.25476,0.26425159660178404,1282.2141241816487,0.48355775635194226,0,53.0
2019-11-07,54,58645,560,Self-Employed,Master,29,29852,60,Married,3,Other,423,0.24220258347775353,4,1,0.3783941543368318,0,Debt Consolidation,0,22,10,2584,6786,105717,23970,4887.083333333333,0.6246597880899999,5,81747,0.25485199999999997,0.29521296719898665,957.0544715564156,0.2823881602639098,0,55.0
2019-11-08,41,77599,596,Employed,Bachelor,17,30810,48,Widowed,3,Rent,659,0.0479792991229122,3,0,0.072275798565394,0,Home,0,24,6,4887,1437,8014,394707,6466.583333333333,0.8703190771944357,4,8565,0.22781,0.1945971653305081,928.7134057025083,0.24552585559646514,0,51.0
2019-11-09,33,53036,489,Self-Employed,Master,9,28083,72,Married,0,Mortgage,349,0.16217424737288014,2,2,0.18180955076352517,0,Other,0,22,23,2525,372,64974,49244,4419.666666666667,0.7874840100340792,3,15730,0.298583,0.2865285507166432,820.6163789548946,0.2646390479572127,0,52.0
2019-11-10,36,44912,555,Employed,Bachelor,13,11068,36,Married,2,Mortgage,464,0.24891220977534764,4,0,0.41396589396765276,0,Other,0,15,9,1089,970,19809,14787,3742.6666666666665,0.9052526187424902,9,5022,0.21856799999999998,0.23782553429335904,432.96656769688377,0.2396597526799654,0,58.0
2019-11-11,56,133963,534,Self-Employed,Doctorate,33,26317,36,Single,0,Rent,155,0.4906432950341432,4,1,0.18647732859492155,0,Home,0,26,4,5919,971,29591,15327,11163.583333333334,0.5618623330013346,4,14264,0.244317,0.22624477654443287,1013.5800617250616,0.1046778643409056,1,44.0
2019-11-12,33,30749,440,Employed,Associate,12,27232,108,Married,1,Mortgage,405,0.3853316092786289,3,0,0.35290541533673736,0,Debt Consolidation,0,24,26,4981,1203,180727,35453,2562.4166666666665,0.8515185543997706,3,145274,0.352232,0.3140411268074874,759.3002152988122,0.4543758360787586,0,51.0
2019-11-13,40,126609,530,Employed,Associate,17,37390,36,Married,4,Rent,500,0.4359137071317341,3,1,0.5202272315063855,0,Debt Consolidation,0,28,19,10870,13998,24868,65038,10550.75,0.6058497637510277,2,3641,0.25739,0.2693028099529748,1525.0566247310321,0.19193485057754492,1,45.6
2019-11-14,42,90957,585,Employed,Master,19,28383,96,Divorced,1,Mortgage,243,0.3374624105415793,3,0,0.33226682440062205,0,Debt Consolidation,0,24,10,1881,1495,95500,6516,7579.75,0.7717738230977715,7,88984,0.270883,0.26862981854700035,721.5209825836196,0.1272497091043398,0,51.0
2019-11-15,28,27997,557,Employed,Bachelor,3,10050,48,Married,1,Mortgage,282,0.4122001128296551,3,0,0.27918285454379155,0,Home,0,30,11,1973,2198,74308,36331,2333.0833333333335,0.9099393903435898,7,37977,0.22655,0.2505728050856369,333.55029446566715,0.26383553714998054,0,55.0
2019-11-16,24,17629,564,Employed,Bachelor,0,18284,72,Divorced,5,Rent,817,0.3746766685604602,2,1,0.27088646551333584,0,Home,1,27,25,1506,2479,57798,55724,1469.0833333333333,0.6003575306033254,2,2074,0.25128399999999995,0.22451634040919263,464.3204077086011,0.8721904187703905,0,60.0
2019-11-17,40,112417,591,Employed,Master,19,15417,48,Married,1,Mortgage,352,0.18225626420457455,3,3,0.32698322136630503,0,Home,0,21,10,5676,1576,118823,100385,9368.083333333334,0.854384471074712,5,18438,0.214917,0.21942855291486002,485.2510377162678,0.08937271455914331,1,41.6
2019-11-18,26,15000,548,Employed,High School,6,20327,36,Married,2,Mortgage,228,0.3092751848304021,1,4,0.4836311496191432,0,Education,0,29,9,1613,1466,314342,22450,1250.0,0.8703491783875317,8,291892,0.231327,0.18506160000000002,740.0413633533798,0.7744330906827038,0,53.0
2019-11-19,48,125331,553,Employed,Bachelor,28,20637,36,Single,4,Own,390,0.41638291118659027,3,1,0.1408054069282307,0,Home,0,25,18,626,1068,119074,6859,10444.25,0.9004103735729992,7,112215,0.22913699999999998,0.24047692701806603,810.1652469739702,0.11491157785135075,1,36.0
2019-11-20,37,23827,551,Employed,High School,15,12356,96,Divorced,0,Mortgage,534,0.541830337370208,3,1,0.4771569611134471,1,Education,0,28,20,552,608,61389,24797,1985.5833333333333,0.8874430242682873,4,36592,0.271856,0.2413005121566107,291.58276815957464,0.4157885263740671,0,71.0
2019-11-21,35,92644,555,Employed,High School,15,17629,120,Divorced,0,Mortgage,224,0.29261716764814655,4,0,0.3518808827405146,0,Education,0,25,1,6767,1183,52174,1479,7720.333333333333,0.8753093692874542,8,50695,0.295129,0.27614814828358414,433.9834536283438,0.08522733737252414,0,55.0
2019-11-22,58,57527,585,Employed,Bachelor,32,20795,60,Married,0,Own,637,0.555997161045214,4,2,0.5064618044334038,0,Debt Consolidation,0,22,14,5725,3792,140330,19474,4793.916666666667,0.6127566051613239,5,120856,0.23329500000000003,0.21172909751123853,564.5991544909706,0.2506508222902576,0,55.0
2019-11-23,34,27055,577,Employed,Bachelor,13,24381,72,Married,1,Other,563,0.07145216583543773,4,0,0.18968213687925783,1,Home,0,20,29,1494,1728,10537,12384,2254.5833333333335,0.693753913952164,12,10293,0.250881,0.20509967896163947,591.2233492197231,0.5119453036642645,0,63.0
2019-11-24,26,35174,527,Employed,Bachelor,0,15434,96,Single,0,Mortgage,327,0.4651580290674906,0,0,0.20249177798379062,0,Auto,0,22,21,1328,2821,254821,15274,2931.1666666666665,0.8836075801714978,4,239547,0.286934,0.3411992624014441,470.7455978386904,0.27215975362666417,0,50.0
2019-11-25,56,49013,637,Employed,Master,34,40116,60,Widowed,0,Own,296,0.4346250371173651,3,2,0.22594672316487635,0,Debt Consolidation,0,33,6,17298,435,27255,17856,4084.4166666666665,0.74588805820617,6,9399,0.22661599999999998,0.25833459779801415,1197.1398369331964,0.36556991090523655,0,53.0
2019-11-26,48,64256,567,Employed,High School,27,21658,60,Single,0,Mortgage,187,0.2779455123409943,5,1,0.0787133491176804,0,Home,0,26,19,3493,2045,108869,16980,5354.666666666667,0.8236984001131012,7,91889,0.24315799999999999,0.23367158351978842,615.1265599525402,0.1497995318636467,1,38.400000000000006
2019-11-27,36,27870,601,Employed,Master,11,27514,48,Divorced,4,Rent,273,0.15364943832741676,4,1,0.45235385485231405,0,Auto,0,29,21,5693,6262,21681,19371,2322.5,0.9214817268663656,1,2310,0.22201400000000002,0.2275407860018835,878.1611773045382,0.4956560505078744,0,54.0
2019-11-28,46,68022,611,Self-Employed,Bachelor,24,42110,60,Married,1,Mortgage,927,0.48237751648432226,0,3,0.43714006712551406,0,Home,0,24,4,961,351,121328,126534,5668.5,0.9086310829079721,7,4043,0.24161,0.2661875001981989,1276.2643604956568,0.3886856065088924,0,60.0
2019-11-29,71,22303,588,Employed,High School,46,41755,24,Married,0,Own,282,0.23172041217925388,1,0,0.31302327041735256,0,Home,1,29,11,1385,356,38700,19089,1858.5833333333333,0.9063061831168132,6,19611,0.222755,0.17820400000000003,2080.959235525955,1.2713765334847986,0,62.0
2019-11-30,34,88345,558,Employed,Bachelor,12,23648,60,Divorced,0,Mortgage,196,0.08515112446360402,2,0,0.14988700395515997,0,Other,0,25,5,2837,3011,110747,40351,7362.083333333333,0.781320806512658,2,70396,0.24964799999999998,0.24307194513183217,684.5280051204763,0.11960310217268341,1,38.400000000000006
2019-12-01,37,59451,533,Employed,Associate,14,27134,48,Married,2,Own,224,0.44574481309526437,3,0,0.11056583970530946,0,Education,1,19,25,6091,11428,30102,28476,4954.25,0.8075598296628965,3,1626,0.255634,0.2726596022564034,934.3161605788068,0.23380252522153844,0,57.0
2019-12-02,57,34391,617,Unemployed,Bachelor,33,23088,48,Divorced,0,Other,336,0.4053004834982071,4,0,0.30929432450011385,1,Education,0,23,1,1805,929,189981,29113,2865.9166666666665,0.6730456806200047,10,160868,0.20958800000000002,0.23492233345258862,746.2448060568979,0.3776260554413299,0,68.0
2019-12-03,25,60632,539,Employed,Bachelor,2,14677,36,Single,1,Rent,706,0.17486056551345328,1,2,0.15162288113983033,0,Home,0,20,14,12991,2962,126981,21858,5052.666666666667,0.673713236882242,7,105123,0.230177,0.21928122818648524,559.9756752861524,0.25055594576187207,0,45.0
2019-12-04,54,77796,678,Employed,Doctorate,31,31874,72,Single,2,Mortgage,217,0.42340631355053776,4,2,0.22262776307879856,0,Education,0,25,12,5402,304,36986,5886,6483.0,0.7462575723480005,4,31100,0.207874,0.19703641259100468,758.0067901378973,0.15039438379421521,1,37.6
2019-12-05,41,39097,569,Employed,Master,19,34550,60,Married,0,Mortgage,515,0.19850422844105095,4,0,0.08983622528778622,0,Education,0,23,9,5504,4526,80642,33762,3258.0833333333335,0.7561560472183351,10,46880,0.25505,0.21689516106873144,948.1442802066773,0.4490812942803828,0,51.0
2019-12-06,53,79124,528,Employed,Associate,29,64378,24,Single,5,Rent,369,0.10728196191076321,3,1,0.01744209832630097,0,Home,1,24,3,2194,3244,125878,10593,6593.666666666667,0.8740328884487034,6,115285,0.275378,0.2901736828868534,3567.072971707703,0.5969475211123355,0,54.0
2019-12-07,33,21760,641,Employed,Bachelor,10,22100,60,Married,0,Other,429,0.5610374357180612,3,2,0.5735847940986203,0,Debt Consolidation,0,23,20,1310,494,11565,48934,1813.3333333333333,0.8885247830194063,8,2319,0.2066,0.18971800190257157,572.9433172608785,0.5525422705482786,0,58.0
2019-12-08,33,203898,511,Employed,Master,8,29559,72,Married,3,Own,445,0.19202313109619742,6,1,0.11099383410102744,1,Education,0,24,12,2384,128,52884,19362,16991.5,0.7398498827224772,7,33522,0.289059,0.3069509423603186,902.5454289598895,0.07930703168995612,1,47.2
2019-12-09,36,47397,643,Employed,Master,11,11828,60,Widowed,2,Other,294,0.6221995583010019,6,1,0.3557764514365692,0,Other,0,14,5,1370,1299,25228,149293,3949.75,0.685730000755424,2,3618,0.195328,0.17520043191296844,297.27377970902717,0.14969903910602625,0,56.0
2019-12-10,35,57131,613,Employed,Master,13,34583,36,Married,0,Rent,119,0.3875384829171712,4,1,0.34779102787686483,0,Auto,0,26,22,4382,1048,12014,12117,4760.916666666667,0.9221530786055576,6,7135,0.213083,0.19060279069861175,1268.7293709383864,0.2914836507545927,0,51.0
2019-12-11,51,26596,607,Employed,Bachelor,28,27212,60,Married,1,Mortgage,272,0.06067245899335089,5,1,0.7363280111195692,0,Education,0,20,23,1035,950,29848,88669,2216.3333333333335,0.46673736260302806,5,2049,0.22871199999999997,0.18296959999999998,695.4094459096119,0.4364909516812807,0,56.0
2019-12-12,52,40615,585,Employed,High School,30,37164,36,Single,1,Other,253,0.06717527348166916,2,1,0.558046228730453,0,Education,0,20,26,1189,1034,166077,24310,3384.5833333333335,0.8378995535752116,6,141767,0.229664,0.23427847094092033,1446.90861534533,0.5022504834210011,0,54.0
2019-12-13,40,112954,507,Employed,High School,16,11680,36,Single,4,Rent,637,0.205758175556382,2,0,0.14503344067637533,0,Other,0,16,16,606,329,105671,18761,9412.833333333334,0.5805178868185212,6,86910,0.24318,0.19871734029668084,433.30768470253213,0.11370728098544881,1,37.6
2019-12-14,34,57681,536,Employed,Associate,8,19397,48,Married,1,Own,865,0.09281746797122285,3,0,0.4886623758664799,0,Debt Consolidation,0,27,3,3486,483,44440,23505,4806.75,0.9341115664976888,5,20935,0.246397,0.2558405496703987,649.4835740333677,0.3150743379691825,0,58.0
2019-12-15,43,69944,536,Employed,High School,19,13582,36,Single,4,Own,598,0.3146553363618596,2,1,0.280548594230765,0,Debt Consolidation,0,21,12,901,7480,8986,11112,5828.666666666667,0.9114924388769388,5,2255,0.230582,0.2176824656632558,517.0757637928087,0.19130889233549273,0,52.0
2019-12-16,34,33170,559,Employed,Master,12,30826,60,Married,0,Mortgage,239,0.19653714047872436,3,0,0.3105610704852546,0,Home,0,24,26,4580,3604,92317,7777,2764.1666666666665,0.8521533406934956,8,84540,0.256326,0.27692327677033285,954.0791906054155,0.43162346358953835,0,52.0
2019-12-17,29,45016,598,Employed,Bachelor,7,15184,96,Married,2,Mortgage,309,0.272890631579059,3,0,0.1959433581499748,0,Education,0,23,20,3191,5464,32157,20071,3751.3333333333335,0.9464804961823357,4,12086,0.251184,0.24479916629317766,361.8152198022813,0.17882047799954182,0,51.0
2019-12-18,25,49338,535,Employed,Bachelor,1,37022,96,Single,0,Rent,645,0.30338272868626315,4,0,0.43387047378349197,0,Auto,0,26,24,4705,299,59079,8965,4111.5,0.74296826752598,5,50114,0.304522,0.3018324268285883,1025.6765325148444,0.4063423403903306,0,55.0
2019-12-19,50,54228,520,Employed,Associate,26,14754,36,Divorced,4,Own,722,0.09418003855599348,2,2,0.2597088391917131,0,Education,0,23,20,29304,539,66676,18412,4519.0,0.9133928421562642,2,48264,0.239754,0.2303163018495057,571.3664910906155,0.2862063489910634,0,51.0
2019-12-20,38,52880,639,Employed,Master,15,21428,48,Single,2,Other,459,0.6067601521208199,1,2,0.02137582140693464,0,Education,1,25,6,3137,278,122997,45490,4406.666666666667,0.6898844252793968,6,77507,0.19692800000000002,0.168105691817087,616.2077963748911,0.24399571778552748,0,55.0
2019-12-21,27,36811,588,Employed,Bachelor,4,29507,12,Single,1,Rent,336,0.03380634275816179,5,3,0.6764064463070494,0,Education,0,26,28,3087,773,19839,15438,3067.5833333333335,0.8598655386566472,5,4401,0.20050700000000002,0.20036782229576458,2733.885830718778,1.0007505900036764,0,58.0
2019-12-22,62,270218,611,Employed,High School,39,8722,72,Single,0,Own,844,0.20213296450871573,5,0,0.3890005805735911,0,Home,0,27,15,2181,684,175049,21848,22518.166666666668,0.9224247641278103,7,153201,0.218222,0.24400994910280144,231.7504069483593,0.047772557281085315,1,36.0
2019-12-23,40,23366,584,Employed,Doctorate,17,16693,36,Married,2,Own,175,0.19870169710378535,3,2,0.1879168039429858,0,Education,0,29,13,1360,788,61054,6125,1947.1666666666667,0.8142778617741451,3,54929,0.209693,0.19317040529614282,614.5780447519812,0.40550100731934324,0,49.0
2019-12-24,43,45474,565,Self-Employed,Bachelor,19,22747,72,Widowed,3,Mortgage,437,0.3266571744361791,1,2,0.07202403027337875,1,Home,0,28,1,2476,854,48301,7578,3789.5,0.8910011354996373,5,40723,0.255247,0.2567955691509276,622.259288453688,0.2795248155307265,0,70.0
2019-12-25,49,69863,619,Employed,Associate,26,16379,60,Single,1,Own,362,0.04481398575352498,3,2,0.61774709621081,0,Other,0,18,18,17570,510,408403,14043,5821.916666666667,0.8124453664978738,5,394360,0.21187900000000004,0.22620652000557348,458.1689260818127,0.14087610198505293,1,38.400000000000006
2019-12-26,32,18104,619,Employed,Bachelor,10,24144,48,Single,0,Mortgage,337,0.31382649948867997,2,1,0.15727625338782078,0,Education,0,24,15,1340,1202,65429,15501,1508.6666666666667,0.7792511349686122,3,49928,0.20964400000000002,0.20324995143958044,738.8978221024995,0.71314482242764,0,49.0
2019-12-27,21,36897,563,Employed,High School,0,26691,48,Divorced,1,Rent,186,0.19328631829616433,1,0,0.4318030752327016,0,Debt Consolidation,0,23,8,4151,354,45627,80450,3074.75,0.7963990998322126,4,10738,0.240191,0.2547326918499182,892.0569175250714,0.3506161208309851,0,57.0
2019-12-28,51,146930,579,Unemployed,Bachelor,27,45521,60,Married,2,Mortgage,320,0.018788089304258244,6,1,0.3338233452788077,0,Debt Consolidation,0,22,27,4230,628,43136,84229,12244.166666666666,0.8476008294060742,4,8188,0.261021,0.25102289876420963,1338.8328135567936,0.1354794375735488,1,43.2
2019-12-29,33,119702,545,Employed,Bachelor,10,36684,36,Married,2,Rent,324,0.38373399600382435,2,1,0.0673117305739294,0,Education,1,20,17,853,552,37386,181105,9975.166666666666,0.8732149883652925,4,6249,0.249184,0.27126767110075956,1500.1281442688094,0.18286693397959694,0,55.0
2019-12-30,41,69601,565,Employed,High School,18,32084,48,Widowed,3,Rent,557,0.15106829040664896,1,0,0.7706656140465379,0,Debt Consolidation,0,24,23,1729,606,150126,23342,5800.083333333333,0.7415932070592903,6,126784,0.244584,0.25379100595528337,1070.6084158878048,0.28061810880093185,0,53.0
2019-12-31,39,78709,557,Employed,High School,16,26986,108,Married,0,Rent,452,0.21385093399258287,2,4,0.32006286419804764,0,Home,0,25,2,2096,268,8364,68742,6559.083333333333,0.9186469104839075,5,8310,0.293486,0.28998789976707695,705.6669094085958,0.17649827736222223,0,58.0
2020-01-01,63,60005,657,Employed,High School,40,28560,36,Married,4,Mortgage,375,0.46585345745737855,3,1,0.2994218404189046,0,Education,0,23,5,5296,574,13473,21598,5000.416666666667,0.6344305756630343,9,10886,0.18506,0.15585961949461186,998.2566440854821,0.2746284431135036,0,49.0
2020-01-02,31,25696,570,Employed,Bachelor,6,23273,48,Married,2,Rent,743,0.5790977196062002,2,0,0.07365792848816356,0,Debt Consolidation,1,33,5,1453,1350,105228,12736,2141.3333333333335,0.7240268709301645,4,92492,0.233273,0.24810977986357666,769.2143057532779,0.7062021975809206,0,59.0
2020-01-03,46,58635,419,Employed,High School,23,15216,72,Married,0,Mortgage,147,0.4336024496325606,3,0,0.1898688332312689,0,Home,0,28,22,5023,2690,34144,71422,4886.25,0.706866983788536,4,1528,0.320716,0.3650348245321527,523.3694441991717,0.13719507683789647,0,51.0
2020-01-04,42,123214,613,Employed,Master,20,6384,72,Married,0,Mortgage,350,0.3729267913797944,7,1,0.42270700311800125,0,Other,0,20,7,3451,824,32839,14504,10267.833333333334,0.7579752151185084,2,18335,0.214884,0.2102857161097368,156.74482850516833,0.0493526542605712,1,41.6
2020-01-05,36,95174,422,Employed,High School,12,8191,120,Married,2,Mortgage,1054,0.32734927079724646,3,1,0.285473627952782,0,Auto,0,20,28,1841,199,86997,15861,7931.166666666667,0.8552309473679738,6,71136,0.35219100000000003,0.38176539012368416,266.81032106894594,0.16653417795645187,0,49.0
2020-01-06,31,19457,544,Employed,High School,8,19778,24,Married,0,Mortgage,239,0.8236704032266794,5,1,0.3520073592387842,0,Debt Consolidation,0,22,11,1747,363,447319,20925,1621.4166666666667,0.48528012700193995,8,426394,0.22277799999999998,0.2409240348485812,1046.5969324418597,0.7928849868583192,0,53.0
2020-01-07,42,199808,601,Self-Employed,Associate,20,19092,48,Married,4,Rent,494,0.10012120668875851,6,1,0.2958593930149135,0,Home,0,22,8,1672,5806,35623,23276,16650.666666666668,0.7735500941034972,6,12347,0.213592,0.17819093442547831,559.0243083316493,0.06324217098404364,1,40.0
2020-01-08,38,15000,627,Employed,High School,16,15633,96,Divorced,2,Rent,288,0.32680897364378,1,1,0.18792593169650637,0,Auto,0,30,19,1441,956,200038,101193,1250.0,0.9647426186457352,4,98845,0.23713300000000004,0.22892968249383389,356.3053575666366,0.5154442860533093,0,47.0
2020-01-09,47,130285,560,Employed,Associate,22,23082,60,Single,0,Mortgage,561,0.15272535058004486,6,3,0.188636085589142,0,Debt Consolidation,1,28,11,1927,873,48341,44553,10857.083333333334,0.9218582564354999,5,3788,0.24808199999999997,0.23669434274949805,659.6007776225446,0.1124243721953451,1,42.400000000000006
2020-01-10,32,22188,563,Employed,Bachelor,10,43258,60,Single,1,Mortgage,573,0.6705808335185512,2,2,0.18368404416869633,0,Auto,0,17,8,1199,1605,282271,18208,1849.0,0.7784459358729338,1,264063,0.266758,0.26581394008256015,1310.095612935906,1.0184400286294786,0,49.0
2020-01-11,32,27650,540,Employed,High School,10,27391,48,Married,4,Mortgage,403,0.14930883486213278,4,1,0.2427400514134816,0,Home,0,18,21,2060,2736,35927,7322,2304.1666666666665,0.6517730102819026,7,28605,0.252391,0.2160257530316167,857.083950465745,0.5468718772364898,0,53.0
2020-01-12,49,129178,586,Employed,Bachelor,25,47031,60,Widowed,1,Own,415,0.5104116421008532,3,2,0.32541997504383346,0,Home,0,27,17,3819,190,120700,77087,10764.833333333334,0.8375229408320253,7,43613,0.259031,0.25812190456772643,1402.9057614214569,0.16887449207339858,1,42.400000000000006
2020-01-13,67,197257,612,Employed,Bachelor,46,17159,84,Divorced,1,Mortgage,245,0.2391051159375534,5,0,0.21080478841850392,0,Auto,0,24,29,4193,856,19941,26594,16438.083333333332,0.7001863120439116,4,10355,0.236159,0.22907333359166826,411.63259940978725,0.0399458127869604,1,37.6
2020-01-14,31,18950,547,Employed,High School,8,28951,48,Married,2,Rent,793,0.48267254376789115,2,1,0.4837027392476309,0,Education,0,24,1,2894,2003,33375,73201,1579.1666666666667,0.7020842946301699,6,9245,0.250451,0.2491541139796812,958.5666549909437,1.109171496564186,0,63.0
2020-01-15,42,46832,598,Self-Employed,High School,18,37806,96,Married,0,Mortgage,433,0.5628064922564205,5,2,0.41858687806599393,0,Home,0,20,25,2688,1517,117755,36679,3902.6666666666665,0.6499673756562797,3,81076,0.273806,0.3083683459102177,1064.707497951212,0.38376516004899525,0,59.0
2020-01-16,45,37247,549,Employed,High School,23,16839,120,Married,1,Own,541,0.2807812137304255,1,0,0.7245415099682229,0,Auto,0,21,23,2514,82,1061369,17328,3103.9166666666665,0.9864577514881547,5,1044041,0.297339,0.2839910675802288,424.1261233467328,0.31093815556046916,1,40.800000000000004
2020-01-17,34,62415,606,Employed,High School,13,14447,60,Single,2,Mortgage,298,0.34247402856870335,3,1,0.5527231295127164,0,Home,0,26,29,1881,2047,139701,12814,5201.25,0.7923258704413081,7,126887,0.216447,0.23409557298353975,410.6743904745713,0.13625078403740856,1,40.800000000000004
2020-01-18,34,17207,597,Employed,Doctorate,13,34058,12,Single,0,Mortgage,474,0.22321925652853844,4,1,0.2164599975235066,0,Debt Consolidation,0,29,9,10464,595,14072,4928,1433.9166666666667,0.8246800136355273,7,9144,0.20055800000000001,0.2203500202023599,3188.211136063644,2.5539916099705775,0,55.0
2020-01-19,25,125295,563,Unemployed,Master,4,22960,12,Single,0,Mortgage,873,0.03294738836650513,5,1,0.14241352458296383,0,Debt Consolidation,0,32,29,449,1240,127161,39603,10441.25,0.8549721418565379,11,87558,0.20646,0.165168,2088.7997329663726,0.2836633289085476,1,38.400000000000006
2020-01-20,25,44998,522,Employed,Master,1,61213,60,Single,1,Mortgage,213,0.3181184375173493,3,0,0.37000368972926284,0,Debt Consolidation,0,17,3,986,3023,492526,69892,3749.8333333333335,0.7856267361564467,4,422634,0.305213,0.2988487151931748,1976.1218634927038,0.5837917765659016,0,52.0
2020-01-21,41,23511,592,Unemployed,Bachelor,19,19941,24,Married,2,Own,207,0.38546935965521906,3,0,0.19223684024396942,0,Auto,0,28,29,9470,661,10131,40657,1959.25,0.6360002638786405,4,6818,0.198941,0.21097918098632318,1025.6405848666675,0.6291389995491476,0,55.0
2020-01-22,68,88617,672,Employed,High School,49,15302,48,Married,5,Mortgage,251,0.2864391082300286,5,1,0.18671825887724294,0,Home,1,24,22,3798,852,24356,1253,7384.75,0.806449110848283,6,23103,0.174302,0.17178159930776146,442.9515609881597,0.09397089420605433,1,39.2
2020-01-23,45,158827,649,Employed,Doctorate,23,14300,60,Single,0,Other,247,0.3257685058986491,2,0,0.15908722443814907,0,Home,0,21,18,1299,277,30980,149809,13235.583333333334,0.4505040006314214,8,4958,0.19480000000000003,0.20561472809099252,383.3438504203075,0.047624939116420316,1,36.0
2020-01-24,39,39720,625,Employed,High School,18,28657,24,Single,2,Rent,401,0.19320718370648296,4,1,0.29690520879625065,0,Auto,0,22,8,6257,1807,48203,3839,3310.0,0.7041637406585673,5,44364,0.191157,0.19822410189474274,1456.0360578076145,0.5610380839297929,0,50.0
2020-01-25,32,44262,554,Employed,High School,10,26405,72,Widowed,1,Mortgage,752,0.13164809189512808,1,3,0.523365160346931,0,Education,0,24,13,1886,489,75749,77855,3688.5,0.6806656871282626,5,5843,0.264405,0.2863764965601672,771.3277822635281,0.4129938409281627,0,58.0
2020-01-26,45,78486,649,Employed,Associate,25,13292,60,Single,0,Mortgage,549,0.18203010023555566,1,0,0.13167260784049725,0,Auto,0,21,11,7074,2350,145673,17722,6540.5,0.7776310267665629,5,127951,0.19379200000000002,0.15740446478280046,321.4053901478577,0.13307933493583943,1,33.6
2020-01-27,44,28236,590,Employed,High School,22,59615,48,Single,3,Rent,782,0.061892790223346004,2,4,0.5475486500261733,0,Home,0,24,13,13097,1948,21214,35633,2353.0,0.8411924960544092,3,6982,0.259615,0.23862665722064472,1939.035033856062,1.1564109791143484,0,59.0
2020-01-28,29,31156,615,Employed,Master,10,20032,36,Married,2,Rent,410,0.49800667673254495,5,0,0.07154740394447812,1,Education,0,26,12,7120,341,95868,47597,2596.3333333333335,0.5318340189703766,2,48271,0.19753199999999999,0.20324084059550487,747.7728982826607,0.44592613876594966,0,61.0
2020-01-29,18,44791,571,Employed,High School,0,13749,84,Divorced,3,Mortgage,225,0.06681612376407665,4,2,0.34152119357890404,0,Education,0,23,24,4023,1201,35762,13590,3732.5833333333335,0.9197456341860551,5,22172,0.25324900000000006,0.22925867732329022,329.9881480222985,0.14868740988742338,0,54.0
2020-01-30,45,92660,577,Employed,Bachelor,24,67452,84,Married,1,Rent,255,0.44289414651970493,3,2,0.5183891004352313,0,Home,1,34,22,370,1655,76050,14443,7721.666666666667,0.6279061904257363,4,61607,0.303952,0.27972378840494966,1837.557908373327,0.27099821822231734,0,62.0
2020-01-31,29,64097,595,Employed,High School,5,11296,48,Married,0,Rent,1271,0.32297594949310915,3,0,0.15321436765566862,0,Debt Consolidation,0,26,20,2554,2915,290390,33230,5341.416666666667,0.4941449472019638,6,257160,0.208796,0.18645668783557603,335.64329064097836,0.30078973255677705,1,35.2
2020-02-01,37,27719,597,Employed,Associate,14,10530,60,Divorced,0,Rent,260,0.1448411957370663,1,1,0.3112727463346039,0,Home,0,26,5,1806,922,41025,10404,2309.9166666666665,0.8159757127572927,5,30621,0.21703,0.21212158299403677,286.1300148077142,0.23642844899500595,0,57.0
2020-02-02,49,58368,619,Employed,Doctorate,26,59984,36,Divorced,1,Mortgage,215,0.20624895273417262,5,1,0.483573718705056,0,Auto,0,23,3,5684,1174,84102,54754,4864.0,0.4042165868647826,4,29348,0.23548400000000003,0.20530816730182536,2245.4770807819336,0.5058546629897067,0,56.0
2020-02-03,47,70299,551,Employed,High School,23,10942,12,Single,3,Own,392,0.32043049493723086,2,2,0.5556119067865525,0,Other,0,23,11,13384,1316,14700,12175,5858.25,0.9892065623486259,6,2525,0.200442,0.16438199995594063,995.047452120084,0.2367682246609626,1,46.400000000000006
2020-02-04,28,131076,532,Employed,Bachelor,9,27987,72,Married,1,Mortgage,705,0.3172689608180607,0,1,0.30609847216981656,0,Other,0,26,8,4903,3465,47549,51695,10923.0,0.8663003272669112,3,2190,0.276987,0.2775743149422912,801.9262487693629,0.1379590084014797,0,53.0
2020-02-05,45,24258,608,Employed,Associate,21,17561,12,Widowed,0,Rent,459,0.20764931019085317,2,2,0.3811247197988072,0,Debt Consolidation,0,25,29,1598,670,72619,12662,2021.5,0.8620988117702783,9,59957,0.178561,0.20697755753965835,1632.6246862077212,1.0346894317129465,0,51.0
2020-02-06,54,98279,577,Employed,Associate,29,12910,72,Single,2,Mortgage,204,0.23900424774146398,2,3,0.49271030810528454,1,Education,0,22,15,1356,552,40039,39841,8189.916666666667,0.7898957945260414,6,2338,0.23941,0.206838458156941,314.36969467548164,0.06329364702638184,1,53.6
2020-02-07,18,27517,452,Employed,High School,0,45915,60,Married,4,Mortgage,217,0.09804663521745201,1,0,0.20769966057589914,0,Debt Consolidation,0,24,20,5324,227,401211,44498,2293.0833333333335,0.7860098463483233,9,356713,0.324915,0.35993394995515526,1658.8491623914226,0.8180466601990432,0,47.0
2020-02-08,58,56829,601,Employed,Bachelor,33,26823,36,Married,3,Own,347,0.2264554272633384,3,3,0.12366869048938181,0,Education,0,21,5,3139,988,110374,10791,4735.75,0.695416675669622,5,99583,0.211323,0.16905840000000003,955.056605473105,0.27494200611795494,0,47.0
2020-02-09,23,107078,467,Employed,Doctorate,0,20965,36,Widowed,0,Rent,1055,0.17134916806915396,6,0,0.6334669339728396,0,Debt Consolidation,0,27,16,122,1217,44771,130617,8923.166666666666,0.8851005962824475,4,7133,0.272465,0.2771903507190195,864.008396044173,0.2150591228126233,0,56.0
2020-02-10,24,70739,557,Employed,Master,2,22732,36,Single,0,Mortgage,387,0.24086285785088885,1,0,0.2656404996566366,0,Auto,0,23,8,466,1153,17014,11420,5894.916666666667,0.9267889410702687,3,5594,0.229232,0.22602455513131434,875.246231426769,0.21412452504447657,0,53.0
2020-02-11,25,67770,526,Employed,Associate,2,23512,48,Married,1,Own,784,0.39681781326772875,2,1,0.31955169672022415,0,Debt Consolidation,0,25,4,6836,1649,112674,26614,5647.5,0.9198638925008038,5,86060,0.255512,0.2597720732067265,792.4598469096383,0.27914295651343746,0,55.0
2020-02-12,24,47820,577,Employed,Bachelor,1,23523,120,Married,1,Other,702,0.1975670847864024,3,0,0.11466837252508431,0,Education,0,23,2,1458,512,69248,80566,3985.0,0.8694753809482156,11,8479,0.29002300000000003,0.24987373652868042,534.9222822062194,0.31039455011448414,0,54.0
2020-02-13,36,21771,403,Employed,High School,11,12639,60,Single,3,Other,284,0.45233368386163636,2,0,0.32898440015031954,0,Home,0,24,28,1028,738,120219,19933,1814.25,0.9147978304248519,10,100286,0.316139,0.29740359611365663,406.90119501904115,0.38081917873448595,0,53.0
2020-02-14,50,21459,564,Employed,High School,30,24026,36,Married,0,Mortgage,266,0.11767221837318717,3,4,0.4359974512506047,0,Education,0,23,16,846,1330,24598,31829,1788.25,0.792746650068158,3,9028,0.22702599999999998,0.22155227557292015,919.494333856967,0.6629354586086772,0,57.0
2020-02-15,39,38008,616,Employed,Bachelor,17,55604,12,Married,0,Rent,368,0.4981373863349551,3,1,0.06810911566969427,0,Home,1,29,21,3233,483,49827,600580,3167.3333333333335,0.8390146677628515,6,3213,0.21260400000000002,0.21588701004988614,5193.221492591678,1.7558055649100224,0,55.0
2020-02-16,31,24832,586,Employed,Doctorate,13,22126,72,Widowed,0,Mortgage,243,0.23565398510792077,2,0,0.23512658266226963,0,Home,0,16,6,2195,2069,19770,8011,2069.3333333333335,0.9086889102516956,5,11759,0.244126,0.2030872258225885,533.9471701438081,0.37545771753083507,0,56.0
2020-02-17,31,104013,634,Employed,Bachelor,8,38297,72,Married,0,Mortgage,326,0.06537249137979866,1,2,0.5565682583687872,0,Auto,0,23,13,3485,1428,51964,3724,8667.75,0.8808347719505174,8,48240,0.236297,0.2806740191329717,1104.8474233172367,0.16507714497040601,0,53.0
2020-02-18,41,35609,618,Employed,Associate,18,36634,84,Married,2,Mortgage,1156,0.30318286735028216,4,0,0.335956878731329,0,Other,0,22,5,1790,861,56133,24569,2967.4166666666665,0.8863087367509095,4,31564,0.252634,0.23684079093497096,896.6695941367317,0.6917362220124345,0,54.0
2020-02-19,24,60344,510,Self-Employed,High School,0,29543,24,Married,4,Own,500,0.2845327090838047,3,2,0.2805380267358079,0,Home,0,26,26,4673,521,16644,14526,5028.666666666667,0.7415851660485275,4,2118,0.249543,0.2603722198114261,1592.1709996185741,0.41604885316556556,0,55.0
2020-02-20,43,44075,581,Employed,Associate,21,21315,12,Married,1,Other,318,0.47768774546411236,5,1,0.2061573433311897,0,Auto,0,23,28,12043,614,52401,33234,3672.9166666666665,0.9837862774951116,6,19167,0.19581500000000002,0.17870306834163274,1952.8436700711666,0.6182671364912988,0,54.0
2020-02-21,47,20866,634,Unemployed,Bachelor,26,24572,60,Single,2,Rent,138,0.2904689537455272,3,2,0.25829240795781366,0,Education,0,23,16,3550,345,50854,28760,1738.8333333333333,0.8429069992254246,4,22094,0.21257200000000004,0.19698361606415676,646.8905135783813,0.45138915762199633,0,54.0
2020-02-22,18,166024,571,Employed,Bachelor,0,32818,48,Married,0,Rent,325,0.16835647026041123,1,1,0.1622815995575656,0,Other,0,25,15,825,1127,62087,4420,13835.333333333334,0.7249081651027554,3,57667,0.242318,0.23480770558483816,1060.5285209617173,0.10014420958138948,1,36.0
2020-02-23,55,74193,612,Employed,High School,31,58950,24,Married,0,Rent,400,0.13896495027503158,1,1,0.18245897900192942,0,Debt Consolidation,0,23,18,2380,3017,14961,12759,6182.75,0.7145289231789341,2,2202,0.22794999999999999,0.20782975069335366,3022.903876037229,0.5536215884577622,0,46.0
2020-02-24,34,61432,591,Employed,Master,9,22937,60,Widowed,1,Mortgage,201,0.17678854291569995,2,0,0.4028769885728376,0,Auto,0,29,21,918,481,40620,10724,5119.333333333333,0.9473259137479083,8,29896,0.232437,0.2394823934110851,659.1618959611728,0.16802224820181785,0,55.0
2020-02-25,49,112386,489,Employed,High School,26,13947,120,Married,0,Own,354,0.2363140159077733,2,2,0.5227212193852087,0,Debt Consolidation,0,27,4,906,1390,57746,8545,9365.5,0.9641854002534759,1,49201,0.324447,0.32650294824997,395.24810832484457,0.08000086576529225,0,60.0
2020-02-26,32,33668,588,Employed,High School,11,29269,84,Single,2,Mortgage,767,0.23988825874969621,2,1,0.14858484052807355,0,Home,0,30,20,5799,2009,167405,14762,2805.6666666666665,0.7532977930646088,4,152643,0.260269,0.2820069430646634,801.771824796332,0.5591440506580725,0,47.0
2020-02-27,39,107886,589,Employed,Bachelor,16,26707,36,Married,2,Other,950,0.13838381486342427,2,2,0.4317117444347666,0,Education,0,19,3,3220,775,26617,105168,8990.5,0.6037172724760056,3,2855,0.217207,0.23501954379491372,1040.8206080555633,0.22143602781330998,0,57.0
2020-02-28,58,72526,653,Employed,Bachelor,36,34464,72,Divorced,1,Mortgage,196,0.4843631137361048,2,1,0.44333429839348687,1,Debt Consolidation,0,18,5,2839,2171,92686,49794,6043.833333333333,0.7877114295435718,3,42892,0.222964,0.23548385796147667,897.902803649899,0.18099486589359384,0,65.0
2020-02-29,30,66742,584,Employed,Bachelor,11,27446,24,Married,4,Mortgage,619,0.6287657822661898,1,1,0.5918729377400671,0,Home,0,18,6,2143,949,211047,4681,5561.833333333333,0.9576839297277254,2,206366,0.210446,0.19369082458801298,1388.4414947766284,0.3609316163333365,1,46.400000000000006
2020-03-01,30,68184,604,Self-Employed,Associate,9,17911,36,Single,0,Mortgage,357,0.22338102862604378,1,0,0.357297992165284,0,Debt Consolidation,0,25,11,1955,96,26582,23036,5682.0,0.5868761725124996,2,3546,0.200911,0.1607288,630.3422644728585,0.17376667801352666,1,43.2
2020-03-02,41,46317,589,Employed,Bachelor,17,39922,60,Single,1,Own,222,0.08924224665248193,3,1,0.22499569015518092,0,Education,0,30,4,2342,883,43375,197906,3859.75,0.8351293596900493,4,9791,0.250422,0.2506700703829926,1173.3323395982268,0.3615084758334677,0,55.0
2020-03-03,19,28165,575,Employed,Associate,0,30918,36,Married,0,Mortgage,339,0.2581008754173583,3,1,0.24103455996881082,0,Auto,0,29,16,4179,4830,33342,17186,2347.0833333333335,0.8669212158833005,5,16156,0.228418,0.25023448535351306,1229.6777635176488,0.6683519674138748,0,54.0
2020-03-04,41,70849,514,Employed,Master,17,20603,36,Married,2,Mortgage,357,0.043552077795925216,3,0,0.19296114797912772,0,Auto,0,20,21,9973,472,107768,71467,5904.083333333333,0.7828544980906843,5,36301,0.24860300000000002,0.26117463782291556,831.3973814251456,0.20128397827918174,1,39.2
2020-03-05,47,21787,511,Self-Employed,Master,26,51062,96,Married,2,Other,145,0.3587911822349985,4,1,0.44078163383017255,0,Other,0,23,29,8369,305,246431,31609,1815.5833333333333,0.8070766509897948,5,214822,0.330562,0.3038899191535441,1421.9934565925637,0.8630798861298373,0,57.0
2020-03-06,56,59766,604,Unemployed,High School,36,25585,60,Single,1,Rent,631,0.0038119226113791298,5,0,0.31194999434341236,0,Home,0,22,28,3304,215,90594,58176,4980.5,0.8766907073931568,3,32418,0.22858499999999998,0.20062403350628555,678.7346879378509,0.26297253045635,0,53.0
2020-03-07,39,42315,599,Employed,High School,18,15590,24,Single,3,Own,503,0.4179825949116237,6,1,0.22369594671752957,0,Other,0,28,1,23863,1814,609350,24226,3526.25,0.40762283815753947,9,585124,0.19108999999999998,0.2040790083633691,796.5755872546679,0.3685432363714053,1,40.0
2020-03-08,29,58860,575,Employed,Master,5,30093,48,Divorced,3,Mortgage,548,0.31125750520454587,1,1,0.39987254343555095,0,Debt Consolidation,1,21,5,1074,1869,94471,49437,4905.0,0.9443630976856573,4,45034,0.23759300000000003,0.25872682346762,1012.5005410929014,0.31814486056939884,0,62.0
2020-03-09,33,50423,517,Employed,Bachelor,10,34120,24,Single,2,Mortgage,421,0.2354915905537822,6,0,0.061053823324245006,0,Home,0,20,22,971,886,39531,9007,4201.916666666667,0.6910109930020949,3,30524,0.25062,0.2436378189230761,1810.1628312490177,0.5309869300713604,0,50.0
2020-03-10,51,75190,660,Unemployed,Bachelor,28,30512,24,Married,3,Rent,516,0.22386155677694006,4,1,0.38800660980203483,0,Home,0,16,20,2116,2973,240711,73449,6265.833333333333,0.7341903081476884,9,167262,0.175512,0.1662532576636648,1503.095043337512,0.32223886846721833,0,47.0
2020-03-11,27,20620,451,Employed,High School,1,9584,12,Widowed,2,Mortgage,856,0.3034322656035482,6,1,0.018258018947632258,0,Debt Consolidation,0,22,10,4514,500,14718,19822,1718.3333333333333,0.8494216239189236,3,3222,0.24908400000000003,0.23203171022532273,902.5674591157818,1.0234146221818323,0,52.0
2020-03-12,41,86037,519,Employed,High School,20,17585,60,Single,2,Mortgage,466,0.3581726485313716,4,1,0.4601685561551853,0,Home,0,26,21,344,1330,160680,27118,7169.75,0.8490650693137161,4,133562,0.263085,0.23330767393052237,499.0769676349212,0.13460399144111318,1,40.800000000000004
2020-03-13,44,63335,587,Self-Employed,High School,19,12736,48,Married,0,Rent,404,0.6360653523416524,3,0,0.3175087849942448,0,Debt Consolidation,0,23,6,3533,3439,158206,9564,5277.916666666667,0.7409554683154006,11,148642,0.214236,0.23269207293773997,410.08832786523084,0.15424425569405179,0,57.0
2020-03-14,49,24548,537,Employed,Master,25,9741,72,Divorced,1,Other,351,0.5945999756482576,2,0,0.0846143370976867,0,Education,0,26,16,6768,429,122129,109402,2045.6666666666667,0.7587559059615212,3,12727,0.256241,0.2636015439793199,270.5832324147283,0.3038536251008937,0,53.0
2020-03-15,38,55778,607,Employed,Master,13,15018,60,Divorced,2,Own,719,0.5940540374284469,1,0,0.2739728780146566,0,Home,0,28,4,431,111,19001,85154,4648.166666666667,0.868514580133109,5,10579,0.216518,0.2085545288043297,405.0671760663807,0.24183022182216227,0,53.0
2020-03-16,42,15000,534,Employed,High School,22,17728,72,Married,0,Own,270,0.13043303304793258,2,1,0.20739912865007676,0,Auto,0,26,13,3215,2739,106625,26906,1250.0,0.9788323507618742,3,79719,0.26572799999999996,0.24178721636503703,468.64730167646525,0.5909178413411722,0,51.0
2020-03-17,35,23079,478,Self-Employed,High School,10,20892,72,Married,5,Own,381,0.1792331688129395,3,1,0.3016794891501411,0,Debt Consolidation,0,26,28,1705,926,41877,18037,1923.25,0.9195369735789454,7,23840,0.296892,0.32655577522955936,664.7120147938881,0.5437213127746721,0,58.0
2020-03-18,22,15000,503,Employed,High School,0,35954,60,Married,0,Own,761,0.4449921312638982,1,2,0.20001285248679165,0,Home,0,25,22,9464,1395,24435,29744,1250.0,0.6762278744843937,5,3455,0.289454,0.272652425560242,1103.574159283336,1.4916593274266687,0,55.0
2020-03-19,44,30019,585,Employed,High School,24,26254,72,Divorced,5,Own,416,0.24345843647815985,1,0,0.3143110652676837,0,Home,0,16,17,58698,345,59043,13497,2501.5833333333335,0.9424250749883765,4,45546,0.248754,0.21616795831686142,653.7028372307801,0.4276103150261288,0,55.0
2020-03-20,36,30547,599,Employed,High School,14,44548,24,Single,1,Rent,670,0.35021147112701867,4,0,0.7272762819713889,0,Debt Consolidation,0,20,17,9431,1735,46927,83177,2545.5833333333335,0.7434926433923325,8,4152,0.220048,0.20315567288206313,2274.179655651531,1.1565834899603356,0,59.0
2020-03-21,44,36785,609,Employed,Bachelor,21,12892,48,Single,0,Mortgage,477,0.289489192425252,1,2,0.4487910557428143,0,Auto,0,25,17,2570,189,30343,4172,3065.4166666666665,0.8395590760777347,6,26171,0.203392,0.22318247686795722,408.4070402435213,0.2888374196798221,0,54.0
2020-03-22,33,18089,605,Self-Employed,Bachelor,9,18013,48,Divorced,3,Rent,196,0.20820193625853328,5,0,0.023906424559676932,0,Auto,0,29,19,2520,333,252002,27464,1507.4166666666667,0.7752067647966604,12,224538,0.210513,0.21540216912219204,563.0322368907748,0.5035318062186576,0,48.0
2020-03-23,25,61299,410,Employed,High School,6,12854,72,Divorced,2,Other,169,0.4296942274460272,2,1,0.4516300605498816,0,Home,0,21,4,1818,486,109733,70363,5108.25,0.8598650861711694,4,39370,0.322854,0.322805701028915,405.79434781846993,0.1125227519832565,0,60.0
2020-03-24,34,38857,559,Employed,Doctorate,15,8716,36,Single,0,Rent,174,0.08341964146641243,4,1,0.34298882042253914,0,Other,0,24,3,4155,1659,16749,19333,3238.0833333333335,0.7457786875652326,2,5057,0.214216,0.2298869495089553,337.34257858943045,0.15791520042909038,0,57.0
2020-03-25,41,41114,523,Employed,High School,20,28826,36,Married,2,Mortgage,276,0.6019331504121607,3,3,0.44348978442186,0,Home,0,28,2,3744,593,92359,40771,3426.1666666666665,0.7254405495392252,3,51588,0.252326,0.2433158223007219,1135.950875124888,0.4121080532543332,0,61.0
2020-03-26,20,132939,500,Employed,Bachelor,0,38480,60,Married,3,Mortgage,326,0.1760030172667357,5,1,0.37112721530498044,0,Other,0,31,23,5405,1141,159057,24301,11078.25,0.9878411298843556,5,134756,0.29347999999999996,0.26740388943800764,1169.0359068157488,0.13495235319800047,1,37.6
2020-03-27,33,49061,619,Employed,High School,13,35628,60,Married,1,Other,292,0.17793757764620793,5,2,0.44223324236205547,0,Debt Consolidation,0,19,27,2091,865,282859,15245,4088.4166666666665,0.898335162633196,5,267614,0.231128,0.22571815278598795,995.6247234597424,0.314944593088541,0,47.0
2020-03-28,22,64195,456,Employed,High School,2,37613,36,Single,0,Own,448,0.4628351053373975,4,2,0.7071121987348155,0,Home,0,35,23,1002,2778,43753,27748,5349.583333333333,0.7637654960758002,4,16005,0.294613,0.23976813290719295,1475.2074112165312,0.3595060196993282,0,59.0
2020-03-29,29,45901,618,Employed,Master,6,27123,72,Married,1,Rent,274,0.6716991879820147,4,1,0.2612743222023434,0,Auto,0,22,7,4432,2637,57913,37434,3825.0833333333335,0.935914650457215,3,20479,0.23312300000000002,0.24605206576838898,724.0602096923595,0.26092508913331547,0,53.0
2020-03-30,18,28539,631,Employed,Doctorate,0,9422,60,Married,0,Mortgage,431,0.4394673194490683,2,2,0.40259153121658126,0,Home,1,15,25,17731,940,148258,24429,2378.25,0.9047240202817576,6,123829,0.198922,0.1700799023893107,234.20145063906713,0.2797020711191284,0,58.0
2020-03-31,30,38423,555,Employed,Bachelor,10,16110,36,Divorced,2,Rent,595,0.12203111533488907,4,2,0.0918220046776144,0,Auto,0,25,18,8190,2819,62194,36814,3201.9166666666665,0.7323154909831487,7,25380,0.22361,0.2087967237079033,605.9505014536458,0.37507237897727275,0,50.0
2020-04-01,34,48779,553,Self-Employed,High School,8,26501,36,Single,1,Rent,272,0.31363887959109443,1,2,0.2699307373377489,0,Debt Consolidation,0,14,21,3173,611,208030,11081,4064.9166666666665,0.7593640769373315,7,196949,0.235001,0.2571697773589159,1063.7503351642838,0.328604604890863,0,52.0
2020-04-02,25,53716,570,Employed,Bachelor,0,45808,12,Single,5,Rent,228,0.18068511961359304,5,0,0.09464835267820636,0,Other,0,22,29,6949,844,156751,75396,4476.333333333333,0.8566331937739173,6,81355,0.225808,0.2335644590523912,4317.332081010028,1.0154141219026052,0,47.0
2020-04-03,47,45973,639,Employed,Associate,23,10876,36,Married,4,Own,428,0.4433758602932439,3,2,0.4023466638047012,0,Home,0,18,25,14039,1462,379387,18504,3831.0833333333335,0.870822127051152,7,360883,0.176376,0.15089195421973534,377.49534298226826,0.21025262906025752,1,39.2
2020-04-04,25,34258,542,Unemployed,Bachelor,4,19901,12,Married,1,Mortgage,597,0.26883650395610253,3,1,0.3995968591635983,0,Home,0,30,20,7818,532,112423,6175,2854.8333333333335,0.8969066399816439,11,106248,0.213901,0.18542330463426937,1829.66396744655,0.850019487692177,0,54.0
2020-04-05,63,70120,554,Employed,High School,42,25718,48,Married,0,Mortgage,505,0.47993392027595433,4,0,0.17923919765431062,0,Home,0,23,11,3043,392,115682,13650,5843.333333333333,0.8370328271732879,3,102032,0.243718,0.22392985428325357,815.7701809348237,0.22603026484908564,0,47.0
2020-04-06,42,29318,508,Employed,High School,19,33831,48,Married,3,Mortgage,121,0.3253518301518447,1,0,0.07823937955664001,0,Home,1,18,21,1789,2047,41903,7853,2443.1666666666665,0.9882779852014032,4,34050,0.274831,0.3280412566566358,1273.9079868134245,0.5709426237042463,0,58.0
2020-04-07,44,107346,570,Employed,Associate,22,42407,36,Divorced,0,Rent,608,0.49374181643421644,4,1,0.39818591916156953,0,Debt Consolidation,1,24,9,11221,3081,371190,58994,8945.5,0.8513634700898336,6,312196,0.242407,0.22434072870159733,1629.080925017083,0.25007891398100535,1,44.0
2020-04-08,29,39372,578,Employed,Master,5,9788,72,Single,0,Mortgage,204,0.14853892165404134,1,0,0.35296051484985086,0,Debt Consolidation,0,22,17,811,6577,16393,111780,3281.0,0.8854726628262389,4,1874,0.235788,0.24658188159437233,261.6118573798299,0.14191156884481254,0,54.0
2020-04-09,65,15000,619,Employed,Bachelor,44,19300,36,Single,0,Mortgage,513,0.27985244848362706,2,0,0.3262697587601755,0,Auto,0,24,1,1093,2001,126485,1520,1250.0,0.7135400199384431,7,124965,0.19480000000000003,0.2130799540867453,730.1844054989288,0.994547524399143,0,53.0
2020-04-10,47,19210,531,Employed,High School,24,33552,24,Single,1,Mortgage,850,0.5959586246053329,4,0,0.5224323492720175,1,Other,0,30,24,11162,999,33499,46320,1600.8333333333333,0.8036443468301525,7,3611,0.243052,0.2351046833930744,1765.743900700171,1.6339889020511222,0,73.0
2020-04-11,45,36374,607,Unemployed,Associate,26,13647,48,Married,3,Own,670,0.17013168090956024,4,1,0.5274441285124275,0,Home,1,27,7,5306,966,90283,38040,1991.25,0.8754345463338548,7,52243,0.205147,0.21844778453837307,428.81424942150954,0.5518213430867593,0,63.0
2020-04-12,38,80604,588,Employed,Doctorate,13,20260,48,Married,3,Rent,636,0.35835343287682325,2,1,0.3338931787828065,0,Education,0,22,23,401,3965,16145,6501,6717.0,0.8807000815397434,2,9644,0.22126,0.17700800000000003,591.9746239354226,0.1828159332939441,1,42.400000000000006
2020-04-13,29,76178,486,Employed,Bachelor,8,8000,24,Married,0,Rent,313,0.20204981791671076,4,1,0.22637275217694858,0,Home,0,22,10,6399,120,22679,6500,6348.166666666667,0.6952400477269772,4,16179,0.24,0.23859266316482372,422.40705555679386,0.1158455809640779,1,41.6
2020-04-14,65,22565,612,Self-Employed,Bachelor,44,15819,84,Single,3,Rent,349,0.37295626773394724,2,0,0.6953701422415821,0,Auto,0,23,20,12245,1327,32804,28658,1880.4166666666667,0.8039312741449246,3,4146,0.234819,0.2547969163352013,405.2692377693421,0.4011181410694485,0,60.0
2020-04-15,27,26080,521,Employed,Associate,8,10282,72,Divorced,3,Own,778,0.47913151009444155,2,0,0.277331367243103,0,Home,0,21,29,1228,1734,76092,86339,2173.3333333333335,0.9245185130773016,4,8093,0.264782,0.2814761163385638,297.1523266718811,0.49470199079994526,0,55.0
2020-04-16,36,33618,583,Self-Employed,High School,15,10001,60,Divorced,1,Mortgage,370,0.14790743296558395,2,0,0.5647066236113962,0,Other,0,26,4,997,769,11655,40470,2801.5,0.8533709194196502,6,7124,0.223501,0.22885424586582637,281.27494505540386,0.23247365520449895,0,64.0
2020-04-17,35,61159,468,Employed,High School,12,8506,36,Single,1,Rent,546,0.4318109287058462,2,0,0.0766584343120402,0,Education,1,25,7,2128,739,219895,14654,5096.583333333333,0.836925409787874,5,205241,0.259506,0.25962220307501155,342.54085669980054,0.17434049412838024,0,54.0
2020-04-18,24,49527,488,Employed,Bachelor,0,26322,84,Married,1,Own,572,0.2965999505019408,5,0,0.24972281505500493,0,Home,0,22,25,1000,1861,327798,56408,4127.25,0.5620216869225795,7,271390,0.307322,0.313698784028215,777.022974007144,0.3268575865302911,0,47.0
2020-04-19,44,78554,586,Employed,Bachelor,22,17743,48,Married,0,Mortgage,267,0.23468013331555607,3,1,0.5056701903611983,0,Education,0,24,7,496,13209,49422,6826,6546.166666666667,0.9701543199236453,10,42596,0.21974300000000002,0.20981919107942687,549.251788590388,0.12469156838715603,1,47.2
2020-04-20,58,73181,634,Unemployed,High School,36,20421,60,Single,0,Rent,601,0.4830548346315986,4,1,0.1788242179001354,0,Debt Consolidation,1,22,9,11630,9183,25047,27396,6098.416666666667,0.505700643042292,4,2100,0.20842100000000002,0.17493536719936817,512.9493436746571,0.18266205878706063,0,58.0
2020-04-21,18,58856,521,Employed,High School,0,16010,24,Married,0,Other,780,0.08604855332365503,2,1,0.4930337424791955,0,Home,0,19,7,2718,335,37722,103248,4904.666666666667,0.6443982824142769,7,1751,0.23051,0.23660330058611523,843.7544888716616,0.3310631688606079,0,56.0
2020-04-22,46,79361,582,Employed,Bachelor,22,31718,60,Single,3,Mortgage,860,0.3114666337713698,1,1,0.1708168520596904,0,Auto,0,17,11,324,1401,66810,100518,6613.416666666667,0.8854371187661182,5,5801,0.245718,0.23996023469892605,912.3891322380919,0.26799901194361336,0,50.0
2020-04-23,40,19636,590,Employed,High School,14,6945,60,Single,0,Rent,377,0.21360172651066406,4,0,0.20571959936872525,0,Home,0,21,7,3091,1329,26373,24061,1636.3333333333333,0.5004813258729193,8,2312,0.216945,0.17355600000000002,173.93183096157347,0.3366867983061154,0,55.0
2020-04-24,55,84054,586,Self-Employed,Associate,32,22384,24,Divorced,3,Other,407,0.20388835605785477,4,0,0.21298050348113864,0,Education,0,25,22,14031,1086,169746,42274,7004.5,0.7751521350305907,1,127472,0.20438399999999998,0.2351213293210404,1178.0231827457726,0.22628641341220251,1,40.0
2020-04-25,37,87856,661,Employed,Doctorate,15,20124,48,Married,0,Rent,468,0.1308335881264693,1,2,0.4299109695127076,0,Auto,0,21,1,4078,1826,55476,8017,7321.333333333333,0.6855159703913646,6,47459,0.184624,0.17430347224754703,585.1690851015279,0.14384935600549006,1,41.6
2020-04-26,80,69321,630,Self-Employed,Bachelor,58,31546,60,Married,0,Own,299,0.05206366299611758,2,0,0.3861047374832817,0,Home,1,29,17,8743,845,69212,14498,5776.75,0.8838295224490075,9,54714,0.22154600000000002,0.17777942637595576,797.2552254982068,0.1897702385421226,1,45.6
2020-04-27,43,51652,598,Employed,Master,24,32341,36,Widowed,3,Rent,527,0.13996289461177336,2,0,0.3281806068505763,0,Auto,0,22,24,1011,291,175342,23882,4304.333333333333,0.6471775112737176,6,151460,0.218341,0.21993170847402482,1235.0031907340067,0.4093556549370418,0,49.0
2020-04-28,18,15000,591,Employed,Master,0,18777,72,Divorced,2,Mortgage,555,0.20221675190186203,5,0,0.4779496354490395,0,Education,0,23,29,19680,2102,25885,84691,1250.0,0.9111529100274748,5,5208,0.238277,0.2474215542702403,502.83257159543314,0.8462660572763465,0,58.0
2020-04-29,61,109487,547,Employed,Bachelor,42,27676,96,Divorced,4,Rent,247,0.2549380909287937,2,0,0.3415365524987863,0,Auto,0,25,25,33575,773,34348,5958,9123.916666666666,0.9593033418285916,8,28390,0.289176,0.28195634424082294,728.6729437472053,0.10693575789789166,1,42.400000000000006
2020-04-30,52,102880,619,Employed,Associate,32,24204,72,Married,2,Mortgage,456,0.1936815419038092,3,3,0.1018335208508857,0,Education,0,21,8,458,293,157189,4617,8573.333333333334,0.7460176630458482,4,152572,0.22970400000000002,0.2531552430199388,656.6814516185267,0.12978399513435382,0,42.0
2020-05-01,32,62651,501,Employed,Bachelor,8,16408,48,Divorced,3,Own,311,0.31390606359612716,4,2,0.17493854790709637,0,Debt Consolidation,0,30,18,2479,493,335105,11398,5220.916666666667,0.6806972237488393,6,323707,0.260908,0.25448482781049236,548.1544772103612,0.16456008246515352,1,35.2
2020-05-02,48,69980,568,Self-Employed,Master,23,43674,60,Divorced,3,Own,281,0.09872938538608819,2,1,0.2462224283444336,0,Auto,0,27,3,2248,580,112727,12277,5831.666666666667,0.5499988882616713,3,100450,0.26467399999999996,0.2696789811326231,1332.7620490885195,0.2767239866970882,0,53.0
2020-05-03,18,20344,599,Employed,Associate,0,35612,48,Divorced,3,Mortgage,318,0.2174440591316721,5,0,0.15072104099009356,0,Other,1,21,24,4350,1577,26438,45627,1695.3333333333333,0.5579157428922261,4,9174,0.231112,0.2773344,1235.7288938588356,0.9164739837940439,0,58.0
2020-05-04,42,97072,617,Employed,High School,16,18417,60,Married,1,Rent,182,0.17544750524826963,4,2,0.1153743553222861,0,Auto,0,29,27,9043,523,27669,12968,8089.333333333333,0.7332152836614649,3,14701,0.21491700000000002,0.17575504754988536,463.4282372234423,0.07978756847166338,1,36.0
2020-05-05,39,129831,551,Employed,Master,17,27420,36,Single,1,Mortgage,238,0.011245498361992207,1,2,0.527503633978903,0,Other,0,23,17,484,760,128315,106560,10819.25,0.910992537237626,6,21755,0.23692,0.21775748617018995,1044.0038535483532,0.11849285796597298,1,44.0
2020-05-06,33,59076,588,Employed,Associate,10,7477,36,Divorced,2,Rent,701,0.2926083178254211,1,1,0.2436728998284962,0,Debt Consolidation,0,29,12,1056,1017,73114,16913,4923.0,0.4521736001323705,6,56201,0.19847700000000001,0.16765071247189206,265.7020508531448,0.19636442227364306,1,40.0
2020-05-07,51,29309,531,Self-Employed,Associate,26,27441,48,Single,1,Mortgage,207,0.3453378287891092,3,1,0.12224843973601889,0,Auto,0,26,14,6320,629,51569,22193,2442.4166666666665,0.8914351562848647,5,29376,0.256941,0.29481967808777193,979.7898334503919,0.4859080146509504,0,55.0
2020-05-08,30,28744,587,Employed,Associate,6,11758,48,Single,1,Other,313,0.06880500188694386,3,1,0.05418272477431041,0,Home,0,22,5,3455,4563,25916,20442,2395.3333333333335,0.8260390373578579,2,5474,0.213258,0.24170858679064822,384.44384995642275,0.2911677636890159,0,53.0
2020-05-09,22,25773,532,Employed,High School,0,40251,48,Married,0,Mortgage,445,0.19422960618070897,5,1,0.22320135017984202,0,Debt Consolidation,0,22,18,1707,726,420185,9804,2147.75,0.9340524221422641,2,410381,0.269251,0.27497662237327014,1391.2882207931598,0.8549822934667255,0,47.0
2020-05-10,37,53808,500,Employed,Associate,14,14960,60,Single,1,Other,274,0.2854936578007769,2,0,0.44391663366612016,0,Auto,0,26,19,4693,3473,9410,47881,4484.0,0.8619013744894789,7,8425,0.26996,0.2947736223529147,479.21534383186906,0.167978444208713,0,56.0
2020-05-11,51,27279,582,Employed,Master,30,33865,24,Married,2,Rent,428,0.3598816171402177,2,2,0.2677913583934177,0,Education,0,17,13,3105,605,18123,4337,2273.25,0.8109188958651704,7,13786,0.217865,0.21274671979459556,1744.7472773052389,0.9557889705510783,0,54.0
2020-05-12,41,59717,560,Employed,High School,21,29175,36,Married,2,Other,550,0.10902393169091523,2,2,0.24205538416631026,0,Education,0,15,26,1870,977,58341,66775,4976.416666666667,0.7918616867709484,2,4620,0.234175,0.28101,1208.3751823869666,0.3533416311710836,0,51.0
2020-05-13,46,63064,521,Unemployed,Associate,23,41296,12,Single,2,Own,485,0.3084837868732319,6,0,0.34679380787741515,1,Home,0,22,13,9932,886,38682,32392,5255.333333333333,0.7382438679741133,4,6290,0.24579600000000001,0.23915249195802532,3903.2395682094666,0.835006894876849,0,69.0
2020-05-14,38,30450,569,Employed,High School,16,59260,72,Divorced,2,Mortgage,731,0.24111380337433783,3,1,0.17935787431460307,0,Education,0,19,28,6927,2966,150758,8857,2537.5,0.8815756159848578,4,141901,0.28976,0.28386805782714436,1721.6188744628223,0.9665493101331321,0,47.0
2020-05-15,33,29939,560,Employed,Bachelor,6,28055,48,Widowed,1,Rent,351,0.2654658223756458,2,0,0.13700618039964937,0,Education,0,25,28,2976,164,253926,20975,2494.9166666666665,0.5581772423492583,1,232951,0.243055,0.2825954358511549,981.9479462383066,0.5342655183827008,0,48.0
2020-05-16,42,71973,655,Employed,Doctorate,18,25686,60,Married,3,Mortgage,202,0.25353676619473986,4,0,0.19261622440268494,0,Home,0,27,10,1742,1544,245251,19312,5997.75,0.6468925080148242,7,225939,0.20318599999999998,0.24382319999999996,744.6450216580492,0.1578333577855111,0,40.0
2020-05-17,61,38056,508,Employed,Associate,40,10829,48,Married,3,Own,209,0.4094318605301628,1,0,0.10913809435772875,0,Other,0,26,20,1505,4785,17349,12281,3171.3333333333335,0.9213285955316752,1,5068,0.251829,0.24501074433447523,356.0517272624173,0.17817481414623204,0,52.0
2020-05-18,45,43232,625,Employed,Bachelor,20,32056,72,Divorced,2,Mortgage,476,0.46959135298384796,4,1,0.23207771159712054,0,Debt Consolidation,1,20,3,2893,262,72808,56057,3602.6666666666665,0.9241420317465142,3,16751,0.23455600000000001,0.2251523992039228,815.2760092963993,0.3584222823731678,0,60.0
2020-05-19,18,39175,437,Employed,High School,0,28032,48,Married,0,Mortgage,360,0.13689432297937207,9,4,0.06224174882130215,0,Auto,0,27,11,5139,1141,17042,12806,3264.5833333333335,0.6510775935184034,4,4236,0.30453199999999997,0.29749989868987764,1005.2479889240976,0.4181997668689003,0,50.0
2020-05-20,58,57886,553,Employed,Bachelor,32,17753,48,Married,1,Own,352,0.27750760885675735,2,1,0.37737425538541775,1,Education,0,12,24,34720,3167,37887,20278,4823.833333333333,0.9675011312150454,5,17609,0.236253,0.20635626758198905,546.2606481261342,0.1862130355787861,0,66.0
2020-05-21,37,40049,564,Self-Employed,Bachelor,14,28503,24,Married,1,Other,292,0.23576799506452784,2,1,0.14379265458895407,0,Auto,0,21,3,4244,2405,29871,56444,3337.4166666666665,0.8637299458186191,6,10946,0.22150299999999998,0.20530371435621342,1458.0787474275933,0.5243812571882225,0,57.0
2020-05-22,45,30771,551,Employed,Master,20,27869,36,Married,0,Other,219,0.03515005587977754,3,2,0.2144762960372232,0,Home,0,32,6,7642,1073,23209,12336,2564.25,0.8953432671966421,5,10873,0.237369,0.26943979814653835,1136.9205069445043,0.5287785929392627,0,54.0
2020-05-23,37,83099,603,Employed,Associate,13,8359,72,Married,2,Rent,294,0.07635700642732922,2,4,0.4474399307036705,1,Home,0,23,5,9862,317,495415,51133,6924.916666666667,0.8238761414659822,5,444282,0.221859,0.2284823235680495,214.25847557762478,0.0733956089355046,1,47.2
2020-05-24,47,32595,601,Employed,Associate,26,23158,120,Single,2,Own,832,0.07151252184765886,4,1,0.47798425100008046,1,Home,0,33,26,1083,2442,178408,25434,2716.25,0.9424147929730876,7,152974,0.277658,0.25182753076113695,529.8148865102219,0.5013584487842511,0,61.0
2020-05-25,34,15907,612,Employed,High School,14,35055,48,Divorced,3,Mortgage,617,0.11305226555835325,0,1,0.04309540581267205,1,Home,0,35,9,1105,1017,366307,18641,1325.5833333333333,0.6823346180205716,3,347666,0.224055,0.268866,1199.5124266978996,1.3703494763547368,0,55.0
2020-05-26,41,32878,555,Employed,Bachelor,23,9452,60,Married,1,Rent,320,0.2155159862052807,1,0,0.2528467192281813,0,Auto,0,22,22,3267,1564,110783,41090,2739.8333333333335,0.8512910787411345,9,69693,0.236952,0.23315514660587547,268.1725373187433,0.21467456803409327,0,51.0
2020-05-27,38,38135,592,Employed,Associate,14,57175,36,Single,0,Mortgage,545,0.28205231393059504,0,0,0.168484105657621,0,Education,0,27,29,16584,5325,21909,137949,3177.9166666666665,0.8807172359759609,7,4610,0.246175,0.2590668068137674,2300.7749475253518,0.8954844465793687,0,51.0
2020-05-28,63,74251,507,Employed,Associate,42,18356,72,Single,2,Mortgage,232,0.17960724672878928,1,1,0.32690676598206475,0,Debt Consolidation,0,19,16,2671,1165,40327,15879,6187.583333333333,0.8699838496593947,8,24448,0.279856,0.2935924125716603,544.6648105592445,0.1255198950412915,0,53.0
2020-05-29,43,57814,634,Self-Employed,Master,21,26327,108,Married,3,Own,394,0.5722660401691679,1,1,0.0994589536170246,0,Home,0,24,13,9863,90,47096,25747,4817.833333333333,0.798901206012604,7,21349,0.25432699999999997,0.25443516858593596,622.8130555195337,0.2110519366629952,0,51.0
2020-05-30,44,39458,576,Employed,Doctorate,20,31626,60,Married,0,Own,372,0.19156401805674153,1,0,0.05092506873496775,0,Debt Consolidation,0,28,28,4952,2831,43802,11939,3288.1666666666665,0.596680558551761,7,31863,0.248626,0.2582957669760878,943.7090604419303,0.4001345411653699,0,50.0
2020-05-31,37,73003,556,Employed,Associate,15,31392,36,Single,5,Mortgage,224,0.4463792845011651,5,0,0.2672267659645713,0,Auto,0,25,12,11698,707,40125,32920,6083.583333333333,0.9281768673226195,4,7205,0.238392,0.2505428050324061,1249.0418417201788,0.24213391368357665,0,53.0
2020-06-01,42,45476,596,Employed,Bachelor,19,36155,48,Married,1,Mortgage,278,0.19104832437097388,4,0,0.3900558867384961,0,Debt Consolidation,0,19,25,1064,208,9714,16498,3789.6666666666665,0.5432473838915481,5,4327,0.233155,0.22737212932857356,1153.621664616229,0.3777698121073698,0,54.0
2020-06-02,22,38369,564,Employed,High School,1,11913,72,Married,2,Rent,149,0.15774421776586312,2,1,0.24323463932658995,0,Debt Consolidation,0,37,7,2460,1078,19126,33300,3197.4166666666665,0.8272333697693391,3,7224,0.244913,0.21872828769417557,298.4289553292383,0.13993451650944408,0,53.0
2020-06-03,42,41265,629,Self-Employed,Bachelor,19,26781,36,Married,0,Own,401,0.3800211726493161,3,0,0.2839519677186164,0,Other,0,26,1,16224,871,32189,6269,3438.75,0.8843110892931576,1,25920,0.197281,0.17789824084119976,965.3760027539895,0.39734671108803765,0,57.0
2020-06-04,34,104691,569,Employed,Master,9,23105,36,Married,1,Own,306,0.49721028210292983,3,2,0.4605712351645097,0,Debt Consolidation,0,28,25,1161,258,28826,19280,8724.25,0.8947838634245532,2,9546,0.22360500000000003,0.22782686500013125,891.773249310648,0.13729240327943926,1,44.800000000000004
2020-06-05,34,38425,531,Self-Employed,High School,10,31686,72,Married,5,Rent,280,0.2620660260685463,1,1,0.353857964486922,0,Auto,0,35,13,8302,458,18286,393212,3202.0833333333335,0.9385941366582826,5,1750,0.281186,0.2686657957580712,890.1788859217547,0.365442983241667,0,58.0
2020-06-06,19,37708,524,Unemployed,Master,0,29522,36,Married,2,Other,368,0.18997375789638118,3,0,0.20506705707155656,0,Debt Consolidation,0,29,22,1183,1164,85272,22846,3142.3333333333335,0.8653402854735176,8,62426,0.252522,0.27377828284069033,1211.2340667460494,0.5025673279132437,0,53.0
2020-06-07,48,33222,644,Employed,Master,25,10329,60,Single,1,Rent,326,0.2678670967433518,3,1,0.480890123457906,0,Other,0,28,7,1052,1119,69744,208393,2768.5,0.9465513116214898,8,6080,0.19332900000000003,0.1873262141346112,266.42262328959134,0.21398686049831725,0,55.0
2020-06-08,41,28422,631,Unemployed,Bachelor,15,22167,36,Married,1,Own,270,0.5484123989789824,1,1,0.3528484360618211,0,Education,0,26,1,2133,3052,42026,16816,2368.5,0.7149675559443545,8,25210,0.191667,0.17769229460947294,798.8263065603675,0.4512671760862856,0,61.0
2020-06-09,72,31328,629,Employed,High School,49,42939,60,Divorced,1,Rent,312,0.25372862560804355,2,0,0.005178583677915805,0,Other,0,22,4,2411,920,526202,58818,2610.6666666666665,0.7991259594066873,3,467384,0.233439,0.24314169297893162,1243.110273725256,0.5956755389652412,0,45.0
2020-06-10,49,85744,551,Employed,High School,28,15744,12,Married,0,Own,524,0.4383622916564818,0,1,0.14573411896514293,0,Home,0,32,15,418,4784,263153,8843,7145.333333333333,0.5123755002157606,6,254310,0.205244,0.21347376841397836,1468.6093501052048,0.2788686345547497,1,35.2
2020-06-11,46,148459,545,Employed,Bachelor,23,18078,84,Married,0,Own,328,0.29890399765569375,3,1,0.26818169568346706,0,Home,0,26,26,7116,19446,405706,17533,7976.833333333333,0.8411531301526903,4,388173,0.270578,0.27696058797102285,489.19890766939733,0.1024465315395914,1,35.2
2020-06-12,39,26825,592,Employed,Bachelor,14,32233,24,Married,4,Mortgage,518,0.41323309676234665,2,1,0.11587519131140916,0,Auto,1,17,27,490,674,335759,96288,2235.4166666666665,0.7665221902705575,10,239471,0.21123299999999998,0.2172080945108567,1667.7478466186408,0.9777809565488794,0,55.0
2020-06-13,51,33328,617,Employed,Bachelor,28,16934,12,Married,2,Other,342,0.22838874013589128,4,1,0.41420332580568936,0,Auto,0,26,29,2815,1077,139575,8676,2777.3333333333335,0.8651723847336895,7,130899,0.17343400000000003,0.14493071897196058,1524.3865137367993,0.6720066660118096,0,50.0
2020-06-14,39,75159,552,Employed,Bachelor,20,28662,48,Single,1,Other,193,0.551644909543777,3,2,0.29395992940711374,0,Home,0,22,15,4855,221,175908,5671,6263.25,0.9457279627136218,8,170237,0.247662,0.22088621443671871,904.4067567971173,0.17521362819576378,1,39.2
2020-06-15,51,68345,589,Employed,High School,29,22964,36,Married,1,Mortgage,263,0.3380098976085103,2,0,0.4872842448681019,0,Home,0,22,9,12846,496,47736,22741,5695.416666666667,0.8349950195609607,7,24995,0.21346400000000001,0.20848542510060578,863.3855007885063,0.19777051736721157,0,57.0
2020-06-16,69,57676,623,Employed,Doctorate,45,15655,24,Married,4,Mortgage,519,0.21195038887233955,4,0,0.29549665446041856,0,Education,1,28,21,2994,2535,9692,13801,4806.333333333333,0.7816443565766271,2,7816,0.179155,0.1895137253804594,788.7770909985081,0.27209454698630453,0,55.0
2020-06-17,35,86045,571,Employed,Bachelor,17,17537,36,Single,4,Mortgage,407,0.23237613578691332,0,1,0.34680925857369665,0,Home,0,13,5,1789,638,70588,7630,7170.416666666667,0.8532907273772565,5,62958,0.217037,0.2332700320431371,681.8449265097593,0.15185239256339253,1,42.400000000000006
2020-06-18,35,65615,588,Employed,Bachelor,13,12605,48,Widowed,2,Mortgage,729,0.5053977597471825,5,2,0.1600287181513916,0,Education,0,20,14,1104,1089,65684,41898,5467.916666666667,0.5545685149914418,3,23786,0.21360500000000002,0.1978273433747103,382.11710266835695,0.2032066635985717,1,40.800000000000004
2020-06-19,25,41985,572,Employed,High School,1,31018,36,Married,2,Own,494,0.09404791397616598,1,0,0.03802387508623468,0,Debt Consolidation,0,20,27,3545,181,11501,105456,3498.75,0.7387835053923029,1,6246,0.230018,0.21605116546531075,1178.2643538799573,0.4779605155784087,0,50.0
2020-06-20,39,30494,549,Employed,Bachelor,18,33830,36,Divorced,1,Mortgage,358,0.1968993899477721,1,1,0.4527085962212183,0,Debt Consolidation,0,22,2,1187,149,63875,12478,2541.1666666666665,0.8260598617141052,4,51397,0.24433,0.2536595664571649,1351.6313540730398,0.6727741932470807,0,58.0
2020-06-21,29,37966,452,Unemployed,High School,5,24865,36,Single,3,Mortgage,247,0.5578088525387817,4,1,0.387255296544368,0,Education,0,29,16,6833,274,9816,72819,3163.8333333333335,0.8904475436093527,4,2855,0.28386500000000003,0.2792500088382338,1027.498375537806,0.40283360128677426,0,59.0
2020-06-22,41,39176,622,Unemployed,Bachelor,20,18482,84,Married,1,Rent,248,0.3751918721756146,1,1,0.18680811955813242,0,Debt Consolidation,0,19,21,16954,180,33812,113082,3264.6666666666665,0.5360167821624964,5,4598,0.23248200000000002,0.2137629988304479,425.86731177755274,0.20641228663800879,0,51.0
2020-06-23,46,50839,502,Self-Employed,Bachelor,23,11052,60,Single,0,Rent,491,0.1866499973078832,7,1,0.23293009272633503,0,Home,0,25,16,1044,4802,505584,19901,4236.583333333333,0.9148416198590067,5,485683,0.265052,0.26868906505892054,336.61101633190526,0.1953486928535743,1,38.400000000000006
2020-06-24,33,51821,582,Employed,High School,7,11459,36,Married,2,Rent,324,0.16542782199744882,1,0,0.30470037841979053,0,Home,0,25,2,2149,3545,148319,20783,4318.416666666667,0.9186461201697015,2,127536,0.205459,0.18251713643322362,415.7186862854222,0.17129395873150008,0,53.0
2020-06-25,38,72377,623,Unemployed,Associate,13,28670,108,Married,2,Mortgage,188,0.05464464087970842,5,1,0.06530556916684715,0,Home,0,20,10,4920,281,108494,43032,6031.416666666667,0.8353959250093593,7,65462,0.26217,0.2638463640812706,696.9106634359988,0.1467168846626965,0,47.0
2020-06-26,32,49584,483,Employed,High School,8,36914,36,Widowed,4,Own,259,0.008152577143215928,3,1,0.3843377478504184,0,Home,1,27,23,4103,1277,11840,6662,4132.0,0.6394962091852242,4,5178,0.28041400000000005,0.30139404977900425,1569.8773962888242,0.4426131162364047,0,60.0
2020-06-27,46,22729,650,Employed,Associate,24,27984,60,Married,1,Rent,140,0.46644012097841775,2,3,0.4178851372541554,0,Debt Consolidation,0,18,19,5301,7125,50572,5994,1894.0833333333333,0.8968064631132047,5,44578,0.207984,0.19512416887095943,733.8332898913815,0.461348914545144,0,53.0
2020-06-28,29,19573,604,Employed,High School,7,19354,48,Married,2,Mortgage,346,0.10432498519436406,3,0,0.3150515446252544,0,Debt Consolidation,0,28,13,1085,1110,172575,131291,1631.0833333333333,0.7957407953206815,6,41284,0.21235400000000001,0.1835682456718276,572.1387751921567,0.5629012058604139,0,52.0
2020-06-29,56,82093,631,Unemployed,Bachelor,30,19749,108,Married,2,Mortgage,670,0.4760068414559644,4,1,0.2740055954942252,0,Home,0,19,13,1924,1289,5184,6073,6841.083333333333,0.6548502142686226,9,6565,0.249249,0.24104818792027313,449.12986863225734,0.16358956821637763,0,52.0
2020-06-30,58,84828,547,Employed,Associate,34,27287,48,Married,5,Rent,706,0.506796525275798,1,0,0.20344120477482552,0,Home,0,34,1,4123,2564,19704,5537,7069.0,0.7860957571343224,6,14167,0.248787,0.2525966177730534,908.7148751514471,0.22842196564598205,0,56.0
2020-07-01,53,50982,616,Employed,Associate,28,17246,48,Divorced,2,Own,197,0.10312957546918924,0,0,0.3999481708514,0,Auto,0,28,18,1306,169,92397,5499,4248.5,0.7892125414955432,9,86898,0.20424600000000004,0.16339680000000004,491.7619328044329,0.16211884966563092,1,38.400000000000006
2020-07-02,26,50332,611,Employed,Bachelor,6,21542,36,Married,1,Mortgage,841,0.331813613122904,1,1,0.12129749368464927,0,Debt Consolidation,1,22,2,5639,1394,48461,105996,4194.333333333333,0.8428434217819107,9,3242,0.201042,0.17827558812068922,776.9326820397489,0.38574251340056004,0,57.0
2020-07-03,36,69716,573,Self-Employed,High School,12,21733,48,Single,4,Rent,431,0.3961495308833238,5,2,0.11179418798802396,0,Home,0,22,11,3414,690,104805,31669,5809.666666666667,0.714585823160104,4,73136,0.23023300000000002,0.25372849228174804,725.1307046374193,0.1990012114241929,0,51.0
2020-07-04,26,62278,573,Employed,Bachelor,5,9679,84,Married,1,Rent,309,0.2546654609334919,0,0,0.029022731220098706,0,Other,0,32,5,1591,1128,124109,4480,5189.833333333333,0.9471123030601202,3,119629,0.248179,0.27449220368351473,260.34865310419457,0.10970461217846326,0,48.0
2020-07-05,59,47069,596,Self-Employed,Bachelor,39,22591,120,Single,4,Own,462,0.3499335218278537,5,1,0.3157611589501998,1,Other,0,22,10,1962,847,80980,11402,2466.6666666666665,0.710097702430482,4,69578,0.27959100000000003,0.28119332203996933,564.4022826857613,0.4161090335212546,0,68.0
2020-07-06,50,142522,628,Employed,High School,29,22044,48,Single,1,Mortgage,283,0.26695014195503847,4,0,0.5625807969293164,0,Other,0,19,10,475,9911,51955,21936,11876.833333333334,0.7885909057899998,5,30019,0.20304400000000003,0.22417630974282593,699.5276327189736,0.08272639727640423,1,42.400000000000006
2020-07-07,52,27736,452,Employed,Associate,30,43606,84,Single,2,Rent,247,0.5346234488218611,2,0,0.4524429991275804,0,Auto,0,23,15,409,2420,13439,27325,2311.3333333333335,0.7397823152709779,6,9202,0.342606,0.3485970508345882,1392.3758281591038,0.7092771105389835,0,59.0
2020-07-08,47,90011,585,Employed,Bachelor,27,13537,108,Single,2,Own,274,0.2484493341678854,2,1,0.016801862872597287,0,Home,0,18,9,4142,1577,41549,16230,7500.916666666667,0.6357705053292915,5,25319,0.26603699999999997,0.264139477775517,329.3334841464673,0.08043463365319357,1,40.0
2020-07-09,32,37556,600,Self-Employed,Associate,11,13651,48,Married,0,Own,368,0.05392206225966536,6,1,0.31031919409134373,0,Debt Consolidation,0,25,18,552,2248,104582,20352,3129.6666666666665,0.8465855707083277,7,84230,0.208651,0.22604901886689074,434.5849266635895,0.25644421983073473,0,52.0
2020-07-10,29,28226,502,Employed,Master,4,40841,24,Widowed,0,Other,435,0.4709047251118185,1,0,0.08775346918002255,0,Home,0,17,2,2626,1583,43696,21080,2352.1666666666665,0.8693871986694077,4,22616,0.264841,0.2984347015066396,2280.246090605773,1.1543595651976646,0,57.0
2020-07-11,38,52343,595,Employed,High School,15,16434,84,Married,1,Mortgage,227,0.4197776220631951,6,2,0.2933894681158355,0,Home,1,16,16,7243,4013,17944,88938,4361.916666666667,0.898731973981478,5,4509,0.243934,0.2862458624512411,454.794522324292,0.1563061778631623,0,59.0
2020-07-12,41,144867,583,Employed,Bachelor,21,21657,36,Divorced,3,Mortgage,333,0.3407830474256615,4,0,0.264765499716179,0,Home,0,28,7,1367,3530,34402,44909,12072.25,0.807488842201919,9,3590,0.21515700000000001,0.2090660762567564,814.890822704415,0.09508507715665389,1,40.800000000000004
2020-07-13,27,187839,626,Employed,Bachelor,7,24614,72,Divorced,1,Mortgage,1022,0.3452375819801756,3,0,0.16433421884564015,0,Debt Consolidation,0,23,15,1103,115,66931,18455,15653.25,0.8863276974870724,3,48476,0.226614,0.23830601606529359,645.4798017542496,0.10652610810881125,1,36.0
2020-07-14,41,28940,502,Employed,High School,18,27312,72,Single,2,Mortgage,448,0.08120303914863802,3,2,0.3563192892172798,0,Other,0,28,17,255,462,159585,18786,2411.6666666666665,0.8074464624855535,5,140799,0.291312,0.23304960000000002,707.558635684639,0.47915354624103895,0,51.0
2020-07-15,41,18476,594,Employed,Bachelor,19,21765,48,Single,0,Mortgage,426,0.3907141403797174,1,1,0.3959953773755331,0,Auto,0,27,24,2290,1273,45177,10167,1539.6666666666667,0.62686327595055,2,35010,0.21976500000000002,0.21460852983681766,679.3750381949822,0.7179313952338052,0,56.0
2020-07-16,32,15000,610,Employed,Master,6,7196,48,Widowed,1,Own,285,0.2534376935999391,2,1,0.028687642040125035,0,Education,0,23,27,14673,2401,19187,12471,1250.0,0.9569129436885103,7,6716,0.197196,0.18508884579082097,213.30082139987255,0.39864065711989805,0,49.0
2020-07-17,37,75874,585,Employed,Bachelor,14,38586,48,Married,2,Own,624,0.35989174017356323,2,0,0.13799054395769186,0,Home,0,27,19,14527,312,46790,25840,6322.833333333333,0.931813729707313,5,20950,0.24108600000000002,0.25182815673245146,1283.3384864360137,0.30165882696618296,0,50.0
2020-07-18,46,77985,500,Employed,Bachelor,23,34765,60,Married,0,Rent,339,0.09941024631305946,4,1,0.27536820484444696,0,Home,0,23,24,9750,871,220816,124244,6498.75,0.5279610434516109,11,96572,0.289765,0.2792972127544185,1080.963313419816,0.21849791320174125,0,49.0
2020-07-19,45,34990,598,Employed,Bachelor,23,16442,60,Married,5,Rent,810,0.14762046840992488,4,1,0.3126375210364928,0,Debt Consolidation,0,34,6,9502,1034,55642,18731,2915.8333333333335,0.8970779889195192,4,36911,0.22244199999999997,0.25986039231709174,492.1453118796885,0.4465774147629683,0,56.0
2020-07-20,36,21823,567,Self-Employed,Bachelor,12,5818,120,Single,0,Rent,646,0.6998742085473096,2,0,0.18513552177069456,0,Education,0,22,20,1030,285,98240,22210,1818.5833333333333,0.715861703397746,4,76030,0.27731799999999995,0.23790638464257483,127.42746075424817,0.42529118494482787,0,55.0
2020-07-21,42,25383,508,Employed,Bachelor,19,17360,120,Divorced,0,Other,337,0.22842080479811658,2,2,0.3773610088556458,0,Home,0,25,4,221,741,28170,75095,2115.25,0.5202810394032481,6,2257,0.31836,0.3138591739888861,475.50842513685427,0.38411933584061186,0,59.0
2020-07-22,37,41164,630,Employed,Bachelor,11,31722,48,Single,0,Mortgage,595,0.33776668694692225,2,1,0.29217800907085123,0,Home,0,18,20,7223,222,72072,7642,3430.3333333333335,0.9612714638617708,4,64430,0.21172200000000002,0.19488648232851322,956.6905692252004,0.45234396148825196,0,48.0
2020-07-23,64,19071,630,Self-Employed,Bachelor,40,57232,60,Divorced,2,Rent,397,0.6978298254379776,1,2,0.3157759360592878,1,Home,1,27,29,9214,661,62836,110981,1589.25,0.9002760112966376,6,8810,0.247232,0.21834413691017637,1575.3020704965086,1.2410269438392378,0,76.0
2020-07-24,51,52230,603,Employed,Master,25,15432,60,Widowed,2,Own,788,0.6027523725975344,4,1,0.03956437406933598,0,Debt Consolidation,0,27,23,457,1556,29180,8212,4352.5,0.8128758174290003,5,20968,0.21893200000000002,0.23333060817797638,437.99343556330876,0.2816756888140859,0,49.0
2020-07-25,30,54160,565,Employed,Bachelor,6,10536,12,Married,0,Other,358,0.1628772552586031,7,2,0.343121380231441,0,Other,0,21,21,6473,722,267335,9918,4513.333333333333,0.8421033773107893,5,257417,0.19303599999999999,0.19118873289923158,971.559547962418,0.2945848333742433,1,37.6
2020-07-26,18,35892,512,Employed,Associate,0,11142,24,Single,0,Own,1145,0.43893501295365317,5,1,0.30519251811405756,0,Debt Consolidation,0,27,18,3386,172,18233,109727,2991.0,0.8364605997000978,3,3417,0.230142,0.2102862051882405,572.695566534065,0.5742880530036995,0,56.0
2020-07-27,36,127842,586,Employed,High School,15,12962,36,Married,3,Own,171,0.07728503547288168,5,0,0.09715629748785651,0,Auto,0,21,25,2538,9725,16322,50015,10653.5,0.8229769637712531,10,5333,0.204962,0.2392697584915572,508.0393825395367,0.06373861947149169,1,37.6
2020-07-28,64,81483,689,Employed,Bachelor,46,12254,36,Single,2,Mortgage,195,0.07518284581062357,0,1,0.6324820309510086,0,Auto,0,27,15,2527,2934,785965,35802,6790.25,0.8600081934043552,6,750163,0.152754,0.14301959028711028,420.6120763240621,0.090661179827556,1,33.6
2020-07-29,34,44067,455,Employed,Associate,11,34135,12,Single,2,Own,290,0.1505379125789559,0,0,0.5466207609904049,0,Auto,0,18,3,2634,2983,26480,25942,3672.25,0.9055897348175881,4,6110,0.271635,0.2920565288980415,3314.3997059099675,0.9815235089958384,0,61.0
2020-07-30,32,48617,555,Employed,Bachelor,9,20258,84,Married,1,Rent,233,0.21965889328794053,8,2,0.26774077696749526,0,Education,0,35,15,854,1705,24950,39185,4051.4166666666665,0.7375190962843031,5,1387,0.267758,0.24848592944187017,510.8036732266801,0.18359100888002472,0,53.0
2020-07-31,43,173764,611,Employed,Bachelor,20,28605,60,Single,1,Rent,349,0.017972128840166305,2,1,0.21808964224451488,0,Auto,0,19,20,5670,9891,15561,110813,14480.333333333334,0.9129484599113699,7,3668,0.228105,0.182484,730.249890522439,0.07453211646986296,1,36.800000000000004
2020-08-01,53,64057,670,Employed,High School,33,22961,24,Widowed,0,Mortgage,309,0.1872077920022187,3,1,0.08359281235853085,0,Education,0,28,18,25115,289,222414,51818,5338.083333333333,0.7933518185547295,6,170596,0.162961,0.1711718736984847,1136.5371406045986,0.2707970352538393,1,31.200000000000003
2020-08-02,28,102171,618,Employed,Associate,6,22134,48,Divorced,4,Own,748,0.15727953960729996,2,1,0.4750841961562742,0,Education,0,32,13,1154,1879,51990,45681,8514.25,0.8902327007503731,4,6309,0.208134,0.19736968460217352,670.4476403219915,0.1665968981791692,1,40.800000000000004
2020-08-03,51,32843,553,Employed,High School,27,27570,36,Married,3,Rent,330,0.33050105380615247,3,0,0.20477519089097368,0,Debt Consolidation,0,17,7,2053,613,8763,8441,2736.9166666666665,0.9789291454498574,5,3605,0.23607,0.23672094472147603,1076.9087551126527,0.5140488098332013,0,54.0
2020-08-04,38,43339,572,Employed,High School,11,48736,24,Married,0,Rent,394,0.37208142339687417,4,3,0.09891131326113674,0,Home,1,24,19,419,410,160077,34438,3611.5833333333335,0.7893312269545628,4,125639,0.237736,0.2834811564079732,2683.698718722684,0.8521743608452481,0,53.0
2020-08-05,30,32553,618,Employed,Associate,7,23431,48,Married,1,Mortgage,472,0.060940223974388495,5,0,0.35844048959884045,0,Other,0,13,29,990,607,41004,9390,2712.75,0.743471204217589,8,31614,0.20943100000000003,0.19732559065847385,709.6793779198554,0.43560201932351134,0,51.0
2020-08-06,26,15000,598,Employed,Bachelor,4,37316,36,Married,0,Mortgage,391,0.3769136344041543,2,1,0.16861192244450343,0,Debt Consolidation,0,27,15,620,415,103173,47454,1250.0,0.9076531965431641,7,55719,0.223316,0.21849388391565974,1422.2090824858649,1.450567265988692,0,50.0
2020-08-07,22,25057,509,Employed,Associate,0,30150,48,Single,0,Own,357,0.4162604907262108,2,0,0.3640722033027008,0,Education,0,26,9,8981,935,22095,9289,1250.0,0.8257052436427875,6,12806,0.27065,0.29617383552608945,1078.8815783301736,1.148705262664139,0,58.0
2020-08-08,34,29572,623,Self-Employed,Master,9,29305,108,Married,4,Own,284,0.30739501631138283,2,3,0.08323893726183865,0,Home,0,24,19,59995,319,60314,1980,2464.3333333333335,0.8042604243919341,7,58334,0.262805,0.2406530045096123,665.6661522809334,0.38536432528646014,0,50.0
2020-08-09,39,35021,547,Employed,High School,17,26134,36,Married,4,Mortgage,563,0.16780248403556938,3,0,0.14839274947469483,0,Home,0,28,14,1306,3485,68246,12496,2918.4166666666665,0.7105355474497304,9,55750,0.23763399999999998,0.24937667576307893,1038.2219287406324,0.5486611788609003,0,48.0
2020-08-10,52,32156,488,Employed,Associate,30,13466,36,Married,1,Other,319,0.14775474106290612,3,3,0.3490600554481189,0,Debt Consolidation,0,15,20,1344,760,21839,60071,2679.6666666666665,0.954055837681828,2,2454,0.25446599999999997,0.22180858578268803,515.5334252461555,0.31143180442075713,0,54.0
2020-08-11,48,40837,609,Employed,Master,28,19664,72,Divorced,3,Other,749,0.22356518423983898,4,0,0.2409172589423854,0,Debt Consolidation,0,23,12,4141,695,174764,33854,3403.0833333333335,0.6929681232948907,4,140910,0.23016399999999998,0.21075666920904254,483.3491385709597,0.36212722929822255,0,46.0
2020-08-12,57,50922,597,Employed,Associate,36,20653,108,Married,0,Own,600,0.3257404915583344,5,0,0.110241943266269,0,Auto,0,17,27,3534,567,110169,4704,4243.5,0.8653770973888634,4,105465,0.267153,0.2639521478767776,502.1852658385026,0.25973495129928187,0,46.0
2020-08-13,64,33984,648,Employed,Master,43,18366,60,Single,1,Other,194,0.4489607579291717,6,2,0.12315121543226078,0,Home,0,24,29,1816,132,24243,57706,2832.0,0.9176370591885079,5,8108,0.199366,0.1856006482549646,471.98936720328913,0.23516573700681115,0,49.0
2020-08-14,78,83208,558,Employed,High School,58,9509,60,Married,3,Mortgage,345,0.3879224144845676,2,1,0.11523458675474052,0,Auto,0,25,11,1279,267,275513,10084,6934.0,0.6722325692644264,5,265429,0.23550899999999997,0.1995983658989503,251.71788461649126,0.08605680481922284,1,34.4
2020-08-15,46,68386,584,Employed,Associate,23,26359,60,Married,2,Mortgage,185,0.35512243342904803,3,0,0.23201532587793117,0,Auto,0,23,25,587,2030,12377,6792,5698.833333333333,0.8302486855931234,7,5585,0.239359,0.2258951297945214,736.8693045968125,0.1617645666534342,1,41.6
2020-08-16,50,23688,571,Self-Employed,Bachelor,29,15969,12,Married,1,Own,332,0.2806265658602828,1,1,0.07473596719380035,0,Debt Consolidation,0,18,1,17953,14774,32727,31409,1974.0,0.8274092125107213,3,1318,0.19546900000000003,0.17503719555037714,1460.268788742185,0.9079375829494352,0,59.0
2020-08-17,42,76363,618,Unemployed,Bachelor,23,28049,72,Married,0,Mortgage,353,0.09395918070224686,3,0,0.35404802012704883,0,Education,0,30,6,23511,2131,338607,126132,6363.583333333333,0.927329833647776,5,212475,0.234049,0.21774899686170612,701.0198850920159,0.16563307650438291,1,40.800000000000004
2020-08-18,22,123741,611,Employed,Master,0,15661,36,Single,0,Own,1022,0.49636254635555876,0,0,0.2827904989319901,0,Education,0,22,18,559,1013,101489,39479,10311.75,0.6043408246879708,3,62010,0.195161,0.2057420754115528,586.6109952708633,0.15599786605288757,1,36.800000000000004
2020-08-19,31,70131,558,Employed,Master,9,13257,84,Married,5,Own,349,0.3898418285998376,3,0,0.34599113262397346,0,Education,0,30,13,13490,2464,61490,5110,5844.25,0.9283379510165878,3,56380,0.25925699999999996,0.2965554033586923,375.9912228051799,0.12405205506355475,0,52.0
2020-08-20,60,49793,577,Self-Employed,Master,34,42975,60,Divorced,1,Rent,201,0.37328652057500733,4,1,0.08038390794098747,0,Debt Consolidation,0,21,21,3520,667,43441,11963,4149.416666666667,0.5646918853654633,2,31478,0.259475,0.26959485287090545,1311.2152497106072,0.3644404433660813,0,54.0
2020-08-21,33,41850,536,Employed,Doctorate,10,26725,36,Married,1,Rent,144,0.29789869756878945,2,1,0.15375727171335093,0,Debt Consolidation,1,23,24,3519,365,304778,1600,3487.5,0.9726624039147302,7,303178,0.243725,0.24687547997715006,1058.1699765795158,0.34470823701204756,0,51.0
2020-08-22,59,30096,644,Employed,Bachelor,41,11425,60,Married,0,Rent,433,0.22545644332376374,1,1,0.27088680364915224,0,Debt Consolidation,0,21,18,3628,1068,48152,113201,2508.0,0.8257784011857223,9,1617,0.19442500000000001,0.23331000000000002,324.2525616496256,0.3019348331936306,0,50.0
2020-08-23,25,69966,468,Employed,High School,2,12352,60,Widowed,2,Rent,258,0.05320945300194234,4,2,0.6282278055076158,0,Home,1,17,22,2077,1185,58207,9046,5830.5,0.7721901920794948,8,49161,0.283352,0.2884521879839231,390.91244943431036,0.11129619233930373,0,63.0
2020-08-24,40,37101,565,Employed,High School,17,28116,48,Single,0,Own,292,0.7798328939868848,5,3,0.4763149463783447,0,Other,0,24,1,3042,1155,39968,19323,3091.75,0.5518370548534477,4,20645,0.240616,0.2605535880304879,948.8716889455833,0.40134929698248023,0,63.0
2020-08-25,48,73213,540,Unemployed,Bachelor,25,31795,36,Single,1,Rent,94,0.5713668169774607,3,3,0.22691218565155272,0,Auto,1,20,9,3747,1422,27607,90111,6101.083333333333,0.7103952256963934,8,10430,0.246795,0.25164960086626,1266.9392823732408,0.22306518498735048,0,63.0
2020-08-26,33,41836,522,Self-Employed,High School,10,11793,60,Single,4,Own,490,0.385523948975919,3,0,0.0840175899325946,0,Auto,0,24,23,4042,1772,97554,10641,3486.3333333333335,0.8602689853947876,1,86913,0.255793,0.24594881060660662,343.3448509628537,0.23903189147036627,0,52.0
2020-08-27,44,142411,598,Employed,High School,21,15722,72,Single,1,Own,741,0.45117875317605644,3,2,0.1293958962441375,0,Education,0,20,6,4216,2062,41296,14718,11867.583333333334,0.8437487423551727,3,26578,0.23172199999999998,0.22500239039666436,399.71473906506395,0.0961202215333139,1,40.800000000000004
2020-08-28,21,42664,587,Employed,High School,0,31851,60,Married,2,Mortgage,480,0.21225582217664557,1,1,0.12661893093538007,0,Other,1,34,10,576,1324,15292,40668,3555.3333333333335,0.925059124741917,2,10514,0.24335099999999998,0.248296867609002,931.691400137808,0.397063022727679,0,57.0
2020-08-29,37,63542,594,Employed,Bachelor,15,17892,24,Married,3,Mortgage,686,0.09964265933457177,4,4,0.25214005186665706,0,Debt Consolidation,0,25,21,8676,654,158792,3977,5295.166666666667,0.8372674991940158,2,154815,0.19589199999999998,0.1697890412765248,884.4396374350888,0.2965798314378059,1,37.6
2020-08-30,44,86352,592,Employed,Bachelor,22,17464,60,Married,1,Mortgage,714,0.08794650375160129,1,2,0.3925761049121783,0,Education,0,20,1,632,5305,98725,24190,7196.0,0.9635754302985315,5,74535,0.226464,0.2293939757450378,491.71050809437753,0.16755287772295407,1,43.2
2020-08-31,40,41927,557,Employed,High School,17,21590,36,Single,2,Own,310,0.45920185525363366,1,0,0.18422332591056081,0,Education,0,28,19,3418,1299,159407,25960,3493.9166666666665,0.9627280302100564,2,133447,0.22809,0.2554694883709382,864.672403716017,0.33620504316054584,0,48.0
2020-09-01,66,69634,595,Employed,Associate,44,28139,12,Single,2,Rent,538,0.28317352985177124,2,1,0.2585084474859569,0,Debt Consolidation,0,26,3,11897,1127,25584,5503,5802.833333333333,0.9113904256727656,8,20081,0.195639,0.20921224993475748,2619.064743896309,0.5440557332158962,0,55.0
2020-09-02,18,85777,640,Employed,Bachelor,0,9976,36,Married,2,Mortgage,409,0.4332923598606795,4,0,0.17126174723573953,1,Debt Consolidation,0,21,1,3266,576,71095,63006,7148.083333333333,0.8398369020346047,6,8089,0.17497600000000002,0.17594181537581385,358.6286510076804,0.10738943786903442,0,63.0
2020-09-03,18,25205,585,Employed,Bachelor,0,7506,84,Divorced,2,Mortgage,314,0.23476634151903553,5,2,0.1602306446960018,0,Auto,1,26,1,7817,358,317231,44491,2100.4166666666665,0.49394665309188845,5,272740,0.24000600000000002,0.24345100068440567,186.85758311461464,0.2384562982493702,0,56.0
2020-09-04,46,16268,549,Employed,Bachelor,22,42835,48,Married,4,Mortgage,279,0.04610723768871192,2,0,0.3952379418166589,1,Other,0,24,17,748,1341,30982,18717,1355.6666666666667,0.7469082200135145,4,12265,0.263335,0.3105856130095828,1568.800523667252,1.3630198109175697,0,67.0
2020-09-05,46,32335,595,Employed,High School,26,44852,60,Single,0,Mortgage,684,0.24603877660730228,7,2,0.31301409975044525,0,Education,1,25,11,8457,124,27997,39904,2694.5833333333335,0.9481182643429291,4,6291,0.252352,0.22415244842872725,1249.375950840195,0.7175046052290811,0,61.0
2020-09-06,41,53252,540,Employed,Master,23,11641,48,Married,1,Own,222,0.45986972922773084,6,1,0.3014708554676673,0,Education,0,22,3,529,1904,223039,61048,4437.666666666667,0.8524167459366294,6,161991,0.23664100000000002,0.21531770338597636,363.80951776460523,0.1320084543899809,1,43.2
2020-09-07,42,60629,614,Employed,Bachelor,19,28676,60,Single,4,Rent,496,0.4905801726625427,3,3,0.4072167735260562,0,Education,0,35,6,3507,401,60166,87481,5052.416666666667,0.7245188616790553,5,5696,0.226676,0.2572856197512274,853.9708389360005,0.26719309352342946,0,56.0
2020-09-08,32,43987,555,Employed,High School,9,23218,72,Married,0,Mortgage,341,0.20046785124778452,7,0,0.10479489464401197,0,Home,0,21,28,724,2233,173807,47812,3665.5833333333335,0.6791886253282238,2,125995,0.260718,0.2347834337403343,603.9248292392163,0.257782934750508,0,47.0
2020-09-09,32,68446,563,Employed,Associate,11,25313,60,Married,0,Mortgage,303,0.1791503852848849,4,0,0.1686502907890103,1,Debt Consolidation,1,29,11,27864,4084,72541,6193,5703.833333333333,0.7355731495401175,8,66348,0.248813,0.20596886762399738,679.0741988484789,0.1721779269231474,0,65.0
2020-09-10,37,26146,508,Employed,Associate,16,63585,84,Married,0,Mortgage,359,0.25797142670971535,2,1,0.14450084128567167,0,Home,1,24,8,3860,5751,47953,20552,2178.8333333333335,0.8367129189723992,4,27401,0.334585,0.3866376409198058,2202.1521090354217,1.1754694908752796,0,59.0
2020-09-11,36,24946,569,Employed,Bachelor,12,12366,48,Single,0,Own,571,0.4095002605099126,3,0,0.1524676784097398,0,Auto,0,25,2,4364,326,29247,47664,2078.8333333333335,0.9237142386332164,3,10260,0.222866,0.2410927132552455,403.901680484852,0.46896577270176476,0,57.0
2020-09-12,55,223053,625,Employed,Associate,32,25932,36,Married,1,Mortgage,495,0.07156182163924861,2,1,0.1919493747973173,0,Debt Consolidation,1,20,27,8168,6209,223595,4500,18587.75,0.794554727074353,7,219095,0.19843200000000003,0.19062343691366826,951.3815065244181,0.0778136948541065,1,36.800000000000004
2020-09-13,44,122439,524,Employed,High School,22,15354,48,Single,3,Mortgage,490,0.601651423448002,1,0,0.2804390504211355,0,Home,0,25,5,460,2096,115622,207907,10203.25,0.5120707533382517,9,6408,0.24835400000000002,0.28042045708092284,535.4893186753179,0.10050614448095635,0,54.0
2020-09-14,42,58983,499,Employed,High School,22,38605,96,Married,2,Other,213,0.14985949576302807,0,1,0.21683964345111503,0,Home,1,24,26,12137,243,285672,74852,4915.25,0.9582327807668055,8,210820,0.324105,0.38019486540039826,1287.5855843000195,0.3052918130919118,0,53.0
2020-09-15,40,26017,615,Employed,High School,19,28588,12,Married,2,Mortgage,282,0.2534990014434705,2,1,0.1160491564892045,1,Auto,0,28,22,3917,110,117276,4299,2168.0833333333335,0.7452127954072204,11,112977,0.186088,0.19973544421903774,2647.87329845274,1.3513656294512388,0,57.0
2020-09-16,39,53492,526,Unemployed,Bachelor,16,36219,60,Divorced,0,Rent,393,0.5147069081954043,1,2,0.0777793675874709,0,Auto,0,27,13,9244,1110,10354,29166,4457.666666666667,0.7874983986606335,5,8719,0.278219,0.29148214872010825,1152.9291319664576,0.3468023177970068,0,54.0
2020-09-17,31,29548,419,Self-Employed,High School,12,14877,72,Married,1,Rent,563,0.25314959346326343,3,1,0.2742314441455618,0,Auto,0,23,7,2293,1548,69106,25354,2462.3333333333335,0.8354107897109515,6,43752,0.32037699999999997,0.32224269855743426,469.1086022840172,0.4191587663262558,0,58.0
2020-09-18,41,46422,523,Employed,High School,17,26328,48,Single,3,Rent,326,0.33013675494137823,0,2,0.6089968670997841,0,Home,0,27,16,1070,429,61165,86473,3868.5,0.7083828431760891,1,2425,0.259828,0.24274114283565434,862.3357445759771,0.30718256289930906,0,59.0
2020-09-19,65,39387,599,Employed,High School,44,24073,60,Married,0,Own,206,0.030493239258505313,1,2,0.08126985221609985,0,Home,0,29,12,3537,540,23620,16846,3282.25,0.656204624411583,5,6774,0.22957300000000003,0.2611657098825715,722.4191703005499,0.28286058962618627,0,50.0
2020-09-20,47,41745,594,Employed,Master,23,28097,36,Married,2,Mortgage,993,0.11191682569931677,3,0,0.5346664999260083,0,Auto,0,21,19,24376,2144,26520,46708,3478.75,0.8767674678211445,2,1719,0.216097,0.2593164,1131.022655711992,0.6105706520192575,0,58.0
2020-09-21,47,30180,629,Employed,Doctorate,27,24051,12,Single,2,Mortgage,396,0.4187050079234956,5,1,0.06721663708658948,0,Debt Consolidation,0,27,23,7928,10730,106891,18518,2515.0,0.8288574505854259,5,88373,0.174551,0.1497701309225961,2170.54180137776,1.0204937580030855,0,47.0
2020-09-22,31,36945,563,Employed,High School,9,11222,72,Divorced,2,Mortgage,314,0.3489020288161556,0,1,0.5767343266775811,1,Home,0,24,28,1266,2296,26050,22107,3078.75,0.7098347406472618,6,3943,0.244722,0.25615203740168047,306.5390966497288,0.20155553281355382,0,71.0
2020-09-23,26,65559,575,Employed,High School,3,61620,60,Married,3,Rent,436,0.29433765942925655,3,1,0.01691090341566674,0,Debt Consolidation,0,21,25,5215,657,63090,33524,5463.25,0.867478185630891,8,29566,0.27912000000000003,0.3333572956374512,2121.6896280642973,0.46816265557393444,0,50.0
2020-09-24,45,32456,608,Employed,Associate,21,48919,12,Single,3,Mortgage,395,0.5122682340292335,5,1,0.15545056729644893,0,Debt Consolidation,0,26,1,8174,1835,44503,22272,2704.6666666666665,0.8365509402150415,5,22231,0.209919,0.20960517804825035,4554.105784767548,1.8298394570252214,0,53.0
2020-09-25,41,50257,585,Employed,Associate,19,45002,48,Married,1,Own,363,0.4786863398749122,4,1,0.5819943118335328,0,Other,0,23,1,486,2228,44373,23455,4188.083333333333,0.6317641988694794,2,20918,0.24750200000000003,0.2525138552960157,1498.4536888477865,0.4444643386229468,0,63.0
2020-09-26,34,53781,605,Employed,Bachelor,14,19662,24,Single,0,Rent,354,0.16360281203631452,9,0,0.7473324081660481,0,Home,1,26,3,6588,10220,52228,51959,4481.75,0.6476457036080009,2,4848,0.19216199999999997,0.21291696121694695,1013.1639530330774,0.3050513645413237,0,63.0
2020-09-27,36,120977,548,Employed,Associate,14,40756,48,Married,2,Rent,592,0.6274388444094847,2,0,0.36241975878175253,0,Auto,0,32,3,21942,188,55398,5205,10081.416666666666,0.962487563119419,7,50193,0.261756,0.267897413518832,1392.3524233511666,0.1968326961340916,0,55.0
2020-09-28,23,191606,459,Employed,Master,0,25738,84,Divorced,0,Other,289,0.49186117011432406,4,2,0.42305102817056134,0,Education,0,27,25,3679,789,120845,21843,15967.166666666666,0.907536248714275,5,99002,0.321238,0.3092623090463679,752.0248996877356,0.0651978476470091,1,42.400000000000006
2020-09-29,34,33976,563,Employed,Doctorate,13,27262,36,Married,2,Mortgage,756,0.6644027518615491,3,1,0.3663273909296218,0,Auto,0,34,16,2572,908,66501,38211,2831.3333333333335,0.837892049897037,5,28290,0.230762,0.2274192817773433,1051.6409850185896,0.6384416005481244,0,57.0
2020-09-30,23,30094,591,Employed,High School,0,22888,48,Married,1,Mortgage,1183,0.7637258588605871,1,2,0.24625007015285996,0,Debt Consolidation,0,19,7,3899,354,43323,7377,2507.8333333333335,0.8925874132276228,3,35946,0.222388,0.22167533445334403,723.1944520090117,0.76009614621214,0,56.0
2020-10-01,48,35911,517,Self-Employed,Master,28,39180,48,Married,3,Mortgage,302,0.19895267111882228,2,1,0.5234381776005613,0,Auto,0,26,22,2184,3574,39263,4804,2992.5833333333335,0.6121900153163604,3,34459,0.27568,0.2904849800904586,1389.1152581092547,0.5651021441149245,0,61.0
2020-10-02,29,162380,507,Employed,High School,1,80617,36,Single,2,Rent,197,0.38991325595479226,3,0,0.49294201108720476,0,Education,0,30,5,4112,4127,170875,73486,13531.666666666666,0.9236086452900226,5,97389,0.312117,0.3005543649317806,3424.76704822444,0.26765121676741765,0,54.0
2020-10-03,56,67732,648,Employed,Bachelor,31,10620,72,Married,2,Mortgage,179,0.20881165616608077,2,1,0.2584487118317158,0,Auto,0,20,23,5875,1061,56630,5901,5644.333333333333,0.8574656988305468,12,50729,0.20162,0.1935476441343036,250.42266267731515,0.07608031583487541,1,37.6
2020-10-04,24,19555,562,Employed,Bachelor,0,11822,24,Married,1,Mortgage,401,0.11024179367599043,3,0,0.3643801123140664,0,Home,0,20,27,878,3616,14272,4811,1629.5833333333333,0.7927350963261399,6,9461,0.20582199999999998,0.2283031732406459,618.1617548154202,0.6254124805822062,0,55.0
2020-10-05,22,34998,587,Employed,Bachelor,0,18891,48,Married,4,Own,427,0.352034426695448,1,1,0.08743417153957764,0,Other,0,21,6,830,3709,10495,17443,2916.5,0.6972919074414088,6,1176,0.220391,0.17631280000000002,551.2899777553259,0.33543287425178325,0,53.0
2020-10-06,25,64606,556,Self-Employed,Bachelor,3,59444,84,Married,0,Rent,207,0.1761593167334729,4,1,0.3529813548174198,0,Home,0,30,9,3193,195,17590,5806,5383.833333333333,0.8789379205813695,4,11784,0.306444,0.29341527787598687,1673.439774189525,0.34927525756546296,0,57.0
2020-10-07,21,41731,592,Employed,Bachelor,2,26484,60,Single,1,Mortgage,157,0.32912540995542633,5,1,0.45111386674179754,0,Debt Consolidation,1,26,18,9959,381,10340,28287,3477.5833333333335,0.6508733178449323,7,5586,0.23548400000000003,0.22430714866745569,737.9596758319324,0.25735103663902587,0,63.0
2020-10-08,26,20292,596,Employed,High School,7,14831,72,Single,3,Mortgage,254,0.20347921544283704,6,0,0.2108472384334678,0,Education,0,18,24,3875,818,45318,6865,1691.0,0.7037872708738264,6,38453,0.231831,0.2251417344429775,377.18541786142396,0.37326163090563214,0,54.0
2020-10-09,58,58367,603,Employed,Associate,37,11076,48,Single,2,Rent,191,0.4216818722777284,0,1,0.0901782599431642,0,Home,0,26,20,3131,2308,60204,4219,4863.916666666667,0.7757747184074091,4,55985,0.204576,0.17537061478579075,322.68428086410904,0.10561124214657783,1,36.800000000000004
2020-10-10,38,66162,553,Employed,High School,14,34528,72,Married,3,Rent,706,0.18384486033335062,2,1,0.2906620952955773,0,Debt Consolidation,0,28,1,10784,2366,94897,99679,5513.5,0.871737854612503,5,9383,0.273028,0.2474048982803119,924.5961670869093,0.29574610811406715,0,55.0
2020-10-11,39,65775,544,Employed,Master,14,19467,96,Married,2,Mortgage,1269,0.35769809551442117,4,0,0.21071959544410424,0,Other,1,20,4,3820,1196,221517,12000,5481.25,0.7604890090113561,5,209517,0.282467,0.28548123787546453,517.2540417021066,0.32588443178145615,0,57.0
2020-10-12,38,39849,622,Self-Employed,Bachelor,15,57261,36,Married,0,Rent,337,0.12457578488901176,2,0,0.4561986456191802,0,Education,0,29,21,2214,1503,24869,24556,3320.75,0.686435071431957,5,9834,0.23126100000000002,0.2775132,2360.8340083270887,0.8124170769636644,0,56.0
2020-10-13,42,40671,595,Employed,High School,18,9571,84,Single,2,Rent,449,0.605491019387357,1,0,0.5234900113629504,0,Auto,0,21,2,7394,1487,22041,27222,3389.25,0.828086274497888,9,3795,0.237071,0.252132814307539,243.56435677857164,0.2043414787279108,0,65.0
2020-10-14,35,86455,608,Employed,Bachelor,12,19377,108,Single,1,Own,896,0.23586491228312856,3,2,0.14346752574137533,0,Other,0,17,4,386,827,9616,40088,7204.583333333333,0.804582876618102,3,10810,0.26037699999999997,0.29867359314301034,518.7446799353432,0.1963673143163972,0,49.0
2020-10-15,46,43553,453,Unemployed,Bachelor,23,9237,72,Married,0,Mortgage,230,0.3915736296576487,4,1,0.24410866964722736,0,Auto,0,25,6,5443,571,17138,8181,3629.4166666666665,0.8379736453746786,7,8957,0.29773700000000003,0.27356438782594944,262.3395833485158,0.13565253829086837,0,58.0
2020-10-16,18,66503,555,Employed,Bachelor,0,18921,36,Married,1,Rent,608,0.22566733996233268,5,2,0.1929666977020186,0,Other,0,22,27,25301,270,25571,28796,5541.916666666667,0.9055136724954023,5,3742,0.22642099999999998,0.21795259862684335,720.5990248174319,0.2397363772733438,0,50.0
2020-10-17,40,15816,572,Employed,Bachelor,16,27421,24,Married,0,Mortgage,381,0.5521855544310104,2,1,0.17580628571625548,0,Auto,1,23,24,4467,463,9412,14795,1318.0,0.9214801109160099,6,7575,0.216421,0.191500657198349,1384.2547725285372,1.3393435299913028,0,59.0
2020-10-18,28,68173,581,Employed,Associate,7,21681,36,Single,1,Own,678,0.35756123855479377,1,2,0.09194540087327009,0,Other,0,21,16,9276,2899,15423,26896,5681.083333333333,0.8574160354319786,7,7947,0.216181,0.21952116118686027,827.4702347666358,0.2649970342686933,0,50.0
2020-10-19,27,15000,468,Employed,High School,3,22295,36,Single,0,Own,285,0.4535520381841921,5,2,0.4983242959863935,0,Other,0,25,20,4449,1187,83893,24364,1250.0,0.9502659869122789,6,59529,0.273295,0.26649806932628733,906.0146857890961,0.9528117486312769,0,57.0
2020-10-20,34,37555,539,Employed,Bachelor,11,42202,24,Single,2,Rent,474,0.22189758937133763,1,1,0.36090215554395766,0,Education,0,28,2,2237,2493,453896,6618,3129.5833333333335,0.6042925104669723,2,447278,0.247702,0.23339548356117018,2217.378945051917,0.8599799584775131,0,53.0
2020-10-21,40,68740,620,Employed,High School,21,21410,96,Married,1,Own,440,0.14255562395966895,4,0,0.2479525420994486,0,Home,0,23,23,321,904,42810,19061,5728.333333333333,0.9021740762636563,5,23749,0.24641000000000002,0.27596531149959835,554.9276162050539,0.1736853563348945,0,48.0
2020-10-22,42,193046,569,Employed,Doctorate,20,30818,48,Divorced,1,Own,397,0.340317570217349,2,3,0.26577517633872744,0,Debt Consolidation,0,26,7,8729,1766,36083,20073,16087.166666666666,0.7756220059378982,5,16010,0.24131800000000003,0.24145138345389763,1007.1977297324617,0.08728682675004683,1,40.800000000000004
2020-10-23,46,69561,605,Employed,Bachelor,24,32069,60,Single,3,Mortgage,520,0.26622875420196307,2,1,0.1531366478894209,0,Auto,0,20,6,727,3098,126983,31045,5796.75,0.8697022074573897,11,95938,0.23456899999999997,0.21236743191734578,871.8504115301824,0.24010875258208178,0,47.0
2020-10-24,40,56808,653,Employed,Master,18,16787,48,Single,0,Own,536,0.28536851709726346,4,0,0.688394064663745,0,Other,0,18,6,230,1537,284918,63520,4734.0,0.8471147125755981,3,221398,0.185287,0.20435151659731832,514.7345783962519,0.2219549172784647,1,40.0
2020-10-25,25,26805,565,Employed,Bachelor,4,9596,60,Married,0,Rent,478,0.2737624767723246,6,0,0.2640550082823578,0,Education,1,28,9,14644,2220,99210,38288,2233.75,0.8853483065629524,5,60922,0.23209599999999997,0.24423413491719423,278.42079965194097,0.33863270269812695,0,59.0
2020-10-26,29,69459,564,Employed,High School,5,26566,48,Married,3,Rent,310,0.5425584169802103,4,2,0.11427348889049378,0,Education,0,23,21,4960,1839,85548,10066,5788.25,0.9309269744869584,7,75482,0.239566,0.21738899922941812,833.2292763437107,0.19750862114520118,0,49.0
2020-10-27,38,59313,514,Employed,Doctorate,12,27023,24,Single,1,Mortgage,329,0.14472790031624053,4,1,0.12981070870847752,0,Auto,0,20,3,3148,1589,54824,48326,4942.75,0.8963432913989473,4,6498,0.245023,0.22608924770585218,1410.0425705194334,0.35183704830700185,0,52.0
2020-10-28,33,95354,601,Unemployed,Master,5,40184,120,Single,1,Mortgage,1138,0.49582043355001404,3,1,0.4588168384021231,0,Other,1,21,25,2363,1771,28851,76599,7946.166666666667,0.9158764950564966,4,5140,0.294684,0.28431044158226054,1013.0551101922933,0.2707034977274946,0,62.0
2020-10-29,63,29921,621,Employed,Bachelor,37,25688,96,Married,1,Mortgage,510,0.2473809092326513,3,0,0.6208870492829415,0,Debt Consolidation,0,27,3,4301,374,213859,97449,2493.4166666666665,0.7762647010346014,7,116410,0.250188,0.2563449152243266,631.7958003131506,0.45792418715142574,0,56.0
2020-10-30,52,57769,529,Employed,Bachelor,32,15990,48,Married,1,Mortgage,244,0.15219641580118037,2,1,0.3422984458398771,0,Debt Consolidation,0,17,16,5951,3033,26769,5435,4814.083333333333,0.9226442822509161,8,21334,0.24649000000000001,0.2529638488173584,532.8291605211326,0.16136595624389538,0,53.0
2020-10-31,48,76202,645,Employed,Master,26,25310,60,Married,0,Rent,208,0.5488460309202615,4,0,0.20414962764770192,0,Other,0,13,23,1763,981,43666,71894,6350.166666666667,0.6532061447986861,8,6681,0.20781,0.20265015613868823,674.2978335315705,0.13894089397100923,0,50.0
2020-11-01,31,71792,562,Employed,Bachelor,11,47094,12,Single,0,Rent,275,0.27872479851523996,1,0,0.43873877871120653,0,Home,0,27,15,647,625,32606,15690,5982.666666666667,0.9343706787721764,4,16916,0.231094,0.2412902901019045,4456.130831019338,0.7908063568675069,0,56.0
2020-11-02,35,103449,504,Employed,Master,14,20365,60,Married,1,Other,365,0.513955194381977,1,1,0.17107736816478541,0,Education,0,22,28,2025,4071,31843,15430,8620.75,0.6530485289826964,0,16413,0.27336499999999997,0.2689999684043779,620.6352867599521,0.1143328929339039,1,40.0
2020-11-03,23,49061,523,Employed,High School,0,21319,60,Married,0,Rent,164,0.27913971771714974,2,1,0.4415835927338437,0,Auto,1,24,8,1932,1967,27205,35958,4088.4166666666665,0.9076059589695753,6,2214,0.264819,0.27343257396032083,655.3635416167881,0.20041096796643887,0,64.0
2020-11-04,28,30644,568,Employed,Associate,7,32924,36,Divorced,0,Mortgage,177,0.2563400873390122,5,1,0.2520421039033246,0,Auto,0,21,5,6772,699,38784,56383,2553.6666666666665,0.7846512594429025,1,4168,0.233924,0.24441628784502012,1299.3491719345966,0.5781291627468724,0,55.0
2020-11-05,43,38032,584,Employed,Bachelor,20,16140,36,Divorced,3,Mortgage,336,0.3136195404062676,3,3,0.2072148422430986,0,Home,0,34,22,2039,1079,9483,1465,3169.3333333333335,0.8189888473838871,3,8018,0.20914000000000002,0.21528220358381395,612.4616693918196,0.29926220111226953,0,53.0
2020-11-06,31,22842,552,Employed,Bachelor,8,10430,108,Single,1,Mortgage,585,0.48880083564308946,0,1,0.20926152002240975,0,Other,0,18,8,13262,1475,42022,9818,1903.5,0.6721273085189259,4,32204,0.27942999999999996,0.2659411711656323,255.05342444437392,0.44132042261327764,0,56.0
2020-11-07,30,74168,577,Unemployed,Bachelor,10,20622,60,Married,0,Rent,190,0.21479823471135961,2,0,0.6265343956187147,0,Education,0,22,17,7720,1385,90993,9215,6180.666666666667,0.9583415915793178,4,81778,0.237122,0.23401724017295564,586.1134388848769,0.1255711528775014,0,59.0
2020-11-08,37,21159,532,Employed,Bachelor,12,24613,36,Widowed,2,Own,675,0.37346995426598906,3,1,0.28854816979392234,0,Auto,0,17,25,17566,838,25963,10906,1763.25,0.8453867738920955,5,15057,0.243613,0.2247819552905016,946.0814301850102,0.9193712917538693,0,54.0
2020-11-09,30,33024,477,Employed,High School,9,52728,36,Married,0,Mortgage,461,0.6358696713210421,0,0,0.5627454094311105,0,Home,0,24,22,1154,2699,125432,41992,2752.0,0.8894694597959949,7,83440,0.29922800000000005,0.3029520025222919,2246.9206848568974,0.9839828069974191,0,59.0
2020-11-10,43,64389,569,Employed,High School,23,30980,60,Married,1,Other,591,0.5843494944383721,6,0,0.02027122338369673,0,Debt Consolidation,0,26,13,4734,921,181603,10906,5365.75,0.8668273787597724,5,170697,0.25148000000000004,0.22424437390186466,863.1267614724699,0.2710015862596039,0,47.0
2020-11-11,44,42337,627,Unemployed,Associate,21,21746,72,Single,0,Mortgage,643,0.23580416350955022,2,1,0.14485702201959497,0,Home,0,26,20,659,2743,93207,5499,3528.0833333333335,0.8694290544925058,6,87708,0.223246,0.1785968,494.2547891759627,0.3223435167846459,0,49.0
2020-11-12,44,21391,502,Employed,Bachelor,20,14579,36,Single,1,Rent,241,0.3159727570978631,6,1,0.08886531872549037,0,Home,0,21,2,4756,1521,42164,5056,1782.5833333333333,0.928707898399033,9,37108,0.248579,0.2531168746521711,582.0645196742535,0.4617256900608219,0,56.0
2020-11-13,41,54107,509,Employed,Bachelor,18,33037,48,Married,3,Rent,492,0.3352518473799705,1,2,0.2696341420699527,0,Debt Consolidation,0,35,9,15270,1936,84235,34548,4508.916666666667,0.8507053717327315,8,49687,0.273537,0.3078055701009364,1204.574999650127,0.37627109238733475,0,53.0
2020-11-14,35,46558,595,Self-Employed,Master,12,31083,12,Married,0,Mortgage,512,0.28720280638259804,2,2,0.12340873284017578,0,Debt Consolidation,0,26,17,2477,11412,154647,9238,3879.8333333333335,0.8745013978556084,3,145409,0.198583,0.2024003745623627,2882.930407720524,0.8750196506002467,0,50.0
2020-11-15,41,41515,534,Employed,High School,18,21991,36,Divorced,0,Own,675,0.32349358534925665,1,0,0.3377670841690427,0,Auto,0,20,8,3358,202,49506,8389,3459.5833333333335,0.9374289902883759,8,41117,0.239991,0.24027326435682672,863.0852176614093,0.4445868387796438,0,56.0
2020-11-16,52,50168,493,Employed,Bachelor,32,36906,60,Married,4,Own,1147,0.2004222393127946,3,1,0.16246760763747226,0,Debt Consolidation,0,24,18,788,1090,14560,17900,4180.666666666667,0.9147291301646703,7,8647,0.295406,0.2552765392850662,1094.6862847465363,0.5362030660372834,0,50.0
2020-11-17,39,58772,564,Employed,High School,16,8946,48,Single,0,Other,444,0.18188553511575528,4,2,0.30530776680770083,0,Debt Consolidation,1,37,12,569,11737,80984,17474,4897.666666666667,0.987635886703819,6,63510,0.221946,0.2411133931346409,292.20694097843034,0.15031789443512494,0,57.0
2020-11-18,46,36812,567,Employed,Master,23,19318,36,Single,0,Own,498,0.26188399790156036,3,0,0.34331458099115914,0,Education,1,37,12,2130,980,16274,10731,3067.6666666666665,0.816952679274414,3,5543,0.220818,0.19638775114109447,714.3754974279897,0.3952109629777213,0,61.0
2020-11-19,54,63453,499,Self-Employed,Associate,32,15668,60,Divorced,0,Mortgage,807,0.3196778613370969,1,1,0.23035017424003632,0,Education,0,39,18,3502,914,47822,58375,5287.75,0.739805000116512,6,7034,0.27116799999999996,0.25957365929585097,468.71189335548615,0.2412579818175001,0,55.0
2020-11-20,27,65086,424,Employed,High School,5,37125,60,Single,1,Other,181,0.10850035990188009,2,0,0.10790021822607819,0,Auto,0,19,26,7206,1239,73786,16459,5423.833333333333,0.8717872919566098,9,57327,0.330125,0.3501822070911847,1318.010658747188,0.2763747642344937,0,47.0
2020-11-21,46,34365,591,Employed,High School,23,26336,36,Divorced,2,Own,413,0.074535149135985,0,1,0.30481182094547926,0,Other,0,25,23,7910,389,41269,20392,2863.75,0.8166187482169992,7,20877,0.215836,0.21189327438047653,994.7724822286702,0.4915835817472441,0,54.0
2020-11-22,43,17594,603,Employed,High School,20,15110,36,Widowed,2,Rent,408,0.21900853475069798,2,1,0.26253180318868835,1,Debt Consolidation,0,30,1,2983,1279,69789,24543,1466.1666666666667,0.4989243735291074,3,45246,0.19861,0.172164149869679,540.3415604829108,0.6468170243148192,0,67.0
2020-11-23,52,35745,556,Employed,High School,28,18444,24,Married,0,Mortgage,221,0.5737186512988272,7,4,0.10128718082504583,0,Auto,0,32,18,2238,2620,27161,9942,2978.75,0.9825565588014482,9,17219,0.21544399999999997,0.2017792160113891,940.3260754150078,0.3898702729047446,0,52.0
2020-11-24,40,40318,529,Employed,Bachelor,19,21602,60,Married,1,Rent,560,0.34570791745088447,5,1,0.4902439779412902,0,Debt Consolidation,0,31,15,1273,5953,84292,25078,3359.8333333333335,0.7596110915937397,6,59214,0.262102,0.2501053484814739,634.1807128966818,0.3554285568421098,0,55.0
2020-11-25,39,26418,570,Employed,High School,17,35482,24,Single,0,Mortgage,288,0.3612469886283845,3,3,0.27969675121830195,0,Auto,0,24,23,2305,442,5633,6154,2201.5,0.7304873491507499,8,6562,0.225482,0.2319598030840055,1861.7638010891455,0.976499568970768,0,54.0
2020-11-26,44,40764,547,Employed,High School,20,30148,36,Married,0,Rent,726,0.30923953336353827,7,0,0.237677502172913,0,Education,0,30,2,1123,1084,212705,40248,3397.0,0.7234835294630385,4,172457,0.241648,0.24808164888622705,1195.6225601178298,0.5656822373028643,0,53.0
2020-11-27,36,23740,530,Employed,High School,18,19614,60,Divorced,3,Rent,267,0.18639955994133137,5,0,0.18229490432407436,0,Home,0,32,23,2145,6567,36276,26603,1978.3333333333333,0.40704072866418906,8,9673,0.259614,0.2170435788604486,538.4255302258842,0.4071232671739937,0,51.0
2020-11-28,22,15666,514,Employed,Associate,0,18280,60,Married,3,Mortgage,367,0.6063430089133086,0,2,0.18466039661258432,0,Home,0,23,16,2911,547,131816,26029,1305.5,0.7160048891036134,8,105787,0.26628,0.3125922448346878,605.6366684775858,0.745030002663796,0,50.0
2020-11-29,48,33270,587,Employed,Bachelor,28,30381,36,Married,0,Own,396,0.2549993733479247,4,0,0.3754186612836658,0,Other,0,28,1,14319,506,14825,71783,2772.5,0.7777171414116728,2,3264,0.221881,0.20886218361815187,1142.8321354873037,0.5550341336293251,0,59.0
2020-11-30,22,46074,600,Employed,Bachelor,0,31766,36,Married,2,Rent,268,0.1708676088285754,6,1,0.31137522462139167,0,Home,1,29,27,8016,777,18570,30685,3839.5,0.7478576843201983,5,7790,0.216766,0.20395053025312532,1186.9422822591243,0.37894056055713615,0,57.0
2020-12-01,27,62463,502,Unemployed,High School,3,17753,72,Married,2,Mortgage,363,0.3529226645991672,5,1,0.37935313049483593,0,Home,0,29,12,2017,318,47515,3858,5205.25,0.8757941236097122,1,43657,0.281753,0.3218209836587658,559.3038307934222,0.17718723035270587,0,57.0
2020-12-02,52,86075,632,Self-Employed,Master,29,18141,36,Married,4,Rent,164,0.49925517687053056,5,1,0.05460342015897381,0,Home,0,30,1,3887,338,50612,29864,7172.916666666667,0.877135402409712,4,20748,0.187141,0.18891443792792206,663.9815991970036,0.11543164903124069,1,43.2
2020-12-03,18,63495,584,Employed,Bachelor,0,29725,48,Married,3,Own,858,0.29423467234731004,2,1,0.6620013102580666,1,Home,0,25,27,1811,321,74936,7427,5291.25,0.8648777642494807,5,67509,0.23272500000000002,0.23247240915511383,956.7610456971471,0.34297397509041283,0,68.0
2020-12-04,36,127110,571,Unemployed,Bachelor,12,18892,84,Married,4,Other,328,0.12827229950328844,6,0,0.050560434881789795,0,Home,0,28,18,4748,1776,103263,3181,10592.5,0.846965469761901,3,100082,0.258392,0.20671360000000003,427.1897858808307,0.07129476383109093,1,36.800000000000004
2020-12-05,43,21955,646,Employed,Master,19,23177,48,Married,2,Mortgage,532,0.24701253595681738,3,0,0.23396711558510147,0,Debt Consolidation,0,28,19,953,922,33768,4559,1829.5833333333333,0.7268042323395684,3,29209,0.19517700000000002,0.221028126291021,731.5106376913259,0.6906002119014307,0,51.0
2020-12-06,35,122234,570,Self-Employed,High School,12,19664,96,Single,2,Rent,320,0.29821750318784046,3,1,0.46134640275770794,0,Debt Consolidation,0,28,18,2492,472,22531,32507,10186.166666666666,0.8818624634012473,4,6620,0.269664,0.235318950694636,456.3423138292396,0.07621535551443032,1,45.6
2020-12-07,53,31847,515,Employed,High School,33,25646,36,Married,0,Own,842,0.37156156517140215,7,0,0.32655134159674915,0,Auto,0,24,26,2516,1068,31536,24562,2653.9166666666665,0.6310001520477805,7,6974,0.253146,0.23964227040786779,1005.684097264777,0.6962102919325941,0,55.0
2020-12-08,39,75274,566,Employed,Bachelor,19,11844,96,Married,0,Own,352,0.1531156081629676,3,4,0.22213416665888946,0,Other,0,28,24,2564,984,20625,60061,6272.833333333333,0.819463810845797,7,3191,0.26384399999999997,0.2352498679517852,274.8102660589224,0.0999245847531295,1,40.800000000000004
2020-12-09,41,40944,565,Employed,Associate,18,13451,84,Divorced,0,Mortgage,267,0.2505408812345517,1,1,0.11994117435456406,0,Debt Consolidation,0,29,27,2451,663,102935,9766,3412.0,0.9717675617619211,4,93169,0.255951,0.265189230929383,353.63775010977616,0.18189851996183357,0,49.0
2020-12-10,25,33477,531,Employed,High School,1,61387,108,Married,0,Rent,304,0.2603862694196822,2,0,0.07547531302717815,0,Auto,0,20,8,12063,1518,18952,14125,2789.75,0.8294333662097384,4,4827,0.34088699999999994,0.3411135114262351,1833.8467880307344,0.7663219958887837,0,52.0
2020-12-11,39,38541,555,Employed,Bachelor,17,25937,36,Divorced,0,Mortgage,327,0.24652559453328904,2,0,0.45772366482518845,0,Debt Consolidation,0,29,2,521,796,46876,48591,3211.75,0.8433516855209228,1,10985,0.23343699999999998,0.20511562426151028,970.6857587610898,0.4040432034750805,0,61.0
2020-12-12,46,253567,624,Employed,High School,21,32054,48,Married,0,Mortgage,432,0.22691437635440553,2,1,0.37541872937343845,0,Auto,0,16,27,3270,635,61270,95966,21130.583333333332,0.9723367954333189,5,2931,0.21505400000000002,0.21684996003439672,1004.4221092789229,0.0679783462017813,1,39.2
2020-12-13,22,107163,542,Employed,Master,0,14738,24,Married,0,Mortgage,285,0.14517377898320974,5,0,0.1978492584018803,0,Home,0,11,19,687,1152,60131,3047,8930.25,0.8164675682467855,8,57084,0.218738,0.24590257850733788,783.5628387623207,0.11965654251138776,1,36.800000000000004
2020-12-14,37,47075,620,Employed,Associate,17,12075,60,Married,3,Rent,917,0.1806054241069183,2,2,0.1037317359060054,0,Debt Consolidation,0,24,12,910,1998,37723,8496,3922.9166666666665,0.9051414804811844,6,29227,0.207075,0.24189318784270847,348.70135140237585,0.32264293609832206,0,47.0
2020-12-15,32,60048,595,Employed,Associate,9,47074,36,Married,3,Mortgage,532,0.3069705051456327,3,0,0.25987864463878085,0,Home,0,16,19,21363,1985,31624,4157,5004.0,0.8572821209176013,9,27467,0.234574,0.22851944518147335,1818.5908679692002,0.469742379690088,0,52.0
2020-12-16,36,44904,579,Unemployed,High School,14,15032,48,Married,1,Own,555,0.2986286360123558,2,3,0.44601262064205055,0,Auto,0,24,7,7614,404,51066,52421,3742.0,0.7609854295373506,4,6530,0.220532,0.2436114661495806,493.07682680901553,0.2800846677736546,0,61.0
2020-12-17,41,37676,602,Employed,Bachelor,22,14441,24,Widowed,1,Rent,170,0.2570827357473749,3,0,0.17527377805774802,0,Auto,0,18,10,9025,935,102302,10113,3139.6666666666665,0.7136198472454933,3,92189,0.188441,0.1659174991522684,711.1661789054455,0.28065596525282266,0,46.0
2020-12-18,41,49636,591,Employed,High School,20,26550,48,Single,0,Mortgage,582,0.09121392126954991,4,0,0.10058006325488612,0,Home,0,31,28,757,123,137411,17845,4136.333333333333,0.5138280591480643,5,119566,0.22605,0.24932586673032084,879.3237875279085,0.35328965771486226,0,46.0
2020-12-19,39,17201,616,Self-Employed,Master,16,12484,36,Married,1,Own,402,0.10283926734260342,3,0,0.1379160787174549,0,Other,0,31,26,1033,2487,77542,19074,1433.4166666666667,0.9338125878370646,2,58468,0.189484,0.19966150799268995,463.7348902472995,0.6039659719183532,0,49.0
2020-12-20,34,74447,514,Employed,Associate,9,12100,48,Single,0,Other,435,0.25404082565501973,2,1,0.38058813228383503,1,Education,0,23,16,2109,2792,43366,223714,6203.916666666667,0.9165846020850531,3,10001,0.2501,0.2399940024987492,394.47819821939777,0.1337023436623742,0,66.0
2020-12-21,31,136275,509,Employed,Master,7,40496,60,Married,1,Own,399,0.5576121534505151,2,0,0.26206051360816557,0,Debt Consolidation,0,14,7,2894,604,434236,9183,11356.25,0.7980507343627344,5,425053,0.29099600000000003,0.3196132222542151,1359.38541822294,0.15483856186883346,1,36.800000000000004
2020-12-22,40,74055,630,Employed,Master,14,25932,60,Married,0,Mortgage,387,0.02231018026865718,5,1,0.21779379043904692,0,Debt Consolidation,0,14,4,8882,1461,41821,49255,6171.25,0.8381572437258122,5,8446,0.215932,0.23748542503942394,742.2307811571701,0.1829825045423812,0,51.0
2020-12-23,18,82680,575,Employed,High School,0,43004,96,Single,2,Mortgage,392,0.22630264927675678,0,1,0.4104446540487041,0,Home,1,27,7,668,960,27379,10685,6890.0,0.8982776180363367,3,16694,0.29050400000000004,0.28030959055306354,1127.387039992681,0.2205206153835531,0,62.0
2020-12-24,30,25459,450,Employed,High School,4,15046,36,Single,2,Mortgage,427,0.37639799412657365,3,3,0.1291743386808954,0,Debt Consolidation,0,15,8,967,606,128454,5074,2121.5833333333335,0.8307666468676195,3,123380,0.275046,0.30114044313679417,639.6666243974237,0.502769138331006,0,49.0
2020-12-25,39,43305,504,Employed,High School,17,9857,48,Married,1,Mortgage,455,0.18776369164159767,3,1,0.10001636098556226,0,Auto,1,21,19,4419,144,42907,22732,3608.75,0.7056474219835589,5,20175,0.252857,0.2788656943220526,342.8981386988539,0.22110097366092246,0,56.0
2020-12-26,47,176384,627,Employed,Master,23,27784,36,Married,0,Rent,470,0.43055358512839925,2,1,0.4502949029663624,0,Home,0,24,4,3240,1271,483071,14604,14698.666666666666,0.8682135906928116,9,468467,0.19928400000000002,0.2120349617049673,1049.6692616996975,0.10338823895816157,1,39.2
2020-12-27,41,29751,582,Self-Employed,High School,22,20656,48,Single,1,Own,219,0.41103156144576136,2,1,0.16191148929754998,0,Auto,0,17,13,18190,272,108652,31361,2479.25,0.9030502362809506,5,77291,0.22465600000000002,0.23189115734859028,664.1972780174124,0.35623566724509925,0,54.0
2020-12-28,34,38052,591,Unemployed,High School,10,30061,48,Single,3,Own,299,0.18267005463712435,3,1,0.5966660600596871,0,Auto,0,27,15,6371,2427,156684,125319,3171.0,0.9645332890668453,6,31365,0.22956100000000002,0.219177908252711,945.7630640888176,0.3925459047899141,0,61.0
2020-12-29,24,32197,643,Unemployed,Bachelor,5,35009,48,Single,5,Rent,767,0.4603372173701714,3,0,0.09829428070555893,0,Home,0,34,29,1346,1270,84043,48818,2683.0833333333335,0.6544462079267718,4,35225,0.20850900000000003,0.20858759884925157,1081.4202153664423,0.6889164389352209,0,52.0
2020-12-30,44,25459,511,Employed,Bachelor,22,46241,36,Divorced,2,Other,1059,0.3281675391688613,3,0,0.23071674948864437,0,Debt Consolidation,0,29,25,9506,2502,32479,16103,2121.5833333333335,0.8811298634225825,7,16376,0.275741,0.31426011329421627,1999.2939646129444,1.441514889640415,0,54.0
2020-12-31,31,39293,489,Employed,High School,11,15542,108,Married,0,Mortgage,319,0.4970376700405109,6,2,0.12456523396136958,0,Debt Consolidation,0,26,23,2225,854,97547,40993,3274.4166666666665,0.8861877162587283,5,56554,0.316042,0.27825631712624005,393.48126033633406,0.2175902864132545,0,50.0
2021-01-01,45,33242,554,Employed,High School,25,36548,48,Married,0,Rent,274,0.3135137482752271,1,1,0.25324945580528085,0,Debt Consolidation,0,25,4,2475,1778,32505,14176,2770.1666666666665,0.9633375417179273,6,18329,0.254548,0.28251447544206976,1279.04022254726,0.5606306079828868,0,56.0
2021-01-02,33,15000,614,Self-Employed,Bachelor,10,21326,36,Divorced,3,Mortgage,414,0.06459395939235353,0,1,0.09446870402267664,0,Auto,0,25,5,1606,594,113890,44957,1250.0,0.9332797734638235,4,68933,0.199326,0.20258129519690726,795.3582417130413,0.967486593370433,0,51.0
2021-01-03,46,54341,609,Employed,Bachelor,24,53471,36,Married,1,Mortgage,490,0.24972184837777872,3,2,0.3555351033892512,0,Education,0,22,26,3053,10572,13625,27610,4528.416666666667,0.6098649974627001,6,1215,0.23397099999999998,0.2529791044503788,2134.4316633136127,0.5795473024008272,0,51.0
2021-01-04,62,63974,607,Unemployed,Bachelor,40,5310,60,Single,0,Mortgage,285,0.26233598865748053,1,1,0.09752313523534578,0,Education,0,21,10,986,405,34499,13839,5331.166666666667,0.6721219901045132,5,20660,0.20681,0.1917815497093567,138.26537701698606,0.07939451221127071,1,40.0
2021-01-05,25,81351,524,Employed,High School,2,7139,96,Married,1,Rent,483,0.24379674608607874,9,1,0.4702824780280903,0,Debt Consolidation,0,24,27,2988,817,48624,38686,6779.25,0.8353750225826401,4,9938,0.280139,0.25610225052743785,175.46785818632392,0.09712989758252372,0,55.0
2021-01-06,38,16458,597,Employed,High School,16,40494,36,Single,4,Mortgage,374,0.19954183373787626,2,1,0.21155832743765937,0,Other,1,15,27,815,1308,94451,44737,1371.5,0.8736626133198065,5,49714,0.226994,0.21574857988599935,1537.5922247767458,1.3937967369863258,0,59.0
2021-01-07,31,63692,458,Employed,High School,6,25701,48,Single,0,Mortgage,505,0.4747123290210908,2,2,0.2332823551188125,0,Auto,1,26,24,3350,296,109034,46478,5307.666666666667,0.7777133807090603,6,62556,0.291701,0.25950978326351387,865.8598214913586,0.2582791851079618,0,57.0
2021-01-08,34,17596,591,Employed,Bachelor,11,39844,12,Divorced,5,Own,1028,0.28295974421012704,2,1,0.3136324569866848,0,Home,0,25,21,1139,296,126234,16121,1466.3333333333333,0.9184176170484364,6,110113,0.209344,0.23907881361386632,3765.856546718158,3.269281573119908,0,52.0
2021-01-09,47,86521,582,Self-Employed,Master,22,9004,48,Single,3,Mortgage,565,0.3092402770201714,5,2,0.23128465188049413,0,Home,0,17,29,11375,589,68106,87808,7210.083333333333,0.9145106131426524,5,8081,0.21300400000000003,0.20746791583962265,277.5903056725512,0.1168627693631675,1,43.2
2021-01-10,36,41538,591,Employed,Associate,13,20232,84,Married,4,Mortgage,888,0.20687388612986563,2,0,0.4695606728741506,0,Auto,0,27,3,4954,2933,100048,8380,3461.5,0.9030944595013448,5,91668,0.249732,0.22293087798659492,477.6219116229376,0.39451738021751775,0,58.0
2021-01-11,44,78385,552,Employed,High School,22,33164,48,Divorced,2,Other,515,0.26337134022195774,3,0,0.26529459270918637,0,Home,0,25,23,4367,17687,77549,7573,6532.083333333333,0.8021731245608221,5,69976,0.252164,0.21440008029492572,1034.8112470409997,0.23726140160096953,1,40.0
2021-01-12,33,37439,539,Employed,Doctorate,9,31469,48,Single,1,Rent,355,0.2874739409424935,3,1,0.5671410859259398,0,Education,0,19,25,11236,392,11628,41912,3119.9166666666665,0.6230645261982026,8,3960,0.256969,0.2579222067843553,1057.3745541603043,0.452696243220269,0,59.0
2021-01-13,56,53117,588,Employed,Master,34,59110,36,Married,0,Own,472,0.25115578037119035,2,0,0.3963989448043733,0,Education,0,17,18,427,3215,62309,11563,4426.416666666667,0.8161281284486457,4,50746,0.25011,0.2889106204432105,2473.545191526241,0.6654468870289152,0,52.0
2021-01-14,51,41647,636,Employed,Bachelor,27,62871,36,Married,2,Rent,236,0.17724618946419252,4,1,0.3258498769336334,0,Education,0,32,18,4157,360,19190,3871,3470.5833333333335,0.5800186434276158,6,15319,0.22987100000000002,0.25328078479115707,2510.6620989739495,0.791412231077566,0,51.0
2021-01-15,41,79230,579,Employed,High School,20,18992,48,Married,2,Mortgage,631,0.048646165060125715,0,0,0.2841980275111103,0,Home,0,19,10,53087,2615,82341,44454,6602.5,0.9878566191809179,5,37887,0.22449200000000002,0.212340548066227,590.4940017154643,0.18500477117992642,0,51.0
2021-01-16,33,109284,643,Employed,Master,13,53153,60,Widowed,1,Own,417,0.3984675855687187,2,0,0.07865446436850206,0,Education,0,24,9,2117,463,112598,16190,9107.0,0.6948821790114721,7,96408,0.236653,0.27466959448017436,1637.9116568218756,0.225640897861192,0,45.0
2021-01-17,35,31184,514,Employed,Bachelor,14,21194,36,Divorced,2,Mortgage,518,0.5770960968898484,3,0,0.3568778939700019,0,Auto,0,21,17,24526,2116,26642,11705,2598.6666666666665,0.8108415303077564,4,14937,0.249194,0.23013642812902957,820.5645499417597,0.5150966713475217,0,56.0
2021-01-18,42,37690,563,Employed,Associate,23,15901,12,Single,1,Rent,509,0.24505107669765883,4,0,0.7516228104698213,0,Auto,0,15,20,7189,773,70111,6971,3140.8333333333335,0.8250073270640282,5,63140,0.199401,0.20698788554846867,1478.3043921896876,0.6327315655684863,0,57.0
2021-01-19,50,41835,613,Employed,High School,29,12051,36,Married,3,Own,681,0.5828076090298284,4,0,0.15487698638939087,0,Education,0,23,25,802,3301,59941,119610,3486.25,0.8199322670335816,5,5472,0.190551,0.1633729974890627,425.68693948242264,0.3174433673667759,0,49.0
2021-01-20,31,17306,539,Employed,High School,9,20545,72,Single,0,Mortgage,396,0.13626967775512877,6,1,0.048212263987707615,0,Auto,0,25,29,2118,853,42265,7512,1442.1666666666667,0.7511120782609586,5,34753,0.266045,0.24912662827599086,552.3237693666898,0.657568775707863,0,51.0
2021-01-21,31,15000,604,Employed,High School,9,32657,24,Single,3,Rent,542,0.37056999829034826,1,1,0.17625982811628382,0,Home,0,21,25,1091,667,68473,21151,1250.0,0.8733467105956659,6,47322,0.20565699999999998,0.18327656299357392,1635.5462231853849,1.7420369785483079,0,49.0
2021-01-22,48,80443,633,Employed,Master,27,32317,84,Single,4,Rent,127,0.4318470502284255,5,0,0.06370332254554402,0,Home,0,11,20,2994,689,35869,20926,6703.583333333333,0.7979626480736682,4,14943,0.240817,0.2552250993773776,828.8234626633715,0.14258396071703516,0,47.0
2021-01-23,37,59350,491,Employed,High School,14,40669,72,Divorced,3,Mortgage,228,0.0505507683594062,2,0,0.08708092090300958,0,Home,0,24,3,603,887,66694,32598,4945.833333333333,0.972759763375978,5,34096,0.310169,0.29405776825042096,1207.9560581717635,0.2903365239774417,0,52.0
2021-01-24,41,39272,570,Employed,Bachelor,22,33872,48,Single,0,Mortgage,628,0.27303720332106074,6,1,0.21014777269385848,0,Debt Consolidation,0,27,17,12569,155,147112,14710,3272.6666666666665,0.7221875786077362,4,132402,0.243872,0.1950976,1021.9106972223054,0.5041487157941451,0,49.0
2021-01-25,50,261017,593,Employed,Master,26,28917,48,Married,2,Mortgage,1307,0.06892316859578658,2,0,0.3215241945601791,0,Other,0,19,5,11772,259,13825,9856,21751.416666666668,0.9133161707574702,7,3969,0.227417,0.24469419551906546,950.2672610965193,0.10377564347593539,1,42.400000000000006
2021-01-26,57,121304,526,Employed,Bachelor,32,33433,48,Married,2,Mortgage,271,0.32561809313383816,3,1,0.3076359045297258,0,Other,0,18,16,4412,1609,28515,17456,10108.666666666666,0.7878429473600442,5,11059,0.265433,0.31189543840628114,1227.0289204640583,0.14819253318578696,0,52.0
2021-01-27,68,93424,580,Employed,Bachelor,47,48794,108,Married,5,Rent,292,0.15693544993318925,1,0,0.143880312012675,1,Debt Consolidation,0,26,22,5441,1455,219629,28179,7785.333333333333,0.6314694727874354,8,191450,0.303794,0.2819702927333489,1248.1369173476035,0.19782543038374767,0,56.0
2021-01-28,43,61218,491,Employed,High School,18,29750,120,Married,1,Mortgage,534,0.6279613712994572,5,1,0.32236567623801315,0,Education,1,29,5,10943,739,24360,76063,5101.5,0.9228231721989237,8,4888,0.33925,0.3367562917317457,866.1519939166501,0.274458883449309,0,64.0
2021-01-29,46,88685,608,Employed,Master,22,24708,60,Married,0,Rent,410,0.11881525657390908,1,2,0.4432082029680393,0,Education,1,37,17,5749,2158,139594,27852,7390.416666666667,0.707079002406678,5,111742,0.22570800000000002,0.23838165863757313,708.4798580594013,0.15134192137016197,0,53.0
2021-01-30,20,79855,458,Unemployed,Bachelor,0,53058,12,Single,1,Mortgage,316,0.27924992662256976,3,0,0.2075501927890948,0,Auto,0,31,6,912,176,152184,10308,6654.583333333333,0.8295072878350156,2,141876,0.28905800000000004,0.2912488078729457,5149.659372351285,0.8213375802168358,0,53.0
2021-01-31,32,50508,573,Self-Employed,Bachelor,10,35814,48,Single,1,Mortgage,309,0.4128894733740502,0,0,0.6296025220460872,1,Education,0,28,23,24797,1303,189079,3533,4209.0,0.7021628239658999,8,185546,0.244314,0.2519460790986157,1191.3799952642596,0.3564694690577951,0,70.0
2021-02-01,38,18323,543,Employed,Associate,15,12567,96,Single,1,Mortgage,353,0.31620851941893563,1,0,0.16539848911595711,0,Debt Consolidation,0,31,6,15776,544,122338,11188,1526.9166666666667,0.6140557834219421,0,111150,0.276067,0.28846991643104614,336.5033477560246,0.4515658010736394,0,50.0
2021-02-02,18,43484,611,Employed,Doctorate,0,14546,72,Single,3,Other,591,0.3161508482372899,1,2,0.397117091772052,0,Debt Consolidation,1,24,29,2347,1707,143934,203324,3623.6666666666665,0.756218130221201,7,9097,0.224046,0.26885519999999996,408.8242000765342,0.27591505843341024,0,58.0
2021-02-03,40,81295,515,Employed,Master,14,16871,24,Married,3,Own,273,0.16973265629662937,1,0,0.09559919339838037,0,Debt Consolidation,0,29,24,610,3090,79300,10511,6774.583333333333,0.7671403299072206,8,68789,0.234371,0.22076518969678263,875.8739869124927,0.16958592586198307,1,36.800000000000004
2021-02-04,18,21264,600,Employed,Associate,0,13154,36,Married,1,Rent,776,0.13048879803732433,2,0,0.5569216260474896,0,Home,0,25,4,3253,1867,64085,29011,1772.0,0.9263526660965028,7,35074,0.198154,0.19457525725682542,485.22153701355415,0.7117503030550532,0,59.0
2021-02-05,45,31755,625,Employed,High School,24,15413,60,Married,2,Rent,522,0.10090287896109854,3,1,0.2141127430423895,0,Auto,0,19,10,7196,679,10496,40735,2646.25,0.7023832022044546,4,4884,0.20791300000000001,0.2190228001490679,424.8343810905976,0.3578023168977223,0,49.0
2021-02-06,36,36586,488,Employed,High School,13,15943,36,Divorced,0,Mortgage,296,0.10198146259469058,3,0,0.690954624787782,0,Debt Consolidation,0,15,12,7971,799,23110,26442,3048.8333333333335,0.8231055160145803,11,7774,0.25694300000000003,0.2766901256745942,656.6120755223144,0.3124513449480067,0,58.0
2021-02-07,35,28197,555,Employed,High School,12,51941,24,Married,2,Other,309,0.2726194531248949,3,2,0.30093196230630664,0,Auto,0,32,19,2655,1258,4692,26898,2349.75,0.7694214797417317,7,1484,0.249441,0.25673474377155814,2789.7522200041467,1.3187582593910614,0,56.0
2021-02-08,39,48251,544,Employed,Bachelor,17,17038,72,Divorced,0,Rent,381,0.33787732806824333,1,1,0.6837103155414844,0,Other,0,25,19,10294,1094,72317,45804,4020.9166666666665,0.635343113300301,3,26513,0.260038,0.230864464273647,439.1550375018663,0.20397215498170804,0,59.0
2021-02-09,55,17213,646,Employed,Bachelor,31,28835,24,Married,1,Other,331,0.22717175682133509,4,1,0.29285628777476375,0,Education,0,19,26,1274,1426,28503,23860,1434.4166666666667,0.728669108771683,4,4643,0.180835,0.150863478014083,1399.295745466884,1.2062713615059901,0,51.0
2021-02-10,61,62938,628,Employed,High School,38,38438,60,Widowed,1,Rent,403,0.2885643473089356,3,1,0.4279998965873365,0,Other,0,28,14,10440,1238,50357,19611,5244.833333333333,0.8637785322002023,6,30746,0.22943800000000003,0.21192383088528194,1044.0411391520577,0.2758984027109964,0,53.0
2021-02-11,49,81177,622,Employed,Master,27,19397,48,Single,2,Mortgage,117,0.04837146735936009,4,0,0.3799490145581036,0,Debt Consolidation,0,27,22,727,2104,81071,12900,6764.75,0.9553465363599338,8,68171,0.20339700000000002,0.2068636995479601,597.3743197563066,0.10560247160003054,1,37.6
2021-02-12,59,127753,569,Employed,High School,36,29012,60,Single,2,Other,304,0.1922739134679824,2,1,0.3772959467800523,0,Debt Consolidation,0,34,24,1868,2746,6132,11601,10646.083333333334,0.9856071597581553,4,5708,0.249512,0.23492720302845588,826.0957289700577,0.10615131345362294,1,40.800000000000004
2021-02-13,30,70620,568,Employed,High School,6,22551,36,Divorced,3,Mortgage,599,0.2380979646694268,2,1,0.02416801076157834,1,Home,0,20,19,1923,679,37740,20992,5885.0,0.9262590697259655,2,16748,0.22355099999999997,0.19140396847696722,828.2315477401175,0.24252022901276424,0,62.0
2021-02-14,34,81296,414,Employed,High School,8,16591,60,Single,0,Rent,393,0.22320975854333408,1,1,0.592796670375154,0,Debt Consolidation,0,20,18,473,4934,14278,29238,6774.666666666667,0.9121221915787197,6,9027,0.314591,0.2687034371660655,505.3267000063814,0.13260087089249872,1,45.6
2021-02-15,18,23465,529,Employed,High School,0,6333,84,Married,0,Own,429,0.38926037252110185,2,1,0.09379835505148074,0,Home,0,26,13,5748,1138,104004,77554,1955.4166666666667,0.7478374979881893,7,26450,0.266833,0.24578769681528434,158.5969377090852,0.3004970489030054,0,52.0
2021-02-16,46,19938,558,Employed,High School,22,19451,60,Married,2,Mortgage,621,0.1657489609612359,4,3,0.16830745706911351,0,Debt Consolidation,0,23,5,11766,622,396398,135382,1661.5,0.8790058293824704,2,261016,0.24545099999999997,0.259178277990771,581.4262068780794,0.7236991916208724,0,47.0
2021-02-17,44,15000,538,Employed,Bachelor,25,23826,48,Married,1,Rent,524,0.3522742812861027,2,1,0.1719179377625676,0,Debt Consolidation,0,25,2,4121,406,19935,3447,1250.0,0.7982883581746555,3,16488,0.24982600000000002,0.26840049741296607,814.6497552372402,1.0709198041897923,0,56.0
2021-02-18,39,31768,517,Employed,Master,18,11192,48,Married,1,Mortgage,711,0.09592516889510837,1,2,0.41728482901146463,0,Debt Consolidation,0,33,23,2643,2449,7417,46580,2647.3333333333335,0.8670600223675632,5,10175,0.24769200000000002,0.24698472109149652,369.2148522366423,0.40803885126037864,0,56.0
2021-02-19,52,339492,645,Employed,High School,31,42893,60,Single,2,Rent,217,0.2994497165003832,1,1,0.37523827669638243,0,Debt Consolidation,0,26,2,1661,884,73316,88936,16234.166666666666,0.670714052184353,10,2312,0.225393,0.1803144,1089.934027357377,0.08050515029150725,1,42.400000000000006
2021-02-20,22,28400,542,Employed,Bachelor,3,16870,84,Married,3,Other,578,0.41468221516168197,3,0,0.37671316897435725,0,Debt Consolidation,0,22,5,8438,2094,128731,130165,2366.6666666666665,0.7184458008181246,2,6887,0.27087,0.2896199036159669,470.6447850112842,0.44308934577941594,0,59.0
2021-02-21,33,35195,669,Employed,Master,13,6693,60,Divorced,0,Mortgage,431,0.14435101413299486,4,4,0.16951958425784838,0,Debt Consolidation,0,25,24,5495,1237,52443,26210,2932.9166666666665,0.9619017780742584,7,26233,0.177193,0.16587591605080576,164.85772633948713,0.2031621740609134,1,35.2
2021-02-22,18,28286,441,Employed,High School,0,36141,36,Single,1,Own,603,0.1306014451700733,2,0,0.23458206072490273,0,Debt Consolidation,0,23,28,1217,2859,207851,22185,2357.1666666666665,0.9304755273997538,2,185666,0.30064099999999994,0.2731840991501264,1481.6447256004083,0.8843857988830129,0,49.0
2021-02-23,51,44903,613,Employed,Associate,29,15127,60,Divorced,1,Rent,663,0.2580676489332435,2,3,0.3070839416315778,0,Home,0,22,4,382,425,28148,23834,3741.9166666666665,0.6378225567757037,4,4314,0.213627,0.19172290775973294,393.8381662610895,0.2824323095368478,0,55.0
2021-02-24,38,90022,539,Employed,Associate,14,22690,72,Married,2,Mortgage,347,0.3239876490416639,3,1,0.058975985383460515,0,Home,0,22,25,519,1295,14090,33850,7501.833333333333,0.84827177094781,7,3284,0.26819,0.2363452636111885,592.3318036024456,0.12521363270344302,1,39.2
2021-02-25,52,40277,434,Employed,Bachelor,32,14354,48,Single,3,Own,571,0.11470207629348406,3,0,0.1575391384820259,0,Auto,0,27,27,4005,1950,21111,13912,3356.4166666666665,0.7713715609332886,3,7199,0.29235399999999995,0.32180095988116,535.1882427123423,0.32957417167485437,0,50.0
2021-02-26,33,26763,537,Employed,Associate,8,29342,96,Widowed,3,Other,465,0.3327401663232813,5,0,0.5196737698177915,0,Debt Consolidation,0,21,27,21691,1480,23171,16088,2230.25,0.7962732208793305,8,7083,0.295842,0.2707983414528214,750.2097144208652,0.544876006914411,0,60.0
2021-02-27,69,29706,683,Employed,Bachelor,45,9792,36,Married,3,Rent,272,0.24211639619180408,0,1,0.19483320149634833,0,Education,0,19,22,6153,478,40459,28429,1250.0,0.8951335090433384,7,12030,0.15329199999999998,0.1504398948411018,339.6538723232944,0.48932309785863554,0,46.0
2021-02-28,45,94711,613,Employed,High School,22,20714,60,Single,2,Rent,216,0.39030026889717945,4,0,0.3238553486476842,1,Home,1,20,24,5600,1092,179737,9539,7892.583333333333,0.6802423418472473,8,170198,0.21921400000000002,0.21694449276199754,568.505395415652,0.09939779692947835,0,64.0
2021-03-01,47,42533,512,Employed,Bachelor,24,12772,36,Widowed,2,Other,612,0.47210683925575464,2,0,0.2756213253924377,0,Auto,0,20,25,6833,288,117053,18727,3544.4166666666665,0.7206866327947645,7,98326,0.24177200000000001,0.19341760000000002,470.38053376690846,0.3053762115346414,1,41.6
2021-03-02,37,60510,563,Employed,High School,13,33308,72,Married,3,Rent,352,0.5122921270720439,5,1,0.4600964197766652,0,Home,0,23,25,2754,264,29580,49808,5042.5,0.6777595717195339,4,3227,0.266808,0.27835410053519755,956.0314995087265,0.2594013881028709,0,57.0
2021-03-03,66,71532,658,Employed,Bachelor,45,13015,36,Single,0,Rent,607,0.16618627912506423,7,1,0.5042168644939836,0,Debt Consolidation,1,25,12,4390,1373,65137,94647,5961.0,0.7355254093089328,2,10731,0.169015,0.15960490514055423,457.31495595077814,0.17854637744519009,0,57.0
2021-03-04,38,15000,490,Employed,High School,17,13376,36,Married,2,Own,641,0.4470784099208522,8,1,0.35481775034499297,0,Debt Consolidation,0,13,8,830,510,32603,6521,1250.0,0.7084169757536477,3,26082,0.253376,0.30405119999999997,570.8043880041511,0.9694435104033208,0,58.0
2021-03-05,42,63112,628,Employed,Bachelor,16,26302,120,Single,2,Own,585,0.6421167801973783,3,1,0.32582834322731447,0,Debt Consolidation,0,23,1,8188,863,88959,18486,5259.333333333333,0.9146150368850662,6,70473,0.26730200000000004,0.2537207957045902,605.2652936140912,0.22631486125252084,0,55.0
2021-03-06,61,83155,653,Employed,Associate,37,18131,60,Married,1,Rent,248,0.19706612959558983,2,1,0.03216694683986874,0,Home,0,24,7,1659,870,51568,22071,6929.583333333333,0.7938327000497882,3,29497,0.196631,0.20910366133228975,489.59072002223616,0.10644084709598742,0,43.0
2021-03-07,50,118971,508,Employed,Bachelor,25,49748,72,Married,0,Mortgage,278,0.27378199392720476,0,3,0.17479189662218905,0,Education,0,25,10,608,866,11333,28615,9914.25,0.5821410687231048,8,3692,0.310748,0.31408192682855923,1542.077865530161,0.18358200222207036,0,49.0
2021-03-08,49,40640,643,Employed,Doctorate,24,17172,60,Married,1,Other,526,0.12137014948038626,2,1,0.20665305450939203,1,Debt Consolidation,0,17,24,5862,16631,100891,57096,3386.6666666666665,0.9119102067651845,6,43795,0.20067200000000002,0.20605913106700166,460.7616521743296,0.29136662957903436,0,61.0
2021-03-09,46,41880,624,Employed,Bachelor,22,52380,36,Single,3,Mortgage,280,0.33802003815115284,3,1,0.021202997349368657,0,Debt Consolidation,1,21,9,2651,1726,63494,20147,3490.0,0.9280204605460093,2,43347,0.22538000000000002,0.22864324654349705,2023.9130571578794,0.6601470077816274,0,55.0
2021-03-10,41,52514,584,Employed,Bachelor,16,58771,12,Divorced,2,Own,476,0.23547694980452566,3,2,0.4598826608811574,0,Home,0,21,12,426,477,3863,13097,4376.166666666667,0.8444004898638766,2,2847,0.231771,0.22360756379943875,5510.844374582822,1.3680567561982302,0,56.0
2021-03-11,32,25971,513,Employed,Bachelor,7,27044,36,Single,2,Own,170,0.03206899851408508,3,1,0.2029412176152506,0,Home,1,19,27,1731,5206,20306,21433,2164.25,0.9558348915570607,9,5944,0.255544,0.21719365834239202,1028.9004888110712,0.5539565617701612,0,59.0
2021-03-12,52,56041,637,Employed,Bachelor,31,24699,36,Married,1,Mortgage,652,0.3772770144844623,4,0,0.06652682424184642,0,Auto,1,18,27,1301,2116,162735,33007,4670.083333333333,0.9476119802423263,2,129728,0.191199,0.1838154266635392,897.6625284917717,0.33182759661500083,0,49.0
2021-03-13,44,15221,481,Employed,Master,24,34664,36,Married,1,Rent,260,0.2328808536159737,1,0,0.2256213904879217,0,Home,0,29,2,2603,2033,839620,30991,1268.4166666666667,0.7561946909361504,6,808629,0.27916399999999997,0.29505349913133755,1462.16570276079,1.3577286928013585,0,50.0
2021-03-14,25,41655,558,Self-Employed,Associate,3,11723,48,Married,3,Mortgage,758,0.3452426160383319,4,2,0.44227621626324487,0,Auto,0,22,1,2285,2910,35963,16376,3471.25,0.8346309196949486,3,19587,0.227723,0.23535846853515088,379.1894253139424,0.3276022831296917,0,64.0
2021-03-15,51,39566,625,Employed,Associate,30,14770,60,Married,2,Mortgage,732,0.03227792226311971,2,1,0.3075345197605787,0,Education,0,33,22,10152,425,31741,13498,3297.1666666666665,0.588852025221767,4,18243,0.20727,0.248724,432.41483855438923,0.3531561962961298,0,51.0
2021-03-16,38,64504,546,Employed,Bachelor,19,15742,48,Married,0,Mortgage,497,0.7709397869968475,1,3,0.3704168583849418,1,Home,0,26,1,2438,874,63866,83121,5375.333333333333,0.921072382193536,5,9769,0.237742,0.2323964875872859,506.6234370202749,0.1867090605891619,0,72.0
2021-03-17,53,89033,665,Employed,Associate,30,42335,48,Single,1,Rent,191,0.3340156481172473,4,1,0.5674705292103949,0,Other,0,22,23,3553,3615,17045,4917,7419.416666666667,0.8273214704566375,5,12128,0.20483500000000002,0.2298958723324142,1356.6575377893623,0.20859558201422335,0,51.0
2021-03-18,57,23272,651,Employed,High School,33,13377,60,Married,4,Rent,419,0.1123950657878264,2,1,0.7441866202822801,0,Auto,0,29,13,1660,749,42982,19514,1939.3333333333333,0.5867339916772534,7,23468,0.19287700000000002,0.19500431642424915,350.7005845391056,0.3968892666925605,0,53.0
2021-03-19,56,15921,648,Employed,Master,35,21038,24,Single,5,Mortgage,504,0.13391311208228268,3,2,0.3459319321038065,0,Debt Consolidation,0,27,18,2030,540,92313,58197,1326.75,0.5576470369053654,9,34116,0.172038,0.18840919198537093,1058.8711799477942,1.1779696099097752,0,52.0
2021-03-20,41,23297,554,Unemployed,Associate,19,31266,48,Married,0,Mortgage,409,0.3516281453454446,4,1,0.10184368327825652,0,Education,0,24,21,567,279,90050,33673,1941.4166666666667,0.8124064565329562,4,56377,0.24926600000000002,0.2700950629113773,1072.039922433043,0.7628655650597295,0,53.0
2021-03-21,37,31332,590,Employed,Bachelor,15,20734,24,Married,2,Own,235,0.25803471394502164,2,0,0.23176518381875413,0,Education,0,27,23,895,4283,21695,24152,2611.0,0.839386842085944,10,5359,0.200734,0.18595723654189766,1041.104258368697,0.48874157731470586,0,53.0
2021-03-22,49,32962,597,Employed,Master,28,36398,60,Married,1,Other,299,0.1851330608071824,5,2,0.12966952230362153,0,Debt Consolidation,0,29,16,2250,564,180530,26000,2746.8333333333335,0.8276494243842979,9,154530,0.242898,0.2024216964476701,969.2354492347612,0.4617081909719415,0,46.0
2021-03-23,53,63008,671,Self-Employed,Master,31,15054,36,Married,3,Own,496,0.4488668712748711,4,2,0.216182872714976,0,Debt Consolidation,0,22,16,493,94,112418,22059,5250.666666666667,0.4865583034500131,4,90359,0.164554,0.1382750239213472,513.2497076695794,0.19221363147592294,1,38.400000000000006
2021-03-24,47,37134,574,Unemployed,Associate,22,20577,72,Married,0,Mortgage,1169,0.28912760658575104,6,2,0.3908083587151298,0,Auto,0,31,10,6679,1396,18575,164921,3094.5,0.682489856058634,7,2503,0.24857700000000002,0.23768977029359076,538.8450541449355,0.5518969313766151,0,58.0
2021-03-25,41,78747,577,Employed,Associate,17,14894,36,Married,1,Own,331,0.08869751151325148,5,0,0.27419551809717196,0,Home,0,34,25,5206,622,6453,7241,6562.25,0.6185570591802564,10,7839,0.211394,0.21679829507070247,566.3446235029636,0.13674343761712274,1,40.800000000000004
2021-03-26,41,19908,566,Employed,Associate,19,11141,36,Married,1,Own,479,0.23947336960117338,3,2,0.4752950341450041,0,Debt Consolidation,0,28,10,2383,474,116970,4770,1659.0,0.7202549103072238,6,112200,0.213141,0.2557692,446.3707041888595,0.5577882484562142,0,54.0
2021-03-27,42,48142,622,Employed,Master,17,41877,36,Single,4,Rent,194,0.6420836491875167,2,0,0.133720581693242,0,Education,0,24,16,5979,259,238893,18055,4011.8333333333335,0.8696759911711927,3,220838,0.215877,0.20807885186412972,1573.5911031794299,0.44059435084028825,0,46.0
2021-03-28,29,22852,573,Employed,High School,8,26124,36,Married,0,Mortgage,321,0.7287945679940625,5,2,0.15804820007826328,0,Home,0,22,2,2193,1378,186109,5186,1904.3333333333333,0.7028120426106741,7,180923,0.22462400000000002,0.22928485468489312,1010.2792886560877,0.699078919301289,0,54.0
2021-03-29,38,45194,462,Employed,High School,16,12147,48,Divorced,4,Mortgage,512,0.16546534075389818,1,1,0.41379562369290107,0,Education,0,33,18,2278,484,122821,6196,3766.1666666666665,0.9772479222760935,3,116625,0.276147,0.24645641622944522,400.36262321830765,0.24225232284417603,1,41.6
2021-03-30,18,95886,599,Employed,Master,0,19017,36,Married,1,Rent,517,0.4110124584525974,3,0,0.5649003908579581,0,Home,0,16,21,1927,1428,20045,25374,7990.5,0.6673882563007444,4,8792,0.204517,0.22404195761727735,730.2503822625436,0.1560916566250602,1,46.400000000000006
2021-03-31,20,29729,551,Self-Employed,Associate,0,32061,120,Single,2,Mortgage,245,0.14506402133886528,3,1,0.23058740879049788,0,Home,0,26,3,3512,640,45230,2602,2477.4166666666665,0.9743778621404242,4,42628,0.311561,0.29827511677843066,841.1035405302658,0.43840164439985174,0,59.0
2021-04-01,47,56378,594,Employed,Associate,26,12415,60,Single,2,Own,164,0.12533441686955543,3,1,0.10777675740728221,0,Education,1,28,25,7027,290,256361,15108,4698.166666666667,0.8682892318473264,1,241253,0.22041500000000003,0.19606910118335596,326.2120430814525,0.10434113514096686,1,40.800000000000004
2021-04-02,37,15874,596,Employed,High School,15,41261,12,Divorced,0,Rent,284,0.3594985192586014,3,0,0.1678394671222572,0,Home,0,16,8,2086,3320,380641,11241,1322.8333333333333,0.7039297375227511,3,369400,0.208261,0.20200208051379184,3826.1470519296554,3.1070785323898114,0,47.0
2021-04-03,43,53669,505,Employed,Bachelor,21,43884,60,Single,2,Rent,285,0.5037398030246935,8,1,0.3972708492710603,0,Auto,0,28,11,4241,2702,75010,10800,4472.416666666667,0.9414167056372507,5,64210,0.296384,0.30224026133158377,1425.8410256342172,0.38253167205669203,0,53.0
2021-04-04,44,20879,585,Unemployed,Bachelor,21,18065,48,Married,2,Own,411,0.2815605725841103,3,1,0.3419456638517538,0,Home,0,23,5,3686,1196,358866,20585,1739.9166666666667,0.7868363259013801,3,338281,0.220565,0.23839290631297708,587.3483097228608,0.5737908767984257,0,55.0
2021-04-05,59,45139,656,Employed,Bachelor,35,11358,84,Married,2,Mortgage,405,0.19629319238325146,6,1,0.03124599577707288,0,Auto,0,19,28,15349,715,237543,29383,3761.5833333333335,0.8353325218733149,2,208160,0.20835800000000002,0.23452907319697774,276.3514510487728,0.18113421680997083,0,40.0
2021-04-06,35,51225,574,Employed,Master,12,12637,36,Married,0,Mortgage,241,0.3596956239716905,2,1,0.36583370064931114,0,Debt Consolidation,0,19,8,6599,679,84683,13239,4268.75,0.8515513084296602,3,71444,0.21063700000000002,0.22126280052175357,483.43870427635153,0.169707456345851,1,42.400000000000006
2021-04-07,50,300000,663,Employed,Doctorate,25,23320,84,Single,1,Rent,619,0.12251852015096262,1,1,0.15775201623853322,0,Home,0,22,12,826,620,13163,10660,25000.0,0.7478128270612806,5,2503,0.21682,0.20828922141589312,529.5505327664446,0.045942021310657784,1,32.800000000000004
2021-04-08,46,97347,635,Unemployed,Associate,21,54946,108,Single,1,Own,359,0.31952158924054386,2,1,0.4242458803547078,0,Debt Consolidation,0,15,6,1887,662,16795,17674,8112.25,0.8857339135932785,7,1420,0.282446,0.26831918531289195,1352.7560235000226,0.21100878591020034,0,57.0
2021-04-09,49,93013,573,Employed,Associate,26,12243,36,Single,3,Mortgage,207,0.4166347681640538,3,3,0.2954936222869816,0,Auto,0,29,17,9934,515,23413,60022,7751.083333333333,0.8207797310543303,8,9046,0.210743,0.2293255258147248,473.4928405999258,0.08779325564382516,1,41.6
2021-04-10,54,31154,643,Employed,Master,33,16228,36,Married,2,Own,626,0.2229541975263618,3,0,0.10139894818925191,0,Auto,0,18,18,4731,1233,27698,37100,2596.1666666666665,0.7733186783277712,2,4055,0.179728,0.15124047343616312,563.5352453767547,0.4581890911125716,0,48.0
2021-04-11,46,79592,611,Employed,Associate,25,23688,48,Single,0,Own,437,0.2251266195476814,1,3,0.23444719568176794,0,Debt Consolidation,0,23,27,234,3664,15730,9513,6632.666666666667,0.7300300815554103,9,6217,0.21318800000000002,0.21355906753924617,738.0575345036685,0.17716215717715378,1,39.2
2021-04-12,38,157030,565,Employed,Bachelor,15,27187,24,Divorced,0,Rent,203,0.4723980633558385,3,2,0.18775946688557976,0,Debt Consolidation,0,25,9,9128,2439,19761,9612,13085.833333333334,0.8167915929273826,7,10149,0.21968699999999997,0.22127216781951844,1412.1199502806573,0.12342507421109271,1,40.0
2021-04-13,34,69199,493,Employed,Associate,9,17881,120,Married,4,Rent,279,0.28370066686261286,1,3,0.16373081201868608,0,Auto,0,16,26,7488,1616,36143,25619,5766.583333333333,0.7340446141331931,6,10524,0.32638100000000003,0.2789677424199679,443.84001732916784,0.12534979129683976,0,50.0
2021-04-14,36,26797,581,Employed,Bachelor,15,41432,48,Divorced,4,Mortgage,516,0.16039934097990347,2,3,0.48051833945392447,0,Other,1,16,9,731,2289,38483,26478,2233.0833333333335,0.9788047761878047,7,12005,0.245932,0.2463894406082754,1365.4359195721488,0.8425283067084295,0,64.0
2021-04-15,31,299465,477,Employed,High School,10,19379,24,Married,0,Mortgage,705,0.3530676352936953,4,0,0.4709245725066274,0,Debt Consolidation,0,23,24,1650,1226,199992,42987,24955.416666666668,0.849387356248925,5,157005,0.255879,0.23059909463293513,1015.5187868676647,0.06894370107495693,1,40.0
2021-04-16,47,41788,638,Employed,Bachelor,22,30997,36,Single,2,Other,1155,0.10788105711438462,1,1,0.036766271143061836,0,Other,0,34,7,2290,361,123943,9885,3482.3333333333335,0.8969588998645187,4,114058,0.196997,0.18409768536490684,1126.9978388861769,0.6553071232562966,0,44.0
2021-04-17,37,145343,584,Employed,Bachelor,14,31659,60,Married,1,Rent,563,0.19604948486186355,3,1,0.3672374495400965,0,Debt Consolidation,1,23,2,25107,827,27597,69095,12111.916666666666,0.6895494566852435,5,7745,0.24465900000000002,0.25542854924643615,939.3361658316147,0.12403785521132342,0,61.0
2021-04-18,18,52021,520,Employed,High School,0,20666,24,Single,2,Own,440,0.3885063061009404,3,2,0.2807390973248552,0,Other,0,28,5,16780,1491,65607,21720,4335.083333333333,0.755882228773707,5,43887,0.235666,0.20836812473303892,1060.2801308796827,0.34607872917775884,0,54.0
2021-04-19,24,53919,458,Employed,Master,0,14626,36,Divorced,4,Mortgage,135,0.1627938437931227,0,2,0.2458652902273278,0,Home,0,20,2,13262,1511,23928,15007,4493.25,0.943789824795368,4,8921,0.27062600000000003,0.27610501138892124,601.9102778704703,0.16400384529471324,0,55.0
2021-04-20,60,124143,663,Employed,Bachelor,37,31016,96,Widowed,1,Own,316,0.23504317755245352,2,0,0.45822936768822964,0,Debt Consolidation,0,27,12,803,730,46753,5855,10345.25,0.7601688515904481,3,40898,0.234516,0.20874592868992062,666.900469846506,0.09500983251700114,1,38.400000000000006
2021-04-21,51,47329,605,Self-Employed,Bachelor,30,27125,36,Married,3,Own,350,0.42396323610837183,6,1,0.3504108765565991,0,Auto,0,24,25,1421,305,203733,6083,3944.0833333333335,0.823828487301379,7,197650,0.209625,0.24117884239469553,1065.8707738241267,0.3589860188444615,0,52.0
2021-04-22,56,37889,600,Employed,Master,33,21083,84,Divorced,3,Own,433,0.5017553749711384,6,0,0.2636783246660262,0,Education,0,23,18,2494,316,33253,19101,3157.4166666666665,0.7029871098813844,3,14152,0.246083,0.25009759709123414,533.7767862224778,0.30619233642138177,0,51.0
2021-04-23,63,54535,451,Employed,Associate,40,20478,12,Married,3,Rent,329,0.08165017598074689,4,1,0.08470941852368721,0,Home,0,28,26,650,516,18716,18904,4544.583333333333,0.9261553098495177,3,7024,0.259978,0.2500661870596383,1946.3809677044294,0.5006797765188072,0,49.0
2021-04-24,44,73550,515,Employed,Bachelor,23,14935,60,Single,2,Mortgage,314,0.24397895084438384,1,1,0.3841841513027381,0,Home,0,29,28,8309,1532,12408,18180,6129.166666666667,0.7497476414875738,9,4592,0.26243500000000003,0.2902830213166809,474.322197987199,0.12861816962401615,1,43.2
2021-04-25,46,112756,612,Employed,Associate,24,57475,72,Married,3,Rent,140,0.2546672831576925,2,1,0.21111637817725007,0,Home,0,18,25,13599,1144,53132,19504,9396.333333333334,0.5128385599542389,5,33628,0.266475,0.24213847974183303,1520.6045268312373,0.1767289928870734,0,48.0
2021-04-26,29,79559,543,Employed,High School,4,37662,60,Single,3,Own,260,0.5126728186539878,3,0,0.4509646683565192,0,Home,0,25,21,26083,1054,155344,74143,6629.916666666667,0.7046331563301704,7,81201,0.271162,0.28391545839229565,1181.5495628691442,0.21743102294435238,0,55.0
2021-04-27,52,34775,621,Employed,High School,28,11602,96,Single,2,Mortgage,266,0.28384657917809547,3,1,0.2573110368539676,1,Other,0,23,20,3532,969,43835,15868,2897.9166666666665,0.7183913537776256,2,27967,0.23610200000000003,0.23987538322716176,272.704499831898,0.1858937166925313,0,62.0
2021-04-28,52,71856,593,Employed,Master,31,22453,60,Married,0,Mortgage,358,0.18413723797509166,3,3,0.13863174661294544,0,Home,0,28,15,1399,1157,11340,41623,5988.0,0.8038409824682089,1,7230,0.23095300000000002,0.22796785222018617,630.3419061517121,0.1650537585423701,1,39.2
2021-04-29,22,36501,621,Self-Employed,Bachelor,0,19047,12,Married,1,Rent,668,0.21360653908188057,1,0,0.1750496478976563,0,Debt Consolidation,0,29,18,5202,3067,33895,10329,3041.75,0.8495552473418669,10,23566,0.17354700000000003,0.16013007816901756,1728.2678968051596,0.7877925197025264,0,51.0
2021-04-30,59,112629,600,Employed,Master,36,21404,60,Divorced,0,Rent,572,0.20628464646419645,5,0,0.5116198462886978,0,Debt Consolidation,0,25,22,7357,828,36054,37625,9385.75,0.787245338675218,7,3174,0.226404,0.2333364920706642,607.4989333552053,0.12566911896813843,1,43.2
2021-05-01,27,46052,441,Self-Employed,High School,3,17359,12,Divorced,0,Rent,310,0.12732081612257773,4,0,0.4307266079295193,0,Debt Consolidation,0,21,3,2238,2867,271590,67661,3837.6666666666665,0.684536129388188,3,203929,0.261859,0.25581434075160925,1654.7741243414234,0.5119710217166916,0,58.0
2021-05-02,43,52848,447,Employed,High School,22,22544,48,Widowed,0,Mortgage,214,0.3394980364919404,1,3,0.19681630981551723,0,Debt Consolidation,0,15,12,14458,9057,23515,13740,4404.0,0.6096080962103811,2,9775,0.29404399999999997,0.3412641013270793,866.705523485966,0.24539180823932014,0,50.0
2021-05-03,27,42826,479,Employed,High School,5,12099,48,Single,2,Mortgage,679,0.6275687100185217,4,1,0.4831546181442911,0,Other,0,23,10,4504,1826,158967,8864,3568.8333333333335,0.8253144056621263,5,150103,0.267599,0.297881865119906,434.1472645790891,0.31190788714680495,0,55.0
2021-05-04,30,58918,620,Employed,Bachelor,10,39430,48,Married,5,Other,401,0.19259446256834356,4,0,0.22181943874491802,0,Debt Consolidation,0,32,23,1354,373,156703,13167,4909.833333333333,0.6722513706423232,4,143536,0.22443000000000002,0.23126736359159436,1266.5289988361917,0.33963046922900136,0,44.0
2021-05-05,44,58980,603,Employed,High School,21,37565,60,Married,4,Own,773,0.12596618501552845,1,2,0.35713888737333543,0,Debt Consolidation,0,13,24,3320,69,118741,34936,4915.0,0.6282057936984158,6,83805,0.24106499999999997,0.27132872067101865,1150.0447114153949,0.3912603685484018,0,48.0
2021-05-06,36,15000,599,Unemployed,Associate,12,22693,24,Married,3,Mortgage,303,0.12765861692890726,1,1,0.5203392783973937,0,Auto,0,34,23,2599,2250,428325,78101,1250.0,0.880425138301019,3,350224,0.19819299999999998,0.20719344687337732,1162.9686867512194,1.1727749494009756,0,56.0
2021-05-07,52,15000,621,Employed,Associate,30,16033,36,Single,4,Rent,672,0.6178512175756976,3,0,0.1079976953754958,0,Debt Consolidation,1,25,9,1351,778,8093,3936,1250.0,0.7558027408772726,3,4157,0.190533,0.19313117069301497,590.2472639348082,1.0097978111478465,0,58.0
2021-05-08,40,87932,576,Employed,Associate,17,9666,72,Married,0,Mortgage,435,0.12240617740646614,5,2,0.6782887362552494,0,Debt Consolidation,0,28,13,3435,1284,127186,8110,7327.666666666667,0.9120960430041218,6,119076,0.23666600000000002,0.263746287027598,268.58698051724866,0.09601787479196405,1,41.6
2021-05-09,39,55680,618,Employed,Bachelor,16,25205,72,Married,1,Other,132,0.10149283612419167,5,1,0.2543473860497822,0,Education,0,20,28,1796,3845,89318,148604,4640.0,0.9514602106795426,3,10222,0.23120500000000002,0.23467501537588611,655.443878883189,0.16970773251792864,0,48.0
2021-05-10,38,58982,554,Employed,Associate,17,24925,72,Married,3,Other,813,0.015530006556143974,1,3,0.34680710821647603,1,Auto,0,27,25,14869,3261,29547,16850,4915.166666666667,0.8007666820929125,1,12697,0.26292499999999996,0.277284551040009,713.7333982248856,0.3106168115475675,0,65.0
2021-05-11,26,96999,623,Employed,Bachelor,5,11429,36,Married,1,Mortgage,637,0.13201733104636268,1,0,0.09212522383734673,0,Other,0,28,19,4665,2096,93399,29579,8083.25,0.8648655330690788,4,63820,0.184929,0.15888502334223656,401.1808859874224,0.12843607286517458,1,34.4
2021-05-12,36,46780,608,Employed,High School,14,14513,48,Married,4,Rent,195,0.5655148651999803,7,1,0.3078650505804611,0,Education,0,25,13,4919,300,25504,22472,3898.3333333333335,0.7932416608303788,5,3032,0.205513,0.20748798796244203,447.44656259470383,0.1648003153299796,0,53.0
2021-05-13,43,170617,623,Employed,Master,21,44011,60,Widowed,2,Mortgage,215,0.08587511227751243,0,1,0.580990953091198,0,Debt Consolidation,0,29,14,1377,473,39103,20041,14218.083333333334,0.8115201983417034,3,19062,0.23751100000000003,0.22640080536625043,1231.60683370832,0.10174415213313937,1,41.6
2021-05-14,28,24638,571,Self-Employed,High School,5,17160,36,Married,0,Rent,861,0.11577068542973375,5,0,0.32833598588818796,0,Education,0,23,19,3392,429,118994,32350,2053.1666666666665,0.8125948944664495,3,86644,0.21666000000000002,0.2318434998665618,665.9087455053157,0.7436847530669611,0,56.0
2021-05-15,18,60457,527,Employed,High School,0,16692,60,Married,3,Own,382,0.34046225655421464,2,0,0.46700200861788177,0,Education,0,23,14,1751,383,43345,28131,5038.083333333333,0.678575883862847,6,15214,0.258192,0.23322120713894376,473.64968025753683,0.1698363491918296,0,56.0
2021-05-16,30,28503,543,Employed,Doctorate,7,11968,72,Single,1,Own,846,0.33065138815714146,4,0,0.2671412673273202,0,Debt Consolidation,0,24,10,1236,1468,85495,14574,2375.25,0.8882113924306386,6,70921,0.25546800000000003,0.2732174166251105,339.64158310163754,0.499164964993848,0,52.0
2021-05-17,47,68387,614,Self-Employed,Doctorate,21,38909,48,Divorced,0,Rent,683,0.055511343851998546,7,0,0.14175250525521155,0,Education,0,21,12,2949,1225,118353,14290,5698.916666666667,0.9105917873083451,10,104063,0.226909,0.23414383059003924,1255.940978814625,0.34022974755107693,0,45.0
2021-05-18,35,41770,541,Employed,High School,15,19127,36,Married,0,Other,325,0.31233226690396965,2,1,0.3892871318942154,0,Debt Consolidation,0,27,19,5635,12456,50464,22918,3480.8333333333335,0.7253729884416384,2,27546,0.233627,0.2220656148636663,732.5143030699579,0.3038106688254607,0,55.0
2021-05-19,60,117267,610,Employed,Associate,37,24439,60,Married,1,Mortgage,721,0.11406096367308988,1,4,0.5191670154175304,0,Debt Consolidation,0,24,2,3755,2870,30105,14331,9772.25,0.6843938451258469,2,15774,0.224439,0.23338319897713153,693.7056162313932,0.14476764473190853,0,57.0
2021-05-20,62,33616,485,Employed,High School,39,45030,84,Single,0,Mortgage,289,0.23437105137278838,5,1,0.16432927032526984,0,Home,0,20,25,2637,2224,447392,13405,2801.3333333333335,0.8445305489235501,5,433987,0.32753,0.3722802984009115,1513.2196791022568,0.6433435313311244,0,45.0
2021-05-21,43,32565,593,Employed,Associate,17,45538,36,Married,1,Rent,646,0.321272128063841,1,2,0.5759199014562402,0,Home,0,43,8,1925,3008,18025,23178,2713.75,0.8582378376904914,8,5520,0.234038,0.26670519212783644,1851.0585909448828,0.9201505632224349,0,60.0
2021-05-22,23,201727,565,Employed,Associate,2,42433,48,Single,0,Mortgage,302,0.13309908713541407,5,2,0.5010263414719257,0,Debt Consolidation,0,27,15,6995,575,229441,23153,16810.583333333332,0.6964827922332053,9,206288,0.25493299999999997,0.2513451164888768,1410.1417437881687,0.10184903818258352,1,40.800000000000004
2021-05-23,46,100640,601,Employed,Master,28,9213,72,Divorced,1,Other,442,0.13051496481833522,5,0,0.12777553768534675,0,Education,0,22,20,1146,1270,86536,45178,8386.666666666666,0.7744307235877513,5,41358,0.223713,0.19324876655786147,217.0868767346516,0.07858746542940998,1,36.0
2021-05-24,21,84570,549,Employed,Bachelor,1,52751,72,Divorced,2,Mortgage,295,0.42593568707970164,3,0,0.08313300778478769,0,Home,0,26,6,3731,1102,97689,15742,7047.5,0.8674158747171753,10,81947,0.293251,0.2938051519426828,1565.9629642914153,0.2640600162172991,0,50.0
2021-05-25,32,79769,520,Employed,Bachelor,13,10992,36,Married,3,Rent,219,0.5394572275323717,4,2,0.3322769704243079,0,Education,0,24,24,3155,1191,37548,21343,6647.416666666667,0.8623300735539792,6,16205,0.235992,0.20724211648865873,412.56950210349146,0.09500976601489171,1,44.0
2021-05-26,59,146819,661,Self-Employed,Bachelor,37,29665,60,Married,4,Rent,428,0.5726958645346568,3,1,0.20691676413536852,0,Education,0,18,24,20086,2885,38533,41187,12234.916666666666,0.7021795615081329,3,4436,0.20416499999999999,0.2132935489132482,808.0437336522792,0.10102592173919826,1,38.400000000000006
2021-05-27,36,31811,428,Employed,High School,15,16748,24,Divorced,0,Mortgage,316,0.7158015289403991,3,0,0.2696164274077953,0,Auto,0,26,20,1212,205,163350,40388,2650.9166666666665,0.5984033921574955,6,122962,0.277748,0.2855465963102618,924.0128590423637,0.4677675743770509,0,51.0
2021-05-28,46,90186,608,Employed,High School,25,21090,96,Single,0,Mortgage,461,0.2931326634258926,2,1,0.179742461545602,0,Debt Consolidation,0,21,9,1778,976,38605,16130,7515.5,0.7791642258900127,7,22475,0.25209,0.24424977902239614,501.78383821279215,0.1281064251497295,0,47.0
2021-05-29,27,40614,578,Employed,High School,9,32278,48,Single,2,Mortgage,177,0.41755063750866367,2,0,0.0772284872019026,0,Debt Consolidation,0,35,9,1943,1828,22820,15745,3384.5,0.958760816127966,8,7075,0.23827800000000002,0.2663785665144747,1099.9423376445004,0.3772912801431527,0,53.0
2021-05-30,36,15000,556,Employed,Master,16,41413,48,Married,2,Mortgage,504,0.2279658386875455,0,2,0.7196848820011471,0,Debt Consolidation,0,25,28,8701,630,58855,32793,1250.0,0.7810552502899454,0,26062,0.258413,0.2670081154889929,1412.7123546297455,1.5333698837037963,0,60.0
2021-05-31,52,23562,580,Employed,High School,30,22126,96,Single,2,Mortgage,640,0.18544106014554776,7,1,0.22430525537229148,1,Auto,0,24,5,3726,480,76660,31940,1963.5,0.7331546985660264,5,44720,0.26712600000000003,0.27630428319867073,573.9970328992317,0.6182821659787276,0,67.0
2021-06-01,30,70570,436,Employed,High School,5,23207,24,Married,0,Mortgage,496,0.11020860957067372,3,0,0.4873038305119169,0,Auto,0,24,9,15579,1120,140340,32265,5880.833333333333,0.8834751882580798,3,108075,0.280207,0.25140354016299943,1240.2277242006426,0.29523498215116495,0,52.0
2021-06-02,35,53174,507,Employed,Bachelor,12,33452,48,Single,0,Mortgage,474,0.15311855579050246,2,0,0.21468046619219744,0,Other,0,36,9,4379,1450,62074,6707,4431.166666666667,0.63279986351412,4,55367,0.27495200000000003,0.2619629271026227,1131.6087632821684,0.36234447586012,0,50.0
2021-06-03,19,44054,516,Employed,High School,0,26723,72,Single,0,Rent,118,0.2131725925123743,8,1,0.24887426769096097,0,Education,0,18,29,7275,654,301489,14393,3671.1666666666665,0.7007872857212649,6,287096,0.283723,0.25977566882871794,735.9547358185519,0.23261126866624193,0,47.0
2021-06-04,28,49537,511,Employed,Associate,6,9267,60,Married,3,Mortgage,190,0.16989630882029896,5,3,0.3181311279859267,0,Debt Consolidation,0,21,23,1713,528,54655,23441,4128.083333333333,0.7966551778686686,7,31214,0.258767,0.26175474018131295,278.4218288077482,0.11347198953697195,0,54.0
2021-06-05,34,37671,473,Employed,Bachelor,12,37740,36,Married,3,Rent,375,0.538124578268281,1,1,0.19997049285103957,0,Auto,0,35,16,437,8113,42422,45807,3139.25,0.8835083908555303,5,8995,0.28624000000000005,0.2847586734732413,1570.7803818307532,0.6198233278110228,0,52.0
2021-06-06,24,18589,536,Employed,Master,0,23852,60,Divorced,3,Mortgage,406,0.4056248544159089,1,2,0.5379260660849915,0,Other,1,20,21,566,325,49830,27810,1549.0833333333333,0.8874856174244037,8,22020,0.26085200000000003,0.23976862415194436,685.8532273053814,0.7048382768123396,0,67.0
2021-06-07,31,48906,608,Employed,Bachelor,9,13291,36,Single,0,Mortgage,759,0.10584435506451444,3,0,0.5751170817718365,0,Auto,0,20,14,2275,7911,188758,28061,4075.5,0.7471407943222629,4,160697,0.194291,0.19776079702339983,492.42607819542854,0.3070607479316473,1,40.800000000000004
2021-06-08,44,100598,603,Employed,Master,23,18023,60,Single,3,Other,341,0.5117872991720119,7,2,0.26797879752442905,0,Home,0,22,17,4752,476,390464,14326,8383.166666666666,0.8957551220109388,3,376138,0.22152300000000003,0.20674923471653556,484.292741956365,0.09844641944647389,1,34.4
2021-06-09,45,93295,581,Employed,Associate,21,30179,36,Married,0,Mortgage,857,0.15673217150121,3,0,0.24304773257549714,0,Home,0,26,13,1835,2301,273458,13798,7774.583333333333,0.8398424793434361,4,259660,0.22467900000000002,0.2071441903990441,1132.5755705661304,0.25590767829780336,1,35.2
2021-06-10,66,68752,646,Employed,Bachelor,42,13715,12,Married,0,Mortgage,247,0.29154279418696655,4,1,0.33463011692323186,0,Education,1,28,26,17155,515,141234,16645,5729.333333333333,0.6836941912680281,2,124589,0.15571500000000002,0.16575456148574805,1248.1116116176527,0.26095734435960893,1,42.400000000000006
2021-06-11,68,21007,634,Employed,High School,47,8326,60,Married,2,Own,748,0.6118216832675458,3,2,0.4051854639757125,0,Other,0,30,20,3577,1733,16317,59671,1750.5833333333333,0.7189754201644384,11,2665,0.196326,0.2355912,237.39618226280643,0.5628959007546854,0,57.0
2021-06-12,41,51060,606,Employed,High School,19,37648,48,Married,3,Mortgage,283,0.15584660607479928,3,0,0.1752871452096381,0,Debt Consolidation,0,22,27,10611,799,30734,31356,4255.0,0.6350424249216517,5,10587,0.229648,0.23209307709389002,1210.9952457373233,0.3511152163895002,0,46.0
2021-06-13,25,30841,589,Employed,Associate,1,24109,24,Single,3,Rent,1117,0.26852888290799787,0,1,0.17089067829830057,0,Debt Consolidation,0,25,27,7542,797,73665,129177,2570.0833333333335,0.8383109382121517,4,2429,0.20460899999999999,0.24246306070922313,1277.6350104046385,0.9317343836080433,0,51.0
2021-06-14,56,36373,637,Employed,Bachelor,36,30744,48,Single,0,Mortgage,396,0.097846212241624,4,1,0.5683041385790292,0,Debt Consolidation,0,23,9,1198,17249,459335,18383,3031.0833333333335,0.8024621238830002,5,440952,0.207244,0.209429199458586,951.0656976476406,0.4444172427837046,0,50.0
2021-06-15,37,110747,642,Unemployed,Master,16,20355,36,Married,2,Rent,408,0.3556234231041399,5,1,0.12712412980370952,0,Auto,0,26,6,2888,2402,45305,2921,9228.916666666666,0.9049980391020732,4,42384,0.18435500000000002,0.18719891868673816,743.2537224591638,0.12474418873206468,1,40.800000000000004
2021-06-16,45,126276,617,Employed,Associate,21,41195,24,Married,1,Rent,379,0.23704445313928668,1,2,0.41641014060211284,1,Auto,1,20,23,2204,488,24627,24747,10523.0,0.7090598227004491,3,9937,0.20769500000000002,0.22395145144355222,2145.1676404514074,0.23987148536077235,0,69.0
2021-06-17,34,34417,625,Employed,Master,14,26728,60,Married,3,Mortgage,1014,0.45688243249587907,5,0,0.08462123115364745,0,Auto,0,18,11,4097,1337,103741,3931,2868.0833333333335,0.8628348391951922,6,99810,0.21922800000000003,0.19596347277045256,702.1388499256719,0.5983573873117373,0,47.0
2021-06-18,22,23127,526,Employed,High School,0,13340,24,Divorced,1,Rent,165,0.295578248002807,1,0,0.3049168861822133,0,Education,0,19,6,36076,860,63012,42667,1927.25,0.6902139451420791,8,20345,0.22533999999999998,0.22889705151554257,697.9296399645007,0.4477517913942149,0,58.0
2021-06-19,26,83787,560,Employed,Bachelor,6,42731,48,Married,1,Rent,737,0.2649846785765708,5,3,0.19006275788692276,0,Education,1,18,7,11600,793,309653,34304,4574.25,0.8583388305259678,6,275349,0.257731,0.2457320449722732,1406.6845064935735,0.4686417459678796,0,50.0
2021-06-20,38,59369,613,Employed,Bachelor,16,15806,36,Divorced,4,Mortgage,313,0.2412754734455983,1,0,0.12349093793762198,0,Auto,0,26,2,1514,152,113440,17284,4947.416666666667,0.7571114281093814,5,96156,0.194306,0.18565021603063314,575.9148317302335,0.17967252237300277,1,39.2
2021-06-21,49,20655,641,Employed,Bachelor,26,20183,84,Single,3,Own,379,0.028222204414365033,1,0,0.03174666340028679,0,Auto,1,26,28,764,498,76931,2485,1721.25,0.9211935107629453,5,74446,0.22468300000000002,0.2149579741449229,466.54123687097166,0.4912367389228594,0,52.0
2021-06-22,43,74465,584,Employed,Bachelor,22,24276,48,Single,3,Own,548,0.30874234949498663,4,1,0.3173808203991349,0,Other,0,20,27,1343,1166,95647,18198,6205.416666666667,0.6613542320138536,3,77449,0.227276,0.21773845850709028,761.8641008099352,0.2110839885814708,1,41.6
2021-06-23,36,75490,578,Employed,High School,14,20046,24,Widowed,0,Rent,560,0.41956233164019413,3,3,0.5781625673372859,0,Home,0,35,21,20165,344,67764,32924,6290.833333333333,0.6450349941213883,8,34840,0.206046,0.1813299630444313,1002.0671957511146,0.24830846932061695,1,47.2
2021-06-24,23,43818,537,Unemployed,Associate,2,34385,24,Married,0,Rent,298,0.2420973595866607,4,1,0.188663598331205,1,Auto,0,20,3,5264,1053,14328,11685,3651.5,0.9568039400044486,8,2643,0.240885,0.2450406011787188,1826.6347712135926,0.5818526006336006,0,69.0
2021-06-25,34,106875,626,Employed,Associate,14,9969,12,Single,5,Mortgage,472,0.31039325770570725,2,5,0.3043056573955125,0,Debt Consolidation,0,23,24,19955,905,121574,40034,8906.25,0.5309724607584309,5,81540,0.16196900000000003,0.1721548539617783,910.2399394363879,0.1551988703928576,1,38.400000000000006
2021-06-26,44,15483,613,Employed,High School,23,10394,72,Married,5,Mortgage,338,0.32858137491633876,0,2,0.20136589389703327,0,Home,0,23,11,4643,326,34862,95729,1290.25,0.6990140370690685,6,10542,0.21889399999999998,0.22685944069567932,265.40967214152323,0.4676688022798088,0,51.0
2021-06-27,43,76666,551,Employed,High School,22,61424,36,Married,4,Rent,266,0.1643512188477738,5,2,0.5595565317307108,1,Education,0,21,13,2363,393,56901,16268,6388.833333333333,0.6660998982333962,4,40633,0.270924,0.23674610043956099,2399.3570826920004,0.41718995372530204,0,69.0
2021-06-28,41,35454,606,Employed,High School,18,28102,48,Married,1,Mortgage,274,0.09562844948853454,2,1,0.424208429540496,0,Education,0,25,9,3645,252,48850,30820,2954.5,0.5641347146722566,2,18030,0.220102,0.24559446751539118,924.889864296838,0.40578435075201824,0,54.0
2021-06-29,29,34898,437,Employed,Master,5,12176,60,Married,0,Mortgage,403,0.1185711620379441,2,1,0.3113443561249826,0,Auto,0,21,17,4034,524,28896,8016,2908.1666666666665,0.9182419574952313,6,20880,0.298676,0.34040766878495116,424.68095055659774,0.2846057483718028,0,54.0
2021-06-30,53,21746,630,Employed,Master,26,22560,60,Married,2,Mortgage,785,0.20074079397745478,7,3,0.2540329949300206,0,Debt Consolidation,0,25,17,1804,449,26943,26913,1812.1666666666667,0.6850017707386999,5,6231,0.21256000000000003,0.20385702524866212,602.5539320400476,0.765687813137155,0,51.0
2021-07-01,71,64151,645,Employed,High School,50,7216,48,Married,1,Mortgage,487,0.23963802841820134,4,2,0.07773883035924363,1,Home,0,21,28,2316,1020,13116,4893,5345.916666666667,0.808067227790113,4,8223,0.17971600000000001,0.17353166273702314,209.53879953442245,0.1302936134185448,0,59.0
2021-07-02,51,121026,614,Employed,Bachelor,32,70526,36,Widowed,1,Rent,210,0.3902281553813246,1,1,0.41687308054203814,0,Education,0,22,13,7476,278,14330,82657,10085.5,0.5785374390938466,3,3268,0.248526,0.2371945286504646,2756.5581510073966,0.2941409103175248,0,51.0
2021-07-03,51,85983,606,Employed,Associate,27,11728,48,Single,0,Rent,245,0.2144725047695174,3,0,0.13107451014732593,0,Education,0,15,18,6493,451,54347,34938,7165.25,0.7641046905477825,5,19409,0.203728,0.17750187250324545,342.98093438838885,0.0820600724871273,1,36.800000000000004
2021-07-04,55,87204,583,Employed,High School,33,9826,36,Divorced,0,Mortgage,457,0.7131396934505526,5,2,0.06090858700960766,0,Auto,0,17,17,1068,2140,317672,7758,7267.0,0.9575849416920498,4,309914,0.203326,0.2130087135776815,371.71485496276887,0.1140380975592086,1,36.0
2021-07-05,46,16972,606,Unemployed,High School,23,62762,12,Single,1,Rent,472,0.31578910243065483,2,2,0.24887738789545086,0,Debt Consolidation,0,24,7,10900,673,91215,7676,1414.3333333333333,0.5750213964036458,1,83539,0.22476200000000002,0.25032545810852636,5966.155564626785,4.552077938694404,0,53.0
2021-07-06,33,61787,605,Employed,Associate,12,36416,48,Divorced,1,Own,561,0.19926263414582418,2,2,0.39399305905437226,0,Auto,1,26,8,20580,2388,22968,61352,5148.916666666667,0.5753147204220989,1,4572,0.228916,0.2746992,1258.1546743410713,0.3533082378508886,0,57.0
2021-07-07,54,44428,561,Employed,Bachelor,28,13185,72,Single,0,Rent,407,0.11225581477130735,2,1,0.1308288425448396,0,Education,0,20,10,3455,283,45531,46921,3702.3333333333335,0.8503749279944253,4,1977,0.247685,0.2517917132730755,356.61765750811537,0.20625308116722302,0,50.0
2021-07-08,47,49490,598,Employed,High School,26,42248,60,Married,1,Rent,713,0.10371573468578242,5,1,0.3531476388819929,0,Education,0,14,28,1575,771,375424,37037,4124.166666666667,0.755594560212746,5,338387,0.24824800000000002,0.2053483223555403,1131.9231855737023,0.4473444782154865,0,48.0
2021-07-09,56,59861,601,Employed,Bachelor,33,11658,48,Widowed,4,Mortgage,575,0.08244429150526666,5,2,0.43691074623927684,0,Education,0,21,17,1553,340,12355,51541,4988.416666666667,0.7831896294896068,8,5661,0.206158,0.2211562515604258,368.0300454228889,0.1890439609273929,0,52.0
2021-07-10,25,33371,551,Employed,Associate,0,20266,48,Divorced,0,Mortgage,358,0.33441726169770947,3,1,0.24450493454363,0,Other,0,31,14,1045,483,181747,11043,2780.9166666666665,0.6607037979352821,7,170704,0.239766,0.24613218730348319,667.5979030726172,0.36879850279798043,0,49.0
2021-07-11,48,120045,605,Employed,High School,27,39025,60,Married,0,Rent,664,0.378301885657878,3,2,0.38952168030104994,0,Debt Consolidation,0,32,25,12121,746,1805243,23300,10003.75,0.6768803901048543,1,1781943,0.241525,0.22661788792218615,1092.5632387729465,0.17559047744825157,1,32.800000000000004
2021-07-12,34,50502,569,Employed,Bachelor,10,70874,36,Married,0,Own,221,0.1506924482572212,2,0,0.5037979221777376,1,Auto,0,26,22,15203,177,41562,18745,4208.5,0.6903005744683304,4,22817,0.271374,0.2712150474367382,2898.06824627463,0.7411353798917976,0,69.0
2021-07-13,45,59974,602,Employed,High School,25,18130,48,Married,1,Mortgage,361,0.22266669087569105,6,3,0.09897114237626217,0,Auto,0,21,12,6635,596,176464,4977,4997.833333333333,0.8876627614487378,4,171487,0.21213,0.21851236101647276,569.7419605662552,0.18622909138618507,0,43.0
2021-07-14,41,75890,577,Employed,High School,19,21502,48,Divorced,3,Mortgage,637,0.1454168053547201,2,1,0.6898529809668204,0,Education,0,23,8,17277,581,462169,15524,6324.166666666667,0.6856470068490742,3,446645,0.228002,0.2326694488144859,692.3193273280091,0.21019675751661757,1,41.6
2021-07-15,35,75913,619,Employed,High School,13,33921,72,Married,0,Own,481,0.10595718271936334,4,1,0.4043548359067669,0,Other,0,11,9,5498,1028,39025,95000,6326.083333333333,0.598909364457249,9,10489,0.23942100000000002,0.22548368570391772,863.3794184548577,0.21251370676245565,0,53.0
2021-07-16,26,44140,581,Employed,Bachelor,4,17867,36,Married,0,Rent,308,0.06897452388931483,4,2,0.3242676752223141,0,Education,0,27,25,6309,1257,9699,44272,3678.3333333333335,0.9113440710297408,7,7227,0.212367,0.24676475349972304,707.3351954894662,0.2760313173056999,0,54.0
2021-07-17,39,54367,581,Employed,Associate,14,61884,84,Single,2,Own,491,0.39923146703502427,4,0,0.1677406053106287,0,Education,0,17,8,2394,1946,370728,15633,4530.583333333333,0.8268607733677931,5,355095,0.296384,0.3088940953586766,1806.610646444866,0.5071335140312762,0,45.0
2021-07-18,40,55793,516,Employed,High School,17,38084,84,Married,3,Mortgage,566,0.021090700534074455,4,1,0.4868275503912943,0,Home,0,16,24,2099,21236,45504,11842,4649.416666666667,0.5861084513157588,4,33662,0.305084,0.3661008,1263.062138823341,0.3933960472797679,0,55.0
2021-07-19,55,93781,605,Employed,Bachelor,32,23499,84,Single,1,Rent,463,0.060151816694938666,3,0,0.4123707582351835,0,Debt Consolidation,0,21,23,1707,2926,34572,98393,7815.083333333333,0.5145814566250668,3,5251,0.245999,0.27825014628306627,637.8880899722025,0.14086709546354198,0,51.0
2021-07-20,35,69312,512,Employed,Bachelor,14,15890,12,Single,2,Mortgage,622,0.4477086529435359,2,1,0.16587471980723262,0,Education,0,28,17,5165,1663,612861,11014,5776.0,0.8696715450036712,1,601847,0.22489000000000003,0.21411886195797752,1482.7207957743537,0.3643907194900197,1,34.4
2021-07-21,35,83997,455,Employed,Associate,9,12638,48,Married,1,Rent,715,0.18826914601279376,2,1,0.18063021955479158,0,Debt Consolidation,0,22,6,1165,321,114595,6352,6999.75,0.7896179221816794,1,108243,0.280138,0.2934410308081531,450.23531504677555,0.1664681331542949,1,36.800000000000004
2021-07-22,48,93473,642,Employed,Bachelor,28,21074,84,Married,0,Mortgage,1060,0.1272265409857991,1,2,0.2993326545694413,0,Education,0,33,29,3444,657,209656,4597,7789.416666666667,0.8733176567636791,6,205059,0.22507400000000002,0.22422912379728333,499.1960261958997,0.2001685226145603,1,34.4
2021-07-23,41,60489,488,Employed,Bachelor,18,20809,24,Married,2,Mortgage,235,0.20379687414873085,5,1,0.31593714810797374,0,Education,0,28,8,1628,606,84007,4451,5040.75,0.9219645109629612,6,79556,0.251809,0.2767682006295831,1138.7506919673806,0.2725290268248536,0,53.0
2021-07-24,56,58043,651,Employed,Master,35,22234,60,Single,2,Mortgage,122,0.09019882781863942,5,2,0.3372571281851506,0,Debt Consolidation,0,23,27,2076,364,106413,7439,4836.916666666667,0.7590254339369448,6,98974,0.20173400000000002,0.1975354543031813,586.0201894387891,0.14637841381847025,1,36.0
2021-07-25,31,81904,595,Employed,High School,9,15552,24,Married,2,Other,692,0.2557768555745963,1,0,0.38753504693942775,1,Debt Consolidation,0,20,29,819,940,22852,32442,6825.333333333333,0.7342919759838228,4,8821,0.193052,0.21889802534847616,805.9629917323441,0.21947103805416257,0,65.0
2021-07-26,53,68213,604,Employed,Associate,30,20835,60,Married,1,Mortgage,239,0.3930545297090131,2,0,0.24270699195430961,0,Debt Consolidation,0,26,21,2941,512,8218,8662,5684.416666666667,0.8002627383339856,3,6267,0.223835,0.22953523665481865,586.7922529551726,0.14527299833553825,1,39.2
2021-07-27,44,72697,648,Self-Employed,Bachelor,20,17452,24,Single,2,Rent,545,0.048491491068041265,1,2,0.04547913992215084,0,Home,0,19,25,4657,724,252454,34714,6058.083333333333,0.9332258682899104,2,217740,0.168452,0.19767291636123446,886.2508236837683,0.23625472693790972,1,36.0
2021-07-28,46,67885,556,Employed,Master,19,19629,36,Divorced,0,Rent,397,0.5819760635019252,1,1,0.19178813472517883,1,Debt Consolidation,0,21,3,4478,1620,23755,23580,5657.083333333333,0.7162165209490119,1,2068,0.226629,0.22299204513240367,752.6821405314532,0.20322877935298575,0,66.0
2021-07-29,32,15000,597,Employed,Associate,8,10590,48,Widowed,0,Own,157,0.22270630770941335,6,3,0.3991990848479396,0,Home,0,22,4,3275,1690,68506,66549,1250.0,0.8469227935988577,4,1957,0.20709,0.19270190588202998,318.15411366790255,0.38012329093432207,0,59.0
2021-07-30,39,60280,637,Employed,Bachelor,17,55908,96,Divorced,1,Rent,564,0.6061664632898451,2,0,0.15413172913132306,0,Other,0,26,26,2089,1193,80672,55345,5023.333333333333,0.901059469511405,8,25327,0.27240800000000004,0.2700318519975021,1426.5384154861008,0.39625847687181837,0,49.0
2021-07-31,35,46318,573,Employed,Master,16,37315,24,Divorced,1,Mortgage,351,0.10687964312448704,4,1,0.3892819574968151,0,Debt Consolidation,0,30,23,1248,1594,68829,47219,3859.8333333333335,0.6482544495135447,3,21610,0.22581500000000002,0.2316232122725138,1957.3183549555933,0.5980357584409327,0,54.0
2021-08-01,50,47016,574,Employed,Bachelor,24,36087,24,Married,2,Other,1231,0.12508473013401966,2,1,0.2331325864451281,0,Debt Consolidation,0,16,25,1761,1281,111225,23438,3918.0,0.882998333571723,3,87787,0.224087,0.21380564707617164,1861.106475626953,0.7892053281334744,0,50.0
2021-08-02,29,37055,549,Employed,Associate,4,36364,36,Divorced,1,Rent,241,0.21146952609636052,4,3,0.30876637630815457,0,Education,0,20,20,1890,3257,30998,64089,3087.9166666666665,0.784447700794104,9,1916,0.246864,0.2649784126337834,1474.7889351689766,0.5556461266233361,0,55.0
2021-08-03,40,57108,566,Employed,Associate,15,39989,48,Married,3,Rent,502,0.4837191006995352,6,0,0.2601696290214143,0,Home,0,34,16,1636,433,27038,11076,4759.0,0.9416944894477685,5,15962,0.25198899999999996,0.2517943257668546,1329.9255327089768,0.38493917476549205,0,53.0
2021-08-04,56,60331,617,Employed,Doctorate,33,19220,36,Married,2,Rent,250,0.035270447869237644,4,0,0.22185667680092067,0,Home,1,24,4,5303,5112,38186,46841,5027.583333333333,0.8037013501192068,8,7995,0.19572000000000003,0.18426006830371883,698.9633667708681,0.1887513948260499,0,57.0
2021-08-05,45,87466,653,Unemployed,Master,25,50169,72,Married,1,Own,315,0.28373015245704514,4,2,0.23804693413806058,0,Education,0,17,13,2494,548,193408,40518,7288.833333333333,0.6049357972302297,4,152890,0.238669,0.22625160311760475,1279.2363127710992,0.21872311244658715,0,44.0
2021-08-06,47,41217,632,Employed,Bachelor,26,14841,60,Married,0,Rent,253,0.6223981360306999,4,3,0.4065526311360638,0,Debt Consolidation,1,27,19,6898,452,132128,21267,3434.75,0.7605337672379855,4,110861,0.203841,0.20764714591219474,399.53714464623664,0.18998097231129968,0,58.0
2021-08-07,30,34949,380,Unemployed,High School,9,26591,48,Widowed,3,Mortgage,305,0.5584407042350523,5,1,0.16283387243192743,0,Home,1,25,2,4094,914,24787,141574,2912.4166666666665,0.994177020582262,6,8944,0.33159099999999997,0.33255495720284706,1008.432910003175,0.45097699276197034,0,65.0
2021-08-08,44,43097,633,Unemployed,Master,25,14899,36,Divorced,2,Rent,435,0.11304818866693853,6,0,0.45315125256526184,0,Education,0,25,8,6152,2067,239232,19078,3591.4166666666665,0.9344278821017643,3,220154,0.183399,0.19314161061441928,548.507477151483,0.2738494495166206,1,42.400000000000006
2021-08-09,62,165105,635,Employed,High School,36,11586,12,Divorced,2,Own,694,0.20888157736710844,4,2,0.4879574634402886,0,Home,0,22,29,460,1993,258485,20857,13758.75,0.8609401394918054,6,237628,0.15908600000000003,0.16301017294224515,1052.858823368792,0.12696348311938163,1,37.6
2021-08-10,27,149265,469,Employed,High School,4,18696,72,Married,1,Mortgage,371,0.3091046001414156,5,3,0.1722752383376281,0,Home,0,24,25,1290,3303,313693,15206,12438.75,0.7430795982245849,5,298487,0.299196,0.25646947117096025,511.0647696515319,0.07091265357463827,1,33.6
2021-08-11,50,35471,460,Employed,High School,24,24308,72,Married,2,Mortgage,182,0.11922548984018293,1,1,0.18715096314050447,0,Debt Consolidation,0,23,8,2555,388,55853,11386,2955.9166666666665,0.9262255791711633,2,44467,0.309308,0.3422521742859738,798.7416191412981,0.33178933296765184,0,51.0
2021-08-12,65,47152,572,Employed,High School,41,41150,24,Divorced,4,Rent,720,0.33278079524840376,1,1,0.13122580865305408,0,Other,0,34,10,7045,666,113806,28850,3929.3333333333335,0.5822184796964717,6,84956,0.23015,0.2096606770171732,2113.8337621424134,0.7211996340708551,0,49.0
2021-08-13,30,32880,637,Unemployed,Master,9,13366,12,Married,2,Mortgage,390,0.13921622066435876,6,1,0.15197007636397078,0,Other,0,25,22,7979,462,16470,112968,2740.0,0.9084575644910337,7,8135,0.159866,0.16920465809279767,1218.5382819351214,0.5870577671296063,0,50.0
2021-08-14,50,35981,616,Employed,Bachelor,27,39173,120,Divorced,4,Own,366,0.2171203740267171,4,1,0.16304131798367885,0,Education,0,27,13,1928,1328,10119,25968,2998.4166666666665,0.8939272560245589,3,3936,0.286173,0.3022517528988493,1039.1917002552748,0.46864457361005246,0,48.0
2021-08-15,33,19210,543,Employed,Associate,10,19110,60,Divorced,0,Other,246,0.3383345177855979,4,0,0.4128273646339077,0,Education,0,24,20,2274,4193,132987,86370,1600.8333333333333,0.9490380456434215,6,46617,0.25261,0.2506477624474095,561.6297430387616,0.5045058259482114,0,58.0
2021-08-16,54,64229,606,Employed,Bachelor,30,30904,60,Divorced,0,Own,393,0.16952004942523308,0,1,0.25426269897956677,0,Education,0,20,29,8688,551,30857,46862,5352.416666666667,0.8925450941766321,4,2267,0.232904,0.21650689876678694,847.4084685140054,0.2317473667995464,0,48.0
2021-08-17,30,15000,564,Employed,Doctorate,8,10469,60,Single,0,Mortgage,469,0.23812584632661946,2,0,0.34503335212711717,0,Debt Consolidation,0,20,14,2564,2280,66154,11257,1250.0,0.7912421805988942,7,54897,0.23346899999999998,0.1930292860715264,273.3196145588337,0.593855691647067,0,54.0
2021-08-18,31,29798,570,Employed,Bachelor,9,23557,72,Single,2,Rent,558,0.2517035824838965,2,0,0.10754839210322363,0,Education,0,30,23,1856,2430,80372,5408,2483.1666666666665,0.6799429247095375,3,74964,0.25355700000000003,0.237774838036006,617.0029606718382,0.47318731217068455,0,50.0
2021-08-19,41,53118,529,Employed,Bachelor,19,17307,36,Married,1,Rent,361,0.24186478352536844,2,2,0.3648091760507389,0,Other,1,18,13,5487,941,10722,22146,4426.5,0.5403829659271467,8,4107,0.237807,0.19024560000000001,634.6206680845678,0.22492277602723773,0,60.0
2021-08-20,40,100440,647,Employed,Master,17,14611,60,Single,2,Own,432,0.19450485523680627,1,3,0.1742456245083555,0,Home,0,33,9,23056,386,23442,29024,8370.0,0.9182378655060807,4,9900,0.19611100000000004,0.2036615528860667,390.08490830973176,0.09821802966663462,1,36.800000000000004
2021-08-21,36,58752,631,Unemployed,Master,14,7220,60,Single,1,Own,687,0.1798246456750749,3,4,0.1891612762087043,0,Debt Consolidation,0,30,20,20422,2563,22985,4022,4896.0,0.9549369010049724,9,18963,0.19672,0.18248198473732846,184.31678039427632,0.17796502867530153,1,39.2
2021-08-22,35,26688,577,Self-Employed,Associate,12,76126,36,Married,0,Mortgage,525,0.30057820825378545,3,0,0.21475326486847593,0,Auto,0,25,9,3220,300,35255,21648,2224.0,0.8488807101166171,4,13607,0.27262600000000003,0.2581843856197783,3059.805836371382,1.6118731278648302,0,58.0
2021-08-23,52,78572,602,Employed,Bachelor,29,16967,12,Married,0,Mortgage,331,0.19821631087905928,3,1,0.16984314907041728,0,Auto,0,22,6,2304,4757,13317,13227,6547.666666666667,0.91986603164197,4,7565,0.18096700000000002,0.16143520003636713,1540.5830413469894,0.28583969475339654,1,38.400000000000006
2021-08-24,51,34727,618,Employed,High School,30,10676,36,Single,0,Rent,277,0.32089165464122754,4,3,0.10612290868291041,0,Auto,0,29,19,427,821,9140,260351,2893.9166666666665,0.9322430134926084,4,8840,0.186676,0.21053479808689005,402.51222614636583,0.23480711589703662,0,48.0
2021-08-25,48,31244,589,Unemployed,Associate,25,18671,36,Married,0,Own,678,0.15126198608355262,1,3,0.11805854703047597,0,Auto,0,22,8,4556,7485,20211,29627,2603.6666666666665,0.8829151386401937,4,6696,0.209171,0.22378373444108116,716.713874816314,0.5356729771410758,0,54.0
2021-08-26,46,43187,572,Employed,Bachelor,22,24036,60,Married,2,Other,206,0.1276091650938345,2,0,0.187973161805956,0,Home,0,17,20,10638,1335,248689,38336,3598.9166666666665,0.8246868649013198,4,210353,0.24303600000000003,0.2605670788557415,720.4562742514063,0.257426431357049,0,46.0
2021-08-27,20,26893,572,Self-Employed,High School,0,17985,96,Divorced,2,Own,327,0.17558724708302523,2,1,0.3658637655937175,0,Home,1,32,14,2067,1252,30806,27977,2241.0833333333335,0.5284870390223123,3,2829,0.26698500000000003,0.27326152540190296,462.8443939335215,0.3524386541926247,0,64.0
2021-08-28,40,55544,645,Employed,Bachelor,18,23698,72,Married,2,Rent,468,0.7024383316722344,10,1,0.48685958445591626,0,Auto,0,31,9,1742,649,56309,24766,4628.666666666667,0.824222664196464,8,31543,0.216198,0.19294547656515432,557.9853431391991,0.2216589391774159,0,56.0
2021-08-29,29,34763,594,Employed,Bachelor,7,25700,96,Married,4,Rent,186,0.38169270287749546,3,0,0.10836536406302046,0,Debt Consolidation,0,27,13,6160,1376,25030,32787,2896.9166666666665,0.8723879084801569,2,4084,0.2637,0.24498039344534384,612.7051428106626,0.2757087050521517,0,51.0
2021-08-30,57,168642,657,Employed,Doctorate,34,17949,72,Married,1,Own,308,0.32241334161258217,1,2,0.03092505851869249,0,Debt Consolidation,0,22,14,1239,5576,29823,16090,14053.5,0.9181419882005453,3,13733,0.204449,0.17946179132418794,408.83112209680763,0.05100730224476519,1,33.6
2021-08-31,42,94911,641,Employed,Bachelor,21,20467,12,Single,1,Rent,490,0.09941660665715558,2,1,0.09889420251001782,0,Education,0,17,26,396,491,201685,119758,7909.25,0.9319203322309031,7,81927,0.16496700000000003,0.15640466165973457,1853.5080239214667,0.2962996521694809,1,34.4
2021-09-01,28,36523,573,Employed,High School,8,21475,108,Widowed,3,Rent,264,0.2838696001327655,6,0,0.4651737112984562,0,Home,1,28,17,2930,1423,7342,7253,3043.5833333333335,0.9226337419670886,5,2066,0.279975,0.2982807491234545,574.3044301348058,0.27543337517776934,0,63.0
2021-09-02,48,131798,475,Employed,Bachelor,26,30714,36,Married,4,Own,699,0.05988536214037088,3,1,0.2479163493612364,0,Auto,0,16,26,2232,2950,8546,27621,10983.166666666666,0.5000130979928983,3,7112,0.27821399999999996,0.2473664063428454,1216.909289408364,0.17444051861864648,1,39.2
2021-09-03,67,40368,660,Employed,Master,43,27406,60,Single,0,Own,139,0.16962089142314166,1,0,0.024484624436616382,0,Home,0,33,24,2136,3981,89224,22901,3364.0,0.6545129778170988,2,66323,0.20240599999999997,0.16762377238022913,677.6129690927336,0.24275058534266752,0,42.0
2021-09-04,29,125211,586,Employed,Bachelor,5,13274,36,Married,0,Rent,517,0.2097794836127155,3,1,0.4449417418173626,0,Education,1,19,20,47900,4930,52830,19941,10434.25,0.7813520410510276,7,32889,0.205274,0.2147093615353104,503.31419035377826,0.09778510102343516,1,48.0
2021-09-05,53,32235,550,Employed,High School,33,34348,48,Divorced,3,Other,255,0.20409661656032047,3,1,0.10831201637951493,0,Home,0,22,13,244,1261,19644,12481,2686.25,0.891281771878896,5,7163,0.25434799999999996,0.2734086618293979,1184.182440565021,0.535758935529091,0,51.0
2021-09-06,50,118047,646,Unemployed,Bachelor,28,25373,36,Single,1,Other,657,0.23721605764038783,3,0,0.4770014658092247,0,Other,0,23,15,3406,1794,34477,4190,9837.25,0.7134239566288889,4,30287,0.187373,0.18905742592957156,928.864457985626,0.16121014084074572,1,44.0
2021-09-07,53,42062,570,Employed,High School,28,28712,48,Married,0,Rent,272,0.5099448355491112,6,0,0.17619969430186508,0,Auto,0,27,15,1780,4945,69239,3627,3505.1666666666665,0.75644281133223,4,65612,0.238712,0.2323172519026987,923.9109245157589,0.34118518126073666,0,50.0
2021-09-08,45,230691,623,Employed,Bachelor,22,19369,72,Single,3,Mortgage,766,0.29716853826088896,3,0,0.1690070171894437,0,Auto,0,28,26,2337,2465,273619,45683,19224.25,0.8544450737671454,4,227936,0.222869,0.25686276431304517,529.9322934198082,0.06741133169927607,1,32.800000000000004
2021-09-09,51,30458,592,Employed,Bachelor,32,11231,72,Married,0,Own,465,0.08943616153733629,4,0,0.23670597282083505,0,Home,0,29,8,4113,1084,288825,65016,2538.1666666666665,0.7373668982652954,5,223809,0.230231,0.21607259559303732,279.57930286010895,0.2933531956898453,0,49.0
2021-09-10,42,89597,517,Employed,Bachelor,21,23467,84,Single,1,Own,264,0.27939123970306234,0,2,0.21413337772864072,0,Debt Consolidation,0,14,2,3307,1178,5061,14767,7466.416666666667,0.611172082560547,4,2923,0.289967,0.2802082077034583,640.0485842982623,0.12108198948155795,0,55.0
2021-09-11,42,61876,618,Employed,Doctorate,20,25673,36,Single,2,Mortgage,401,0.36666746291183133,0,0,0.17330322668777792,0,Debt Consolidation,0,25,24,2107,217,191371,37849,5156.333333333333,0.8078629951496237,9,153522,0.20167300000000002,0.17885777173674922,926.6700560146188,0.2574833646676486,1,34.4
2021-09-12,43,37096,568,Employed,Associate,20,19032,60,Married,0,Rent,210,0.23194619246594375,2,2,0.2234254213871978,0,Auto,0,17,9,3310,565,11649,13999,3091.3333333333335,0.4525576070521051,7,8657,0.24003199999999997,0.2372627309578548,544.4922757991649,0.24406694278601407,0,54.0
2021-09-13,65,30953,654,Self-Employed,Doctorate,40,23093,24,Single,2,Own,219,0.1536718671782804,3,0,0.36974992081096536,0,Other,0,25,6,1646,263,103952,27202,2579.4166666666665,0.9144995594719046,3,76750,0.171093,0.15308064144059969,1123.0851443280028,0.5203056806104751,0,51.0
2021-09-14,49,66061,585,Employed,Doctorate,26,7607,36,Married,4,Other,647,0.1922943721855722,4,2,0.1295709289771429,0,Home,0,20,19,313,157,97448,51861,5505.083333333333,0.793076009526868,5,45587,0.200107,0.1686893552211408,270.714363248984,0.16670308289289912,1,39.2
2021-09-15,41,52725,435,Employed,High School,21,33659,24,Divorced,0,Rent,232,0.3987925956420364,1,0,0.4443835225929724,0,Education,0,18,7,1923,972,184162,24298,4393.75,0.8253699935106683,6,159864,0.291159,0.2677281701916733,1826.5097405843114,0.46850861805617333,0,53.0
2021-09-16,21,31143,550,Employed,Master,1,24008,48,Married,0,Mortgage,321,0.45134459853530373,3,1,0.3339915923910065,0,Home,0,27,20,3809,1426,41377,13455,2595.25,0.7453766398743799,3,27922,0.244008,0.21514492901906854,750.0841004920612,0.41270941161431896,0,56.0
2021-09-17,44,25752,456,Employed,High School,18,15603,72,Divorced,1,Mortgage,680,0.7132350628120612,1,2,0.3154580559553741,0,Education,0,20,27,3432,628,244356,496,2146.0,0.7870337707175579,6,243860,0.302603,0.24208240000000003,412.752195961356,0.509204191967081,0,54.0
2021-09-18,38,121880,549,Self-Employed,Bachelor,14,19485,48,Married,0,Rent,218,0.3095482519130395,5,0,0.549428816725556,0,Home,0,24,29,3015,1227,45213,102224,10156.666666666666,0.9241985176531344,9,2970,0.239985,0.2308926165960215,625.4762263374859,0.08304655986256836,1,47.2
2021-09-19,47,50425,586,Employed,Associate,25,16944,60,Single,0,Own,349,0.2939526890972465,2,1,0.24725835023713705,0,Home,0,22,19,2866,753,188745,2998,4202.083333333333,0.6374600170866475,5,185747,0.22894399999999998,0.20980414810538228,458.2054733743877,0.1920964934158186,1,38.400000000000006
2021-09-20,24,26498,488,Self-Employed,Master,5,26091,36,Married,3,Mortgage,409,0.05368815175549271,2,1,0.05980451257937164,0,Home,0,25,3,2948,3638,23110,159967,2208.1666666666665,0.7190573882064798,8,5694,0.26709099999999997,0.2484357201955163,1035.2162562120075,0.6540340808568228,0,57.0
2021-09-21,38,117733,603,Employed,Doctorate,16,12171,36,Married,2,Rent,516,0.2829559664397596,0,2,0.09343747196101912,0,Debt Consolidation,0,23,29,512,620,21074,2630,9811.083333333334,0.942173708315176,7,18444,0.19567099999999998,0.21137337119111185,459.40191951759556,0.09941837067101957,1,36.800000000000004
2021-09-22,43,73232,564,Unemployed,High School,20,38930,36,Married,3,Mortgage,530,0.25932198572016013,4,0,0.44663583192006484,0,Education,0,30,17,2452,1230,17924,8667,6102.666666666667,0.7654014593301777,6,9257,0.24192999999999998,0.2571815615368498,1562.674875380837,0.34291154829268683,0,59.0
2021-09-23,52,75712,512,Employed,High School,29,31944,60,Married,1,Mortgage,179,0.4003907512645588,5,0,0.1492423479231449,0,Home,0,33,9,1199,576,285080,36089,6309.333333333333,0.9353032823816712,4,248991,0.280944,0.29763326521916766,1028.857896206141,0.19143986097941798,0,48.0
2021-09-24,39,15226,551,Employed,High School,17,20408,48,Married,0,Rent,455,0.08091538900897989,5,2,0.28730912047398993,0,Auto,0,28,15,1355,501,129992,108772,1268.8333333333333,0.8229505847004661,3,21220,0.239908,0.23009000794947432,654.2070755291161,0.8741944638348479,0,53.0
2021-09-25,32,45930,529,Employed,Bachelor,10,34909,48,Married,1,Other,1086,0.0960599122982737,4,1,0.13361743289640382,1,Other,0,24,14,1332,655,8002,29189,3827.5,0.8786519663763855,5,6910,0.265409,0.28308187966806164,1222.8175118932318,0.6032181611739338,0,62.0
2021-09-26,48,88087,624,Self-Employed,Master,26,20362,36,Married,4,Rent,654,0.18936977730505708,1,1,0.07852978243488705,0,Education,0,27,18,6663,3258,140038,67691,7340.583333333333,0.7965276109914947,7,72347,0.193362,0.2127914207874277,770.0611412161802,0.19399836178544125,1,36.800000000000004
2021-09-27,46,183151,595,Employed,High School,22,34231,60,Married,0,Rent,477,0.11462250394319352,2,1,0.31245638296092976,0,Home,0,21,12,3603,1419,5022,17187,15262.583333333334,0.719165291202863,4,2074,0.24173099999999997,0.2502778412167718,1005.2828101683924,0.09711873657266795,1,40.800000000000004
2021-09-28,38,34784,485,Employed,Associate,12,14461,48,Divorced,1,Own,490,0.018231544266161963,1,0,0.43186596712143654,0,Home,0,19,13,8246,3365,295114,45819,2898.6666666666665,0.8116098937697708,4,249295,0.266961,0.2697323524773962,495.5371480452008,0.33999671620694605,0,52.0
2021-09-29,38,53543,580,Employed,High School,13,51493,120,Divorced,0,Own,402,0.23842884981308962,8,2,0.3317356635069224,0,Home,0,20,9,3135,1910,45937,29457,4461.916666666667,0.6369732746485866,5,16480,0.316493,0.27671346533634206,1269.740395077592,0.3746686726730124,0,55.0
2021-09-30,27,16603,565,Employed,Associate,5,44762,60,Single,4,Mortgage,224,0.26362949718025447,3,1,0.18359916075235613,0,Education,0,27,14,3912,900,502246,70646,1383.5833333333333,0.8128944128959543,3,431600,0.267262,0.28840138599540244,1416.4763162092174,1.1856722155339765,0,46.0
2021-10-01,28,28416,594,Employed,Associate,6,29371,24,Divorced,1,Mortgage,548,0.16477617106162185,3,0,0.310998922927698,0,Education,0,26,27,2992,1128,130625,1926,2368.0,0.7033995821818405,4,128699,0.207371,0.21427686232704862,1515.4250431006994,0.8713788188769845,0,51.0
2021-10-02,34,66534,650,Employed,Master,12,31754,12,Divorced,4,Mortgage,538,0.2824178681217516,2,2,0.13722368829065162,0,Home,0,28,8,2099,1473,26109,22225,5544.5,0.7840185147288674,6,3884,0.17175400000000002,0.20103982224393976,2943.0965902899343,0.6278468013869482,0,45.0
2021-10-03,37,20910,555,Employed,High School,18,11554,36,Widowed,1,Rent,1159,0.35433094301943285,2,1,0.3019352591707121,0,Auto,0,20,28,2341,491,265563,12613,1742.5,0.8626671212196292,7,252950,0.219054,0.2520865808880887,460.6610500469199,0.929504189409997,0,50.0
2021-10-04,48,33875,571,Employed,High School,30,27259,96,Divorced,1,Rent,439,0.2770110305311836,3,1,0.024053650657874962,0,Debt Consolidation,1,31,23,2083,358,46288,4648,2822.9166666666665,0.9718240013642768,6,41640,0.27675900000000003,0.2848802214213136,723.1669078045138,0.4116901223218942,0,57.0
2021-10-05,35,21204,508,Employed,Master,12,23222,60,Married,1,Mortgage,456,0.23248480456589254,4,0,0.25622202971755864,0,Auto,1,27,5,1578,4543,29656,4805,1767.0,0.8797736754499783,6,24851,0.274222,0.2827873642363088,726.9459833932058,0.6694657517788375,0,62.0
2021-10-06,48,38835,569,Employed,Associate,27,26436,108,Single,1,Mortgage,445,0.45518914385934545,4,0,0.3568302904185852,0,Home,0,26,15,2387,2704,25704,5007,3236.25,0.7965508242052953,8,20697,0.28693599999999997,0.3059651991516185,721.6173202793734,0.36048430136094967,0,56.0
2021-10-07,50,26967,578,Employed,Associate,27,12667,48,Married,0,Mortgage,297,0.23944372892066873,6,1,0.10271093430164954,0,Education,0,20,16,1774,1575,73735,9517,2247.25,0.955746008653771,1,64218,0.21866700000000003,0.20445274183739898,388.47289801829345,0.30502743264803356,0,50.0
2021-10-08,21,48189,541,Employed,Bachelor,0,35677,84,Married,0,Rent,610,0.24881364143795165,3,0,0.2905923710673869,0,Debt Consolidation,0,24,7,7505,2664,231328,6157,4015.75,0.8663919185898499,5,225171,0.290177,0.30900585039324274,1041.8068512657558,0.41133209270142707,0,50.0
2021-10-09,40,43610,553,Employed,High School,20,22532,36,Single,4,Mortgage,612,0.04871597496615848,5,0,0.23717623311343378,0,Education,0,20,20,2250,662,136430,9478,3634.1666666666665,0.7158559929584756,7,126952,0.231032,0.23507832240927218,878.1825125922334,0.41004792825285025,0,48.0
2021-10-10,32,45023,596,Employed,High School,11,20096,48,Married,3,Mortgage,806,0.030310159398183698,4,1,0.06675016288776002,0,Auto,0,21,24,7276,1072,54543,11643,3751.9166666666665,0.9582416488683723,9,42900,0.217096,0.20576719949274555,617.7205078665426,0.3794648533948984,0,50.0
2021-10-11,43,55117,536,Employed,Bachelor,22,31092,60,Divorced,4,Mortgage,229,0.1726920454403682,2,1,0.15996360430463277,0,Auto,0,23,12,4700,949,210632,51268,4593.083333333333,0.90665238756022,3,159364,0.268092,0.2885908813140583,984.2526178741352,0.2641477477818028,0,45.0
2021-10-12,33,22624,522,Employed,Associate,12,14944,24,Married,1,Mortgage,433,0.5301327131900725,3,0,0.3887250375723544,0,Home,0,27,3,6589,1045,53589,18979,1885.3333333333333,0.6676146324753549,8,34610,0.228944,0.23924901227742443,789.545650769463,0.6484506634208609,0,60.0
2021-10-13,38,204722,564,Self-Employed,Bachelor,19,24329,72,Married,1,Rent,330,0.5433066727918283,4,0,0.38727009585572786,0,Auto,0,26,27,2616,1766,25918,6339,17060.166666666668,0.927253763326391,2,19579,0.257329,0.2780070714764128,697.7762644422962,0.060244210066859226,1,44.800000000000004
2021-10-14,46,24761,602,Employed,High School,21,8989,36,Married,4,Mortgage,263,0.41543859470471206,4,0,0.4177695170354373,0,Home,0,26,10,35096,2650,40387,25526,2063.4166666666665,0.8502281681185674,4,14861,0.192989,0.18926971611751092,329.16915822957515,0.28698477035478787,0,56.0
2021-10-15,32,32178,504,Employed,Bachelor,11,17932,108,Married,2,Mortgage,544,0.36702954622809897,3,2,0.16980738353829522,0,Debt Consolidation,1,23,16,6217,296,45955,10235,2681.5,0.6865469826108058,9,35720,0.310932,0.32105318413932815,509.1688133254638,0.3927536130245996,0,57.0
2021-10-16,27,39306,585,Employed,Master,3,19732,48,Single,3,Mortgage,332,0.24645715950609043,2,2,0.04739637181529939,1,Education,0,19,28,2767,341,131234,16783,3275.5,0.8377427746916131,3,114451,0.222232,0.20294752494856344,603.5550319116901,0.28562205217880937,0,59.0
2021-10-17,59,92169,677,Unemployed,Bachelor,35,33305,48,Single,0,Mortgage,721,0.16953743377998512,4,0,0.2321503891808259,0,Home,0,27,25,5159,1053,150322,179155,7680.75,0.9677136350362696,5,1805,0.189805,0.1692107481238149,959.6577756271026,0.2188142792861508,1,37.6
2021-10-18,43,43674,616,Employed,High School,20,19970,24,Married,1,Rent,383,0.34833001423541693,2,3,0.23842455088816622,0,Home,0,31,8,7261,684,20624,28692,3639.5,0.8982286173730649,4,7954,0.18697,0.16506712681272562,982.6351889961932,0.37522604451056274,0,51.0
2021-10-19,46,109307,633,Employed,Doctorate,24,33839,24,Single,4,Mortgage,534,0.24513019215366944,4,0,0.20868537423570338,0,Home,0,24,17,2103,3498,66233,17158,9108.916666666666,0.7837558045906649,6,49075,0.192339,0.21013388767395022,1739.061584858429,0.24954247228723822,1,38.400000000000006
2021-10-20,52,38272,616,Employed,High School,26,45787,108,Divorced,2,Rent,442,0.09566717163298778,2,0,0.19235272076566706,0,Home,0,28,24,1745,1423,33065,15720,3189.3333333333335,0.7933116121799844,9,17345,0.282787,0.30809135990230424,1256.8823026112032,0.5326763072568571,0,47.0
2021-10-21,19,102322,500,Employed,High School,0,32282,36,Widowed,2,Own,975,0.25490639316121017,1,0,0.18860394020528434,0,Debt Consolidation,1,17,12,5492,630,41491,14468,8526.833333333334,0.8828210925506628,8,27023,0.267282,0.24043733536339226,1267.2563428514056,0.2629647203359675,0,55.0
2021-10-22,58,18899,618,Unemployed,Bachelor,34,20079,84,Divorced,1,Mortgage,530,0.46359883494702286,2,2,0.4948014983266076,1,Home,0,31,19,7085,1616,146869,13015,1574.9166666666667,0.7297362924420927,5,133854,0.23607900000000004,0.2764102435887873,542.6202525149268,0.6810647669283625,0,67.0
2021-10-23,29,28538,586,Employed,High School,5,24261,36,Married,4,Rent,248,0.3930796408008573,3,1,0.15789166872223306,0,Other,0,32,2,19908,2386,174681,17087,2378.1666666666665,0.6984178943376294,4,157594,0.216261,0.2595132,976.8617241551087,0.5150445262408475,0,52.0
2021-10-24,44,15000,584,Employed,High School,20,57381,12,Single,4,Own,391,0.09416715225075203,1,2,0.3850230782098066,0,Home,0,27,5,4971,4067,510734,27349,1250.0,0.876050204368417,6,483385,0.230381,0.227541096823053,5391.38637116836,4.625909096934688,0,51.0
2021-10-25,18,70430,539,Unemployed,Doctorate,0,40554,36,Single,3,Mortgage,608,0.33328616310867226,2,2,0.5228837010321821,0,Education,0,23,13,4245,1083,22253,19946,5869.166666666667,0.9645383381787915,5,2307,0.256054,0.26784715633873807,1650.945447285339,0.3848835065657258,0,61.0
2021-10-26,31,201646,478,Employed,Bachelor,10,19892,24,Single,4,Other,839,0.18248709642959032,3,0,0.10954859559702372,0,Debt Consolidation,0,26,25,3306,1966,38541,24020,16803.833333333332,0.8237661166445699,7,14521,0.255892,0.2427179143622584,1054.4122173378667,0.11267739805428524,1,37.6
2021-10-27,43,77801,602,Employed,Bachelor,15,25605,96,Single,3,Mortgage,671,0.10560616574817451,2,2,0.2213783208646347,0,Education,0,25,14,2427,590,238738,27097,6483.416666666667,0.7694154237504612,10,211641,0.259605,0.2575086429066758,631.7458394207799,0.2009350788942219,0,44.0
2021-10-28,29,177758,579,Employed,High School,7,23783,36,Married,0,Rent,426,0.17831655410040595,5,1,0.23763198643045602,0,Education,0,29,15,1248,567,19105,78450,14813.166666666666,0.9173491943334877,6,6562,0.219283,0.21531545567863744,902.5299798464631,0.08968575117945497,1,39.2
2021-10-29,28,23110,571,Unemployed,High School,5,23945,84,Married,0,Own,292,0.6529236987054607,1,0,0.5050968964378975,0,Debt Consolidation,0,30,14,5846,855,289954,18068,1925.8333333333333,0.7860832360555954,7,271886,0.26344500000000004,0.25896455512896494,619.8788829039772,0.47349833815870734,0,59.0
2021-10-30,42,80123,552,Unemployed,Bachelor,19,47177,36,Married,2,Rent,439,0.2724123584717531,3,3,0.18394215004141495,0,Debt Consolidation,0,29,22,1120,588,49286,10420,6676.916666666667,0.828659291652213,8,38866,0.256177,0.2365967104968621,1842.468656115448,0.3416949424433106,0,52.0
2021-10-31,46,76308,599,Employed,Doctorate,24,23454,48,Divorced,1,Rent,573,0.13928100732474344,2,0,0.17639666898434314,0,Home,0,19,26,4007,1120,28349,30007,6359.0,0.8746965114593985,5,1757,0.218954,0.23374175702487834,756.5515652980952,0.20908186276114094,1,39.2
2021-11-01,56,264244,601,Self-Employed,High School,35,8791,36,Divorced,1,Mortgage,666,0.27029909968447136,1,1,0.265928417115618,0,Auto,0,21,25,4806,2904,47866,26672,22020.333333333332,0.7497398208495334,8,21194,0.193291,0.22110331693189186,336.23425373387005,0.04551403643907313,1,40.0
2021-11-02,38,39994,481,Employed,High School,18,19104,12,Widowed,1,Mortgage,352,0.058423748900554184,3,1,0.15865885993061,0,Debt Consolidation,0,19,8,3716,614,167601,38978,3332.8333333333335,0.7554954065170603,2,128623,0.24360400000000001,0.2330693507298683,1800.0651102906763,0.6457163905457848,0,47.0
2021-11-03,38,22986,552,Employed,Bachelor,16,23376,36,Single,4,Own,466,0.24638459533954565,4,0,0.38322875971454673,0,Home,0,29,4,1112,1038,22233,34521,1915.5,0.9274259386427286,6,3325,0.232376,0.1952034909959829,863.0334987056267,0.6938311139157539,0,59.0
2021-11-04,43,98347,520,Employed,Bachelor,21,14954,24,Married,1,Rent,376,0.13134078917278377,3,0,0.3824390739999005,0,Auto,0,17,22,1614,2516,327528,17593,8195.583333333334,0.8019699997718889,8,309935,0.229954,0.25605877778581426,802.6707899992507,0.14381780308490352,1,36.800000000000004
2021-11-05,27,36339,556,Employed,Bachelor,2,17538,36,Married,2,Rent,297,0.06929584519296454,5,0,0.09725210589988036,0,Debt Consolidation,0,32,13,4093,2038,56811,37388,3028.25,0.7534927882997864,5,19423,0.224538,0.1932244809574628,645.736066995884,0.31131381721980816,0,50.0
2021-11-06,40,44773,562,Self-Employed,Bachelor,19,33837,96,Married,4,Mortgage,440,0.6077632147466268,3,2,0.20427877282897045,0,Auto,0,21,2,1130,730,92467,25609,3731.0833333333335,0.8138425447108345,2,66858,0.287837,0.23026960000000002,774.1454292249041,0.32541364551624524,0,60.0
2021-11-07,59,157135,544,Employed,Associate,37,21971,36,Single,2,Rent,147,0.442827699603562,6,1,0.33525770594795906,0,Home,1,35,27,1549,1519,18988,62860,13094.583333333334,0.9137086223549638,5,5247,0.23497099999999999,0.2703328764639606,897.3632139961408,0.07975536047318349,1,47.2
2021-11-08,26,44404,602,Employed,Bachelor,8,12882,48,Single,0,Rent,770,0.27846374061973506,2,0,0.4497764477132191,0,Home,0,25,23,3766,1512,40181,33751,1903.5,0.9785498643482615,6,6430,0.206882,0.20547555285193358,395.77186523748605,0.6124359680785322,0,54.0
2021-11-09,41,49591,511,Unemployed,Doctorate,18,11258,24,Divorced,0,Rent,744,0.49481124995767795,3,0,0.477019461384669,0,Auto,0,23,19,1080,788,7675,27277,4132.583333333333,0.9527290787594194,10,5029,0.230758,0.22598925679623208,587.3793503758062,0.3221663649555297,0,61.0
2021-11-10,44,81347,555,Employed,Bachelor,23,28345,48,Single,0,Own,298,0.30222394321326584,3,0,0.46837179777457055,0,Home,0,26,9,1363,1653,49044,43070,6778.916666666667,0.8808270837208002,5,5974,0.245845,0.21836869979417034,890.5313638876914,0.17532762568567123,1,44.800000000000004
2021-11-11,52,71618,481,Employed,Bachelor,29,47874,24,Married,0,Rent,227,0.19957213431315032,3,0,0.10266471265223832,0,Auto,0,22,7,3200,3252,134181,23463,5968.166666666667,0.7955186124279702,2,110718,0.282374,0.3178770608515775,2721.0218256682697,0.49395769091596015,0,46.0
2021-11-12,53,104273,637,Unemployed,Master,31,38644,36,Married,1,Mortgage,185,0.28295242465191534,4,0,0.14807997449929913,0,Auto,0,22,8,341,2264,1436004,16790,8689.416666666666,0.5968335903862064,3,1419214,0.20514400000000002,0.21067800153455798,1457.2608919480476,0.18899552811731293,1,33.6
2021-11-13,23,22531,567,Employed,High School,0,26636,60,Married,0,Mortgage,317,0.22491667967244658,1,2,0.10530768481725979,0,Debt Consolidation,0,27,26,1851,2883,54397,7681,1877.5833333333333,0.8226248064835645,4,46716,0.24813599999999997,0.20527370255037475,713.5297854522119,0.5488596789057983,0,52.0
2021-11-14,25,28003,549,Employed,High School,5,25524,60,Divorced,2,Mortgage,194,0.33972218157630385,2,2,0.1615317463371243,0,Auto,0,26,29,1895,1267,87769,6088,2333.5833333333335,0.8313932590029329,6,81681,0.256024,0.27142013450618097,781.5516209964538,0.41804876091695337,0,50.0
2021-11-15,30,38322,562,Employed,Bachelor,6,46971,12,Married,1,Mortgage,751,0.07538574428831958,7,0,0.3099593924619802,0,Home,0,27,8,2672,2966,28317,8965,3193.5,0.8245189319901675,1,19352,0.23097099999999998,0.22543884277084952,4408.525892611432,1.6156335971853553,0,55.0
2021-11-16,55,51942,568,Employed,High School,31,10467,48,Single,0,Rent,514,0.3776760622113084,3,2,0.32672601121821454,0,Auto,1,27,27,1253,1249,28673,115189,4328.5,0.7947459584897126,7,3072,0.221467,0.22763243453668644,334.1264792740614,0.19594004372740245,0,60.0
2021-11-17,76,88195,628,Employed,High School,56,32503,120,Married,2,Mortgage,572,0.0968423981478746,5,0,0.260671517749996,0,Home,0,34,14,8254,1301,18069,7846,7349.583333333333,0.7737097140853741,4,10223,0.27350300000000005,0.3079986312098292,876.1010978118497,0.19703172712446507,0,47.0
2021-11-18,28,15000,511,Employed,Associate,4,15451,48,Single,0,Mortgage,383,0.11271477967995923,1,0,0.26992176157991166,0,Education,0,19,7,831,388,295756,15493,1250.0,0.720697279010265,4,280263,0.254951,0.2950540388935303,551.8927346025941,0.7479141876820753,0,48.0
2021-11-19,26,84836,580,Employed,High School,4,8273,96,Single,3,Mortgage,230,0.16811903292028738,6,0,0.22098108527565113,0,Debt Consolidation,0,20,11,1101,128,70709,35880,7069.666666666667,0.7944342524168764,10,34829,0.253273,0.2475520178087048,198.6390419377132,0.060630728738419515,0,50.0
2021-11-20,32,16991,577,Employed,High School,11,15274,60,Married,2,Rent,200,0.12138143476594764,3,1,0.23948272599646053,0,Home,0,16,5,4129,666,43776,28740,1415.9166666666667,0.8928317494961128,3,15036,0.23177400000000004,0.2220937872341435,423.67157909984604,0.4404719527513479,0,55.0
2021-11-21,22,22980,561,Employed,High School,0,18175,48,Single,3,Rent,190,0.3226053996265438,2,0,0.494938977932395,0,Education,0,30,24,7043,1305,252711,117383,1915.0,0.8720115384217189,2,135328,0.232675,0.2522091410180895,604.8723719662886,0.4150769566403596,0,54.0
2021-11-22,45,58703,586,Employed,Master,21,22986,96,Married,0,Mortgage,559,0.25039813971461905,6,1,0.18828449473585115,0,Home,0,19,20,1170,1813,41041,8211,4891.916666666667,0.7741294279325074,5,32830,0.264986,0.24853192395958643,553.3965230497716,0.22739482269385308,0,50.0
2021-11-23,40,155003,544,Employed,Associate,21,14410,120,Divorced,0,Rent,312,0.21708335771518183,3,0,0.21483049492829848,0,Home,0,24,28,9591,601,181840,14905,12916.916666666666,0.8243267615521261,3,166935,0.29741,0.3457440725807505,429.38884217132994,0.05739673494097508,1,36.800000000000004
2021-11-24,29,33156,573,Employed,Associate,7,10087,36,Single,2,Rent,373,0.22102760965966525,2,2,0.20266984212882572,0,Debt Consolidation,0,22,20,1035,329,124427,83340,2763.0,0.8495567820420326,4,41087,0.20858700000000002,0.21059803076849248,380.3381977174201,0.27265226120789726,0,53.0
2021-11-25,29,64274,616,Employed,Doctorate,7,14945,60,Married,4,Mortgage,745,0.07675275737399931,1,2,0.31749559737397004,0,Other,0,17,4,1641,525,122774,7963,5356.166666666667,0.9405669349057061,5,114811,0.211945,0.17133391587863386,372.4945018242892,0.20863699197018187,1,39.2
2021-11-26,27,83528,549,Employed,High School,2,20585,60,Married,0,Rent,673,0.1164733128962497,4,0,0.3432231144156777,0,Debt Consolidation,0,21,18,4947,2629,55771,5023,6960.666666666667,0.6361697354180939,4,50748,0.251085,0.28358445579410574,645.3895999042572,0.189405650785977,0,50.0
2021-11-27,46,55230,647,Employed,Associate,25,34688,36,Married,0,Mortgage,349,0.3294642221298903,3,4,0.13259733133530868,0,Education,0,29,14,1877,1110,88311,12347,4602.5,0.9245545494193548,4,75964,0.196188,0.2002680446584282,1289.6041829909318,0.3560248089062318,0,45.0
2021-11-28,51,37954,514,Employed,High School,29,17862,36,Single,0,Other,714,0.35377249022116997,1,0,0.13629226225445165,1,Education,0,22,5,4055,2088,40285,12801,3162.8333333333335,0.7603466649686224,5,27484,0.245862,0.27147283972469666,730.6321073285638,0.4567525237904507,0,65.0
2021-11-29,42,90039,588,Employed,Bachelor,23,15800,36,Married,1,Mortgage,402,0.5093846995070811,5,2,0.4433429326596712,0,Other,0,23,26,3197,362,61516,41402,7503.25,0.6928260974302157,6,20114,0.2068,0.22227725528418363,605.272137709685,0.1342447789570766,1,44.800000000000004
2021-11-30,54,66843,520,Self-Employed,Associate,30,46207,36,Married,0,Own,561,0.355473836519064,1,2,0.4489351373349678,0,Education,0,21,17,513,1151,32542,21439,5570.25,0.7102379319218889,8,11103,0.271207,0.30558408063811654,1975.7191560058225,0.45540490211495405,0,59.0
2021-12-01,51,21473,585,Employed,High School,28,15471,48,Divorced,2,Rent,404,0.08828205347589295,6,1,0.36097096664267,0,Auto,1,23,21,1291,739,158128,20588,1789.4166666666667,0.861438437024707,6,137540,0.21797100000000003,0.20605612425521838,475.7945331984437,0.49166555201328754,0,57.0
2021-12-02,56,79012,640,Employed,Associate,34,41165,60,Widowed,1,Rent,461,0.3010189990488154,1,0,0.18557950297986095,0,Home,0,22,26,4048,1134,11130,8733,6584.333333333333,0.9490931768400878,6,2397,0.226165,0.2505008860755376,1209.4563424662792,0.2537016669568591,0,47.0
2021-12-03,30,47589,552,Employed,Bachelor,6,20523,36,Married,1,Mortgage,311,0.4698718905510063,3,0,0.20013484954261793,0,Auto,0,27,19,3889,520,191002,19032,3965.75,0.9587535909952708,3,171970,0.229523,0.25520708812330817,821.6534888548109,0.2856088984063067,0,50.0
2021-12-04,46,55727,546,Employed,Bachelor,24,29419,36,Single,0,Mortgage,762,0.19360177470545875,1,0,0.18840711442018826,0,Auto,1,34,16,5281,2214,521005,37714,4643.916666666667,0.8766183589105607,5,483291,0.241419,0.24374018363695993,1159.97650784225,0.41386972372650593,0,49.0
2021-12-05,46,66734,614,Self-Employed,Master,25,23128,48,Married,0,Own,428,0.47974908846173253,2,0,0.022585896274703483,0,Home,1,26,7,658,1756,60858,32937,5561.166666666667,0.748627009606907,9,27921,0.211128,0.21323029263938031,720.1990770208828,0.20646730188885112,0,58.0
2021-12-06,52,98605,664,Employed,Master,26,36617,36,Single,2,Mortgage,326,0.16673384353081674,0,4,0.3724972942800297,0,Debt Consolidation,0,20,3,769,697,33536,12253,8217.083333333334,0.9834052448885557,7,21283,0.189617,0.19733699633105645,1355.8555678443736,0.20467792519783462,0,49.0
2021-12-07,20,30462,553,Employed,High School,0,20728,60,Single,3,Mortgage,224,0.3268005133632692,5,2,0.42637622024445204,0,Home,0,27,20,7168,6576,61277,62023,2538.5,0.8377020087168194,4,3134,0.249228,0.2550905970994428,614.5958800440299,0.33035094742723253,0,57.0
2021-12-08,56,94632,671,Employed,Master,35,29158,48,Married,1,Own,409,0.3164297304038699,3,0,0.44026589047426157,0,Debt Consolidation,0,24,29,1262,254,43256,31550,7886.0,0.5855663712888742,5,11706,0.188658,0.15092640000000002,812.8588727189968,0.1549402577629973,1,39.2
2021-12-09,31,100243,625,Employed,Bachelor,8,11760,84,Divorced,3,Mortgage,375,0.35605553555260083,3,1,0.1558924406735951,1,Auto,0,30,19,958,435,114757,100357,4818.5,0.9261694119743694,8,14400,0.22426000000000001,0.23212696886431897,284.3601727679675,0.1368393011866696,0,58.0
2021-12-10,30,15000,579,Employed,Associate,10,14971,48,Divorced,1,Mortgage,481,0.23860692520271354,5,2,0.043767721286729296,0,Home,0,18,5,1629,1609,511916,12426,1250.0,0.6151727930673846,6,499490,0.22047100000000003,0.2200505976583633,471.7186164038787,0.762174893123103,0,48.0
2021-12-11,40,38064,609,Employed,Bachelor,17,50723,60,Married,2,Own,330,0.1560155561758582,3,2,0.40462302143640355,1,Auto,0,21,16,4785,1171,206111,17492,3172.0,0.9033292439339379,7,188619,0.251223,0.22099118289430036,1403.774087434759,0.5465870389138584,0,61.0
2021-12-12,49,46740,624,Employed,Bachelor,23,18097,60,Married,1,Mortgage,267,0.20588735249343326,2,4,0.07210958056007755,0,Education,0,19,15,1361,884,23614,8024,3895.0,0.8789121123458493,3,15590,0.21109700000000003,0.16944339907391637,449.2156313083357,0.1838807782563121,0,48.0
2021-12-13,41,50376,482,Employed,Associate,16,24187,36,Married,2,Mortgage,1032,0.3347005450410897,5,0,0.2620944133752911,0,Other,0,19,18,1208,455,219355,8738,4198.0,0.8245326999693169,7,210617,0.26818699999999995,0.2341769392814741,941.5457704672541,0.47011571473731634,0,48.0
2021-12-14,57,64033,571,Employed,Doctorate,36,19762,108,Married,2,Mortgage,433,0.3387081760736336,4,2,0.1650511852141746,0,Other,0,15,25,5692,19641,72362,28961,5336.083333333333,0.740929583308875,5,43401,0.279262,0.29441257787117653,523.0117009807841,0.17915981465446582,0,50.0
2021-12-15,49,80816,544,Employed,Bachelor,27,24273,36,Single,3,Mortgage,656,0.4167687240266262,9,0,0.17757732574546806,0,Auto,0,21,15,6498,1422,10385,22234,6734.666666666667,0.6123555426468803,5,5264,0.23727299999999998,0.275679499914186,998.361153163003,0.2456485576860527,0,50.0
2021-12-16,22,20298,580,Employed,High School,0,25668,60,Married,2,Rent,163,0.22983519442700595,2,4,0.26853940875301036,0,Home,0,20,29,5259,384,61552,11806,1691.5,0.8403618808842113,7,49746,0.240668,0.23566447917233974,731.9709564698285,0.5290989987997804,0,54.0
2021-12-17,53,82275,575,Employed,Bachelor,35,43414,48,Divorced,3,Rent,712,0.21344321704822666,3,0,0.2725454524317637,1,Debt Consolidation,0,30,6,3588,3905,118355,31737,6856.25,0.7625120710386123,3,86618,0.250914,0.22405056839555929,1377.3695727527836,0.304739408970324,0,63.0
2021-12-18,23,25004,571,Employed,Associate,1,19050,60,Single,4,Other,366,0.23285601703234834,7,0,0.038682238378493765,0,Auto,0,24,4,1499,1013,53644,19653,2083.6666666666665,0.6408632780237834,2,33991,0.23855000000000004,0.22436759388628016,530.8818019729317,0.43043439544373624,0,55.0
2021-12-19,34,52347,571,Employed,Bachelor,10,29229,48,Married,0,Mortgage,249,0.09009008158239165,2,1,0.16779643087260662,0,Education,1,16,10,13350,1683,203946,54634,4362.25,0.8462148396755198,10,149312,0.23872900000000002,0.21611150219042408,914.7318576347222,0.2667733068106418,0,51.0
2021-12-20,45,94750,632,Employed,Bachelor,25,19449,24,Married,2,Own,787,0.03324109228073831,2,2,0.270260205968343,0,Debt Consolidation,0,26,14,1003,118,16319,34297,7895.833333333333,0.6727893681202153,5,6524,0.178449,0.1508401908256136,943.7933818758974,0.21920338345657805,1,37.6
2021-12-21,44,41657,466,Employed,High School,23,22190,48,Married,3,Rent,486,0.1846288615001847,4,2,0.3234298203298828,0,Home,0,23,21,8318,715,9033,24112,3471.4166666666665,0.8592311438025492,3,6402,0.28419,0.3132102989536344,816.1120134818394,0.375095281988191,0,54.0
2021-12-22,45,47176,617,Employed,Associate,23,49975,72,Married,0,Mortgage,394,0.514897373053932,2,2,0.5772155869151829,0,Home,1,27,8,1225,1875,42083,92929,3931.3333333333335,0.8540265594116347,5,3845,0.256475,0.22319620731683587,1265.1768746449882,0.4220392253633173,0,64.0
2021-12-23,25,21868,571,Employed,High School,2,58864,48,Married,1,Rent,317,0.2724998832265756,2,1,0.2773751296836657,0,Debt Consolidation,0,18,4,2298,162,312597,13147,1822.3333333333333,0.9060728633917134,11,299450,0.268364,0.32203679999999996,2195.563024839984,1.3787614915895285,0,51.0
2021-12-24,34,29971,622,Employed,Master,14,11389,36,Married,2,Rent,309,0.33039177179862506,1,1,0.19151389151818501,0,Education,0,18,19,2489,1666,58259,54261,2497.5833333333335,0.9351117314830605,2,3998,0.18538900000000003,0.16829575925256132,405.0835864515312,0.2859098140675444,0,49.0
2021-12-25,32,31863,540,Employed,Bachelor,11,44414,36,Single,1,Rent,547,0.2546752929363234,1,1,0.23414590138614688,0,Other,0,34,2,3112,1915,147055,15123,2655.25,0.9397142430670773,2,131932,0.25941400000000003,0.26089494940275354,1791.585680639364,0.8807402996476279,0,53.0
2021-12-26,54,50415,540,Employed,High School,32,13180,48,Single,1,Other,409,0.37330457055229876,2,1,0.2543286427425856,0,Debt Consolidation,0,19,18,4003,693,169603,183987,4201.25,0.979479018167425,4,2926,0.23818,0.19054400000000002,394.4620056822532,0.19124355981725755,1,41.6
2021-12-27,47,41850,659,Employed,Bachelor,26,68295,72,Married,0,Other,376,0.6889304402671709,5,1,0.33223279618994944,0,Education,0,23,19,1206,454,22891,49763,3487.5,0.9003030929626024,3,10126,0.253795,0.23314127288944717,1769.6623695395735,0.6152436901905588,0,51.0
2021-12-28,40,79927,548,Employed,High School,21,36065,36,Single,3,Rent,205,0.4897307141237155,2,2,0.26490446744896246,0,Home,0,19,18,2847,1200,67523,178354,6660.583333333333,0.8790980405077252,7,7266,0.247065,0.24357382159331228,1421.7091079692875,0.24422922536353736,0,53.0
2021-12-29,55,46990,642,Employed,High School,34,29638,96,Widowed,4,Other,710,0.09171211824905011,1,1,0.1620278549847171,0,Debt Consolidation,0,16,11,802,1779,71910,20887,3915.8333333333335,0.8460110136426864,3,51023,0.24363800000000002,0.23728231017279533,691.60835973715,0.3579336096370674,0,45.0
2021-12-30,37,121111,608,Employed,Associate,11,47864,48,Married,0,Other,225,0.16268102619658473,4,3,0.2745867442537915,0,Debt Consolidation,0,20,11,8728,442,19742,12355,10092.583333333334,0.8501472736954737,4,7387,0.238864,0.23262476273829527,1541.0030012078132,0.17498027441350297,0,46.0
2021-12-31,38,169012,537,Employed,Bachelor,18,45149,48,Single,0,Mortgage,616,0.16551394511324646,1,1,0.2702969005760251,0,Debt Consolidation,0,40,26,949,502,145011,7292,14084.333333333334,0.5433096882458094,5,137719,0.271649,0.32597879999999996,1694.5564534238963,0.16405153149531843,1,36.0
2022-01-01,53,130283,532,Employed,Associate,29,16338,84,Married,2,Own,713,0.5093014122971529,2,1,0.13554015607513964,0,Auto,0,23,25,6526,430,70192,13355,10856.916666666666,0.610483688967939,3,56837,0.27533799999999997,0.2471920363376599,410.61283762230335,0.1034928121970452,1,37.6
2022-01-02,25,56543,482,Employed,High School,3,25609,72,Married,3,Rent,189,0.3734577901088812,3,1,0.5821960172691829,0,Home,0,25,23,4712,255,64113,62959,4711.916666666667,0.8991682282266964,5,1154,0.299609,0.3482334123773696,851.7559441054834,0.22087740886167695,0,58.0
2022-01-03,22,40443,554,Employed,High School,0,25832,24,Single,5,Rent,337,0.32447588964766116,2,1,0.14443276345189804,0,Other,0,20,20,890,1072,96275,12954,3370.25,0.739184911871504,5,83321,0.22383199999999998,0.2652205352882538,1398.4985979349578,0.5149465463793362,0,49.0
2022-01-04,41,39667,606,Employed,High School,20,13763,120,Married,0,Mortgage,234,0.25340875510315103,5,4,0.019798380857165464,0,Debt Consolidation,0,25,7,5540,663,77941,8021,3305.5833333333335,0.9314006797898052,7,69920,0.26576299999999997,0.25917162470512783,322.0410671084727,0.16821269078331288,0,47.0
2022-01-05,67,44011,550,Employed,Associate,43,17913,36,Single,2,Other,175,0.2017649178780562,0,1,0.23529866564236462,0,Debt Consolidation,0,19,16,3329,846,195898,17604,3667.5833333333335,0.683377711533622,4,178294,0.227913,0.24034497359101883,703.1025882813058,0.23942266840961735,0,49.0
2022-01-06,40,35779,527,Employed,High School,18,17521,36,Single,1,Rent,383,0.15714975741515308,3,1,0.5496903641688141,0,Auto,1,28,13,2982,2952,34006,5182,2981.5833333333335,0.868338285431198,2,28824,0.239021,0.24808945812064417,694.8627020345078,0.3615068175302299,0,64.0
2022-01-07,37,48504,638,Employed,High School,19,24410,60,Married,2,Mortgage,457,0.3931465941577473,5,0,0.3568100874111585,0,Other,0,26,13,185,2583,14276,36006,4042.0,0.9504258660446864,4,1324,0.21040999999999999,0.22730597380154843,684.3564274771333,0.2823741780002804,0,52.0
2022-01-08,41,43873,572,Employed,Master,19,24798,84,Married,0,Rent,743,0.30046193739314936,4,2,0.14851776556317717,0,Debt Consolidation,0,18,22,5128,403,507779,47661,3656.0833333333335,0.7910887544251688,6,460118,0.26379800000000003,0.2807598435136638,677.2537362472683,0.38846317404707265,0,45.0
2022-01-09,37,58657,591,Employed,Bachelor,12,11373,48,Single,4,Rent,323,0.624895819260652,4,2,0.22526036030622873,0,Home,0,12,20,7115,1353,68357,67082,4888.083333333333,0.7559690877243739,4,1275,0.210873,0.21819573033402406,357.2055330726206,0.13915587904037793,0,54.0
2022-01-10,18,108512,527,Employed,Associate,0,17549,108,Married,1,Rent,417,0.21636474985557555,3,3,0.37052151799238675,0,Education,0,16,17,5762,1962,33352,4559,9042.666666666666,0.7846285274610224,4,28793,0.299049,0.2620749184629979,424.4216366001113,0.09305016624153398,0,53.0
2022-01-11,41,43179,565,Employed,Bachelor,23,23877,12,Married,2,Mortgage,212,0.009698107797256654,2,1,0.3816141015276345,1,Home,0,25,14,24542,2049,26591,8176,3598.25,0.8281603824205424,5,18415,0.206377,0.21785129553888324,2232.2845805018064,0.6792981534084086,0,66.0
2022-01-12,40,77579,596,Self-Employed,Associate,14,33591,24,Married,1,Mortgage,459,0.09796766306272531,4,2,0.097994571163026,0,Debt Consolidation,1,17,9,1447,1067,70674,6499,6464.916666666667,0.9362337504040821,9,64175,0.210591,0.19565252162853533,1702.5152329446585,0.3343454130026927,0,57.0
2022-01-13,39,29889,465,Self-Employed,Associate,18,24196,72,Divorced,1,Mortgage,259,0.34951096706150087,5,2,0.26510471170277244,0,Debt Consolidation,0,12,18,584,333,35099,9835,2490.75,0.8108815259157007,3,25264,0.30669599999999997,0.30119980745336455,729.7890075346643,0.3969844454620754,0,57.0
2022-01-14,37,38605,568,Employed,Master,15,32046,84,Married,0,Mortgage,735,0.36064012749624447,5,0,0.7271029774875052,0,Home,1,18,26,1692,206,213695,4928,3217.0833333333335,0.6645566867160616,3,208767,0.273046,0.3236221734604271,967.7373857378468,0.529279850507814,0,61.0
2022-01-15,32,64052,560,Employed,Bachelor,10,21093,36,Married,1,Rent,551,0.22269596519139656,4,2,0.5068491545042735,0,Home,0,24,26,4090,1098,72947,15373,5337.666666666667,0.6110040904872532,7,57574,0.226093,0.18412821520187686,766.9377682763154,0.2469127149708953,1,44.800000000000004
2022-01-16,61,31406,585,Employed,High School,36,30286,36,Married,3,Mortgage,868,0.3854676996710794,6,1,0.4222504742593935,0,Other,0,18,19,8536,2470,19038,104406,2617.1666666666665,0.7431598463159219,3,10521,0.222786,0.1894025449022823,1109.249581786613,0.7554924212392331,0,57.0
2022-01-17,18,24305,574,Employed,Associate,0,51371,36,Single,2,Own,405,0.37813692682948186,7,1,0.28584882445462895,0,Education,0,22,6,15519,1256,61150,30580,2025.4166666666667,0.7041806860942224,7,30570,0.249371,0.26345404500212294,2079.2331820415534,1.2265294459781377,0,56.0
2022-01-18,19,32015,581,Employed,High School,1,24456,48,Married,2,Rent,623,0.08952760967342965,8,2,0.04944618162900146,0,Debt Consolidation,1,37,4,1297,1831,79648,23363,2667.9166666666665,0.903448662323776,3,56285,0.22895600000000002,0.2373833067074858,793.7768134777317,0.5310423789390217,0,57.0
2022-01-19,40,50196,511,Employed,Associate,19,33957,48,Married,0,Other,335,0.5377969167121271,3,0,0.532624636499662,0,Education,0,20,16,9650,443,45014,4802,4183.0,0.8651634294111286,5,40212,0.273457,0.3051203897988799,1232.7889277509291,0.3748001261656536,0,59.0
2022-01-20,39,100848,634,Employed,Bachelor,14,45655,96,Married,1,Rent,416,0.4413928571515442,6,3,0.3888739306432394,0,Debt Consolidation,0,17,2,7618,1443,28407,17382,8404.0,0.8744826263415311,5,11025,0.26365500000000003,0.28453722015466826,1210.1264229678673,0.1934943387634302,0,55.0
2022-01-21,22,33924,547,Employed,High School,0,46747,48,Married,0,Mortgage,354,0.41095756036463665,6,1,0.16697634016312807,0,Home,0,23,27,3435,10168,13603,18496,2827.0,0.759561865928953,2,8110,0.26824699999999996,0.26690363470652256,1594.3934705193474,0.6892088682417218,0,52.0
2022-01-22,52,300000,603,Unemployed,Doctorate,27,18462,36,Divorced,1,Own,455,0.443082963695922,4,0,0.3463012514874215,0,Home,1,30,18,2127,157,52334,10243,25000.0,0.7920911708172358,2,42091,0.201962,0.20999686168702408,695.5541183279754,0.046022164733119014,1,47.2
2022-01-23,36,31674,572,Employed,Associate,12,15015,36,Divorced,3,Mortgage,217,0.34590236133855407,4,0,0.03618434260160901,0,Home,1,21,21,4230,1522,47152,42321,2639.5,0.9684636057741719,7,4831,0.214015,0.1887554545691011,549.4457974447823,0.2903753731558183,0,57.0
2022-01-24,37,94607,602,Employed,Bachelor,17,13595,24,Single,0,Other,429,0.19933449498231715,5,1,0.23219936083266424,0,Debt Consolidation,0,16,15,2280,639,29974,11090,7883.916666666667,0.8542041418700194,4,18884,0.18759499999999998,0.150076,659.2250710593519,0.13803102151756447,1,37.6
2022-01-25,55,258946,581,Employed,Associate,30,18282,60,Married,1,Mortgage,388,0.39847074552189754,1,2,0.30900661404558,0,Education,0,30,11,9927,549,19885,33038,21578.833333333332,0.9712127784101436,5,8603,0.232782,0.23910580113105168,524.9874940513387,0.042309400139859524,1,41.6
2022-01-26,35,75538,643,Employed,Bachelor,14,15341,24,Widowed,2,Own,302,0.2763920007071702,4,1,0.378234626799437,0,Other,0,18,3,10812,400,127793,9956,6294.833333333333,0.8734602060880298,6,117837,0.168841,0.17407116746676243,761.4981655388018,0.16894778768918456,1,40.0
2022-01-27,37,20154,614,Employed,Associate,16,14281,60,Divorced,1,Mortgage,605,0.5780512017658268,4,1,0.4136087248884273,0,Home,0,12,3,2116,406,94596,45907,1679.5,0.8233103798699491,5,48689,0.212281,0.24648855435071043,416.2314165167679,0.6080568124541637,0,59.0
2022-01-28,26,28925,565,Employed,Associate,1,44207,108,Married,2,Mortgage,569,0.4144782871552478,5,1,0.27602482556034164,0,Home,0,28,20,5258,5017,65869,13466,2410.4166666666665,0.9090459136292972,7,52403,0.30670699999999995,0.2785755035677958,1120.1967093266367,0.7007903374907395,0,53.0
2022-01-29,49,27747,648,Employed,Bachelor,28,30611,48,Married,0,Rent,282,0.35182770146937364,6,1,0.592107278200096,0,Auto,0,32,13,23892,441,56459,177625,2312.25,0.9009152030059632,3,5105,0.201611,0.22761036676292712,977.1242097985996,0.5445450145090711,0,57.0
2022-01-30,34,35912,623,Employed,Master,12,9513,96,Single,2,Rent,753,0.4940272721866731,6,1,0.12367381773729322,0,Debt Consolidation,1,30,8,2660,1419,20165,146857,2992.6666666666665,0.790345310947265,5,5290,0.23301300000000003,0.2128094006749202,206.99224708709414,0.32078154836949013,0,56.0
2022-01-31,35,31994,602,Employed,High School,10,24155,60,Married,1,Other,370,0.25357955182340597,1,0,0.3453492553206395,0,Education,1,31,9,3562,2332,55005,48866,2666.1666666666665,0.706068315390754,2,6139,0.228155,0.18678807900834044,622.3327871557823,0.37219458166748104,0,59.0
2022-02-01,32,44068,572,Employed,High School,10,22698,48,Widowed,3,Rent,340,0.5926973249977321,5,0,0.2573907233906799,0,Home,0,24,27,1487,226,54025,35637,3672.3333333333335,0.9057319474482403,1,18388,0.23169800000000002,0.23153973288401813,729.4204357799997,0.29121006692747564,0,54.0
2022-02-02,34,20665,569,Employed,Associate,8,15082,24,Single,4,Mortgage,443,0.4028594222746363,6,1,0.41194270819624096,0,Home,0,22,27,14743,2486,30682,3859,1722.0833333333333,0.9237733061697032,2,26823,0.20558200000000001,0.1890659291316094,759.5784893964338,0.6983276976896785,0,59.0
2022-02-03,33,57412,618,Employed,Master,8,15558,36,Single,2,Mortgage,491,0.368701769898275,3,0,0.18771307889069844,0,Auto,0,24,13,3399,1132,61957,24870,4784.333333333333,0.7546555173395532,4,37087,0.191558,0.20042156929015478,578.5252712346596,0.22354739871134807,0,47.0
2022-02-04,47,51652,489,Employed,Bachelor,25,12855,72,Single,1,Mortgage,432,0.16952401497039984,5,0,0.3179915186279344,0,Home,0,19,29,8767,5290,32545,26374,4304.333333333333,0.7996303459076366,5,6171,0.283355,0.3008197884173457,387.41157898609504,0.19036898760615545,0,53.0
2022-02-05,33,95053,607,Employed,Doctorate,10,12988,36,Divorced,0,Own,877,0.1609258787275835,4,2,0.2985862096418234,0,Debt Consolidation,0,22,27,2047,891,55196,21047,7921.083333333333,0.8150150706718553,9,34149,0.194488,0.17491070923228386,466.23808685977843,0.16957757295737474,1,37.6
2022-02-06,34,34343,609,Self-Employed,Bachelor,11,54972,24,Married,0,Mortgage,769,0.2986324525021723,4,2,0.09389533706595703,0,Home,1,20,5,34477,920,66997,39951,2861.9166666666665,0.918550694938408,4,27046,0.22547199999999998,0.18087365621565088,2746.748834927829,1.228459541074861,0,59.0
2022-02-07,29,70596,627,Employed,Master,6,11832,108,Married,4,Rent,318,0.3820457571301449,6,0,0.37266288129280745,0,Debt Consolidation,0,29,10,189,243,80229,32921,5883.0,0.963548616440457,3,47308,0.24333200000000002,0.23782064108863857,266.49670739008866,0.09935351137006436,0,51.0
2022-02-08,51,129948,470,Unemployed,High School,28,29617,48,Married,2,Mortgage,251,0.3564138846390962,3,0,0.5112444266690629,0,Auto,0,28,20,1943,1393,26418,18387,10829.0,0.8395717524798605,7,8031,0.289617,0.330104834597071,1118.8657796165758,0.1264997487871988,0,59.0
2022-02-09,53,56454,596,Employed,High School,29,17222,60,Single,2,Rent,283,0.7371210790681675,4,1,0.33295306407508585,0,Home,0,20,22,1243,16113,118086,80021,4704.5,0.9065827219066693,2,38065,0.22422199999999998,0.25903610340017935,514.6524607164115,0.16955095349482655,0,56.0
2022-02-10,42,26787,544,Employed,Master,18,12989,36,Married,0,Own,397,0.2238582682532681,4,0,0.14795201332787988,0,Auto,0,23,15,9767,944,22360,15708,2232.25,0.6944287487064614,1,6652,0.225989,0.2532082038321353,518.6468776561566,0.41019011206457906,0,52.0
2022-02-11,38,43895,594,Employed,Master,17,37612,36,Divorced,1,Rent,293,0.5504909314901106,4,1,0.380825726211265,0,Home,0,27,28,4659,1347,97551,31036,3657.9166666666665,0.8984756107943949,1,66515,0.225612,0.18048960000000003,1360.6878578629094,0.4520846177094182,0,54.0
2022-02-12,48,15000,640,Employed,Bachelor,24,45985,48,Married,0,Own,645,0.40897451148843195,3,1,0.3338953061763447,1,Debt Consolidation,0,25,13,565,2326,28800,26930,1250.0,0.975294302642207,5,1870,0.22098500000000001,0.26518200000000003,1563.9268143172471,1.7671414514537978,0,66.0
2022-02-13,56,66859,648,Employed,High School,36,16326,48,Widowed,3,Mortgage,180,0.1458377164912416,2,0,0.10219227934803903,0,Debt Consolidation,1,14,27,1198,1594,85526,6705,5571.583333333333,0.8676950128920001,8,78821,0.18732600000000002,0.1754755894268382,475.72507969341865,0.11769097587940328,1,40.0
2022-02-14,40,31924,563,Employed,Master,19,22143,36,Married,0,Rent,610,0.33988260760835254,1,1,0.27342087382344976,1,Home,0,22,16,1595,3262,25809,35851,2660.3333333333335,0.8930884031152441,2,6203,0.22564299999999998,0.19603330771655114,818.4446596978555,0.5369419846001211,0,65.0
2022-02-15,41,30958,655,Employed,Bachelor,17,10966,108,Divorced,1,Rent,570,0.28794058507925185,0,0,0.5080155642081402,0,Auto,0,23,29,4142,808,47866,23594,2579.8333333333335,0.881818241447463,3,24272,0.228466,0.244698531134469,252.10861616183348,0.31866733619555526,0,53.0
2022-02-16,41,53664,594,Employed,High School,17,31787,72,Married,0,Rent,461,0.11823966015159001,5,4,0.40840435527785535,0,Other,0,22,6,757,2431,34753,46539,4472.0,0.874002106662353,1,10727,0.249787,0.25020695482856214,856.6557622909279,0.29464574290942036,0,57.0
2022-02-17,33,55256,540,Employed,Associate,10,14166,24,Divorced,3,Rent,615,0.0853709872219848,3,1,0.6075127201183469,1,Education,0,26,16,21420,1862,51732,68561,2662.6666666666665,0.7241245830517801,7,2030,0.219166,0.22142795851004732,735.9052607724152,0.507350498537462,0,69.0
2022-02-18,22,96576,512,Employed,Master,0,12072,36,Single,0,Other,409,0.3005324354517567,0,3,0.2254372275490936,0,Debt Consolidation,0,31,13,1443,3234,78839,30495,8048.0,0.9154639442391973,3,48344,0.241072,0.25862300555220447,485.5032979086547,0.11114603602244716,1,40.800000000000004
2022-02-19,46,15000,610,Employed,High School,20,30710,24,Divorced,2,Other,166,0.07148799624421416,3,0,0.5032604265648469,0,Debt Consolidation,0,23,14,3043,291,22944,45558,1250.0,0.8419612448611591,4,9285,0.20070999999999997,0.19699717856737978,1558.508836906832,1.3796070695254654,0,56.0
2022-02-20,36,58420,602,Employed,Bachelor,16,28003,60,Single,0,Rent,313,0.3913793778861345,4,1,0.5843359057687594,0,Home,0,25,18,12793,3040,15833,37124,4868.333333333333,0.854135108182037,2,8243,0.23200300000000001,0.19914567673929878,740.5777069740606,0.21641445538666088,0,55.0
2022-02-21,53,34481,641,Employed,Bachelor,30,7784,60,Married,2,Rent,601,0.13308069460499886,3,1,0.2645266508038774,0,Auto,0,26,14,1292,1961,23808,37681,2873.4166666666665,0.8857742271875969,3,4376,0.192284,0.2307408,219.76605508289455,0.2856411548677456,0,49.0
2022-02-22,50,74958,571,Employed,Bachelor,25,24866,60,Divorced,0,Mortgage,585,0.038280125127314976,3,1,0.05403169022190316,0,Debt Consolidation,0,21,25,8118,1003,82447,13102,6246.5,0.8882191374618752,6,69345,0.24436600000000003,0.29323920000000003,794.2041199076193,0.22079630511608409,0,47.0
2022-02-23,35,143418,588,Employed,Master,10,22341,36,Divorced,2,Rent,758,0.007281947959342384,2,1,0.2773393144282741,0,Debt Consolidation,1,29,15,347,902,81427,25713,11951.5,0.8574881862521663,4,55714,0.213341,0.20104209473317236,831.4583429096333,0.13299237274899664,1,42.400000000000006
2022-02-24,59,30272,574,Unemployed,Associate,36,11573,72,Divorced,3,Rent,244,0.26498338379961134,2,1,0.48708070123463043,0,Home,0,20,29,1339,1209,152129,31997,2522.6666666666665,0.9118083554696487,8,120132,0.239573,0.23296438305342881,299.75664603797014,0.2155483533448613,0,56.0
2022-02-25,61,71520,596,Employed,Associate,38,17513,24,Married,0,Mortgage,491,0.5519497940392768,5,0,0.25555454918110987,0,Debt Consolidation,0,17,20,1805,293,38932,11611,5960.0,0.8105023925327062,2,27321,0.194513,0.21071412190178532,900.531310582306,0.23347840781582319,0,53.0
2022-02-26,47,18935,606,Unemployed,High School,22,24046,36,Married,0,Mortgage,283,0.264286653170715,3,2,0.309354102733231,0,Other,0,33,11,2157,1070,71655,173601,1577.9166666666667,0.9292128780811794,6,6836,0.206046,0.21822661394069312,916.1230618945402,0.7599406782537355,0,56.0
2022-02-27,53,106618,668,Employed,Master,32,57541,24,Divorced,2,Mortgage,719,0.5264279971602419,3,0,0.19065959138186847,1,Debt Consolidation,0,19,15,1928,1373,81141,11193,8884.833333333334,0.9093321485697081,3,69948,0.198541,0.22102818815283798,2988.043340059995,0.4172327381935502,0,54.0
2022-02-28,57,35911,649,Employed,Bachelor,36,15632,72,Single,1,Mortgage,215,0.6510716735181923,3,1,0.14225611916903336,0,Debt Consolidation,0,31,23,588,3794,456267,32870,2992.5833333333335,0.9155333680007793,5,423397,0.206132,0.21540718568180395,388.5213831112675,0.20167237329328644,1,35.2
2022-03-01,47,54453,608,Employed,Bachelor,26,20548,84,Single,4,Own,555,0.42040946250601857,2,2,0.543611424225017,0,Other,0,24,1,8253,979,33496,69142,4537.75,0.9248625673731248,8,2514,0.241548,0.21178762961976816,470.9884406709528,0.2261006976300926,0,60.0
2022-03-02,55,99068,613,Employed,High School,33,13749,48,Married,3,Own,276,0.267161300603911,3,2,0.3283781272842133,0,Auto,0,20,25,5615,2716,49198,22405,8255.666666666666,0.6015448877732764,6,26793,0.202249,0.20033617426055708,418.63335227512704,0.08414018883293822,1,40.0
2022-03-03,45,18861,600,Employed,Associate,24,26045,60,Married,2,Own,572,0.2469650571461997,2,1,0.22937273369048514,0,Debt Consolidation,0,23,1,2233,116,162230,8820,1571.75,0.48207039694317994,5,153410,0.231045,0.25339715067241153,769.6510990507453,0.8536033714335902,0,51.0
2022-03-04,29,15000,615,Employed,High School,6,27024,60,Married,1,Other,776,0.38862618135337645,3,2,0.738908578906807,0,Auto,0,14,23,5100,1321,38637,59315,1250.0,0.8388055561753425,5,7509,0.224524,0.19778308960591856,712.6413238720919,1.1909130590976735,0,57.0
2022-03-05,46,102179,601,Employed,High School,18,22189,72,Married,2,Mortgage,659,0.3845812636356037,3,0,0.46330486459918796,0,Home,0,22,14,885,3076,76345,10267,8514.916666666666,0.7533050458132508,4,66078,0.23668899999999998,0.2515011453399519,599.754552283158,0.14782934484970392,0,50.0
2022-03-06,41,43845,611,Employed,High School,23,15125,72,Single,0,Mortgage,346,0.5876583660269994,3,1,0.12695695408619054,0,Auto,0,20,15,4234,1109,466099,30993,3653.75,0.9094093643189294,6,435106,0.224625,0.2342578951744604,392.9376740997689,0.2022408960929918,1,34.4
2022-03-07,27,16472,589,Employed,Master,7,13811,72,Single,3,Rent,649,0.1091388168542041,1,0,0.5972934587688099,0,Other,0,25,27,630,135,41105,119963,1372.6666666666667,0.5610978944668097,3,10680,0.234311,0.21133669774929179,339.9505620300392,0.7204593701044482,0,59.0
2022-03-08,35,131471,596,Employed,Bachelor,12,9507,48,Divorced,3,Mortgage,565,0.4954341789918268,2,0,0.5517366056380604,0,Debt Consolidation,0,24,11,450,434,59200,57915,10955.916666666666,0.9885316318051371,2,1285,0.206507,0.21652236559661234,297.7362531049992,0.07874614962432773,1,45.6
2022-03-09,55,247218,618,Employed,Bachelor,32,23196,48,Married,2,Rent,332,0.37568331927678106,2,3,0.2556396270845057,0,Debt Consolidation,0,28,25,18228,1720,62464,151688,20601.5,0.7131157820633148,9,2537,0.20919600000000002,0.20104186897358045,707.150940490464,0.05044054755675383,1,37.6
2022-03-10,44,23187,571,Employed,High School,20,10016,60,Married,1,Rent,882,0.22189944400751682,6,0,0.15754886579847946,1,Debt Consolidation,0,23,13,458,322,74650,26053,1932.25,0.7787659007840411,7,48597,0.229516,0.22706631131031157,280.67010479577266,0.601718258401228,0,64.0
2022-03-11,56,39874,562,Employed,High School,35,11103,60,Married,2,Mortgage,428,0.12000137814906482,2,0,0.4396281020954895,0,Home,0,29,17,1234,386,51994,14659,3322.8333333333335,0.9604919968981586,5,37335,0.235103,0.23304323207735314,314.9431584047724,0.22358724735058608,0,56.0
2022-03-12,50,121935,541,Employed,High School,27,26054,36,Single,0,Mortgage,517,0.019231674125792467,2,1,0.15933518144185796,0,Auto,0,21,13,3362,274,61220,9029,10161.25,0.7409923089096858,6,52191,0.240554,0.2630676900132514,1053.9941057129993,0.15460638265105173,1,36.0
2022-03-13,41,44136,470,Employed,High School,20,14648,72,Single,1,Mortgage,219,0.664009908397314,2,1,0.23372630077712053,0,Other,0,26,25,2580,227,15400,72383,3678.0,0.7579989958727198,6,6951,0.294648,0.27448084601075623,416.8614025724449,0.1728823824286147,0,55.0
2022-03-14,43,60714,533,Employed,High School,21,36230,72,Married,1,Other,542,0.466104286013177,0,2,0.34826071278487625,0,Education,0,21,26,2439,701,21458,12730,5059.5,0.9273227208639804,8,8728,0.28473,0.2899854829906733,1066.6669834687339,0.3179497941434398,0,55.0
2022-03-15,34,43536,624,Employed,Associate,11,11069,36,Single,1,Mortgage,510,0.09588314993453906,3,3,0.18350188809158574,0,Home,0,25,22,3630,223,149306,27570,3628.0,0.7120629122720523,4,121736,0.184069,0.1664053526545215,392.6626415153995,0.24880447671317518,1,34.4
2022-03-16,37,64144,557,Employed,Bachelor,16,7189,24,Married,2,Own,855,0.24474450013417282,4,0,0.35044213512281513,0,Debt Consolidation,0,28,18,2270,1089,175884,5154,5345.333333333333,0.7502545086393441,6,170730,0.20368899999999998,0.23294631770222413,377.5641030607095,0.23058694868933202,1,40.0
2022-03-17,36,35572,566,Employed,High School,15,35935,48,Married,3,Mortgage,210,0.14648052737502287,3,2,0.3422227129906843,0,Home,0,22,22,7983,3089,39623,7026,2964.3333333333335,0.8504732127421922,6,32597,0.247935,0.23434414081931373,1160.339325969512,0.4622757199942129,0,54.0
2022-03-18,51,72415,591,Employed,Master,28,29637,84,Single,0,Own,346,0.24186801000910632,7,0,0.43010017544200774,0,Debt Consolidation,0,13,10,12300,478,93607,25510,6034.583333333333,0.6764635010461418,1,68097,0.259137,0.2641907614988531,777.2588082310225,0.18613692879613716,0,54.0
2022-03-19,37,36968,492,Employed,Master,19,25465,48,Widowed,3,Mortgage,723,0.5078035778424981,6,1,0.2315531082746374,0,Home,0,25,1,1944,1032,75923,16978,3080.6666666666665,0.5983848431033644,4,58945,0.27446499999999996,0.29265641437413625,906.0482672859926,0.5287973167991753,0,56.0
2022-03-20,42,73888,554,Employed,High School,18,8301,36,Married,2,Other,199,0.3261184856210577,2,1,0.07044530979588196,0,Auto,0,22,14,4464,635,26694,96114,6157.333333333333,0.6562246462134934,3,6385,0.216301,0.22086623196534505,317.3910638749326,0.08386602379952349,1,40.0
2022-03-21,29,49467,575,Employed,Associate,9,12545,108,Widowed,1,Rent,371,0.1217776026931987,2,0,0.08548173679523408,0,Home,0,25,1,2237,536,18688,36520,4122.25,0.6533626594995897,3,1702,0.270045,0.26153683427831054,302.9317766359463,0.16348639132414247,0,54.0
2022-03-22,29,16696,462,Employed,High School,6,11296,120,Married,0,Other,433,0.6109323152457196,3,0,0.18511184956896976,0,Debt Consolidation,0,37,19,1664,799,16584,6238,1391.3333333333333,0.7873189166073276,4,10346,0.33529600000000004,0.32786878529280444,321.28343646918285,0.5421299255887754,0,54.0
2022-03-23,38,36812,582,Employed,Associate,19,39586,24,Single,1,Mortgage,959,0.14137131961091223,1,1,0.108202047989285,0,Debt Consolidation,0,24,10,2707,2108,34621,3377,3067.6666666666665,0.7511648211433603,2,31244,0.223586,0.2533889702570965,2119.5020458956437,1.0035321240559525,0,50.0
2022-03-24,38,65523,618,Employed,Bachelor,20,14567,72,Single,0,Rent,345,0.29558134647222556,5,0,0.2043328325410529,0,Education,0,29,19,7052,260,182931,2938,5460.25,0.9111735666702769,4,179993,0.220567,0.21472518868634907,361.46529972815057,0.12938332488954726,1,36.0
2022-03-25,47,110318,562,Employed,Bachelor,22,12478,24,Married,0,Other,480,0.34901878554794485,3,1,0.0823787182982053,0,Home,1,28,27,3558,81,11713,149787,9193.166666666666,0.7998143719916733,6,7973,0.20647799999999997,0.18303905978704152,624.7867637724459,0.12017477805316766,1,44.0
2022-03-26,78,89045,504,Employed,Bachelor,56,51967,60,Married,3,Mortgage,222,0.35178238216895796,4,1,0.02893229935298169,0,Other,0,19,14,905,488,62947,25218,7420.416666666667,0.36199142687271163,3,37729,0.304967,0.30649597525585726,1702.1030815347478,0.259298522976214,0,49.0
2022-03-27,49,53591,616,Employed,Associate,26,44612,36,Married,1,Mortgage,300,0.38669937415649547,2,0,0.3780975144798727,0,Education,0,30,6,2874,2364,92285,55822,4465.916666666667,0.8261903998267588,3,36463,0.221612,0.2555627547160345,1786.9168718907197,0.46729865952657407,0,53.0
2022-03-28,52,50693,600,Employed,Associate,29,17169,36,Married,1,Mortgage,1376,0.22305198292353084,0,0,0.38602823438867084,0,Auto,0,21,1,2158,2707,47720,58572,4224.416666666667,0.6809919446022058,7,5567,0.202169,0.20720873709101267,644.3852827606576,0.4782637325296962,0,55.0
2022-03-29,29,46910,521,Employed,High School,8,31373,48,Married,4,Mortgage,353,0.2148730200473924,1,0,0.3581678154590346,0,Debt Consolidation,0,30,16,1334,733,112886,16202,3909.1666666666665,0.5752111482990142,5,96684,0.26587299999999997,0.25063988932109726,1041.3585799414147,0.3566894683286501,0,53.0
2022-03-30,31,95078,552,Employed,Master,10,15897,60,Married,2,Own,526,0.4729068572447264,1,0,0.15177927936186092,0,Debt Consolidation,1,33,10,2021,1435,87218,144660,7923.166666666667,0.6594589199064949,3,4955,0.24489699999999998,0.2321398177857613,450.10046815406463,0.12319575104491864,1,44.800000000000004
2022-03-31,32,43458,591,Employed,Associate,9,22291,72,Married,0,Mortgage,94,0.29305902836088665,2,0,0.1621699596697309,0,Home,1,24,10,928,319,16614,15773,3621.5,0.8017378000830195,2,3461,0.241791,0.2901492,656.514466087014,0.2072385658116841,0,57.0
2022-04-01,41,36962,595,Employed,High School,21,21062,48,Divorced,3,Mortgage,323,0.33594619248872515,1,0,0.1937020741274462,0,Education,0,39,18,1704,570,56236,76784,3080.1666666666665,0.9405496233880556,4,10492,0.218562,0.20036208057582888,641.3306786521052,0.31307743476611827,0,51.0
2022-04-02,36,96562,462,Unemployed,Bachelor,16,50371,60,Single,0,Mortgage,720,0.6699671004758643,4,2,0.5260843642740081,0,Auto,0,17,26,2818,627,32062,6362,8046.833333333333,0.7637841411321779,5,25700,0.324371,0.3149676989447671,1676.2847028712247,0.29779226232321926,0,62.0
2022-04-03,20,15000,611,Employed,Bachelor,0,9186,84,Single,1,Rent,279,0.6858106548396319,5,0,0.3292762845866859,1,Other,0,27,19,8369,1574,47376,61383,1250.0,0.9471967983425608,4,6742,0.228686,0.18294880000000002,194.66080221144546,0.37892864176915636,0,67.0
2022-04-04,33,38120,527,Employed,High School,11,22059,36,Widowed,1,Mortgage,182,0.2617491529526888,3,1,0.21383725694446581,0,Home,0,17,5,3907,1021,25245,18727,3176.6666666666665,0.8922671657367978,6,6518,0.243559,0.230965068924775,855.0077053544981,0.32644523778210854,0,55.0
2022-04-05,47,22405,608,Employed,Master,23,15301,48,Married,2,Own,225,0.4153649243882442,3,1,0.4148447052968511,0,Education,0,30,14,1695,485,50191,39415,1867.0833333333333,0.78938827626083,6,10776,0.206301,0.21865449369313214,480.95750127035876,0.3781071196270612,0,56.0
2022-04-06,45,82719,622,Employed,Bachelor,21,15655,120,Married,2,Mortgage,283,0.2105866955548149,1,1,0.09858909866475711,0,Auto,0,20,19,1060,1984,4306,63856,6893.25,0.8751467766503833,4,1910,0.259655,0.249281771972212,355.34779844547137,0.09260476530598359,1,36.800000000000004
2022-04-07,36,55229,541,Self-Employed,Bachelor,13,20607,36,Married,2,Other,513,0.258375840845451,5,0,0.38430907202623044,0,Home,0,22,20,11969,1999,47386,39494,4602.416666666667,0.7503376090587557,1,7892,0.23510699999999998,0.2508013008289139,820.2043056492877,0.2896748387222555,0,57.0
2022-04-08,52,20640,560,Employed,High School,30,29641,36,Married,0,Mortgage,526,0.20236308613137208,2,3,0.4477163480959005,0,Home,0,19,7,1450,1543,250121,19224,1720.0,0.9129414845133503,2,230897,0.234641,0.22631225108086422,1141.70545099248,0.9695961924374884,0,55.0
2022-04-09,46,40925,616,Employed,Bachelor,25,14621,84,Married,0,Mortgage,122,0.6291940248167643,0,0,0.271216892583295,0,Education,0,26,22,1111,1154,62419,5022,3410.4166666666665,0.7372133263673956,2,57397,0.23162100000000002,0.26698926208345536,386.1099541155698,0.148987646900106,0,50.0
2022-04-10,41,25780,612,Unemployed,High School,17,17603,60,Married,1,Mortgage,485,0.5524772689843513,5,2,0.21900203842796284,0,Home,0,32,21,7530,2770,72026,39063,2148.3333333333335,0.9397375712142311,4,32963,0.216603,0.20679874154909306,473.0558498586094,0.4459530720831386,0,55.0
2022-04-11,49,20035,460,Employed,High School,24,33695,24,Widowed,1,Mortgage,355,0.20798701981208825,4,0,0.22182706451195358,0,Auto,0,25,5,2562,2620,201553,63435,1669.5833333333333,0.7026623558843202,8,138118,0.278695,0.2538744404151296,1804.9101388098616,1.293682139541719,0,52.0
2022-04-12,39,59803,612,Employed,Doctorate,19,38237,36,Divorced,4,Mortgage,735,0.5749671011417948,1,1,0.3266809006125787,0,Debt Consolidation,0,20,26,2296,598,34057,10024,4983.583333333333,0.82440201202072,3,24033,0.21723699999999999,0.19071531998304925,1402.9995159000582,0.4290084810260472,0,52.0
2022-04-13,46,76657,480,Employed,High School,23,21172,24,Married,1,Rent,158,0.3583328888862806,1,3,0.3356623897281169,0,Auto,0,16,3,4370,1033,19936,63566,6388.083333333333,0.7744521433344951,5,7152,0.256172,0.2242220286793674,1102.7835606015292,0.19736492071459033,0,57.0
2022-04-14,45,78449,632,Employed,Associate,22,17913,24,Widowed,2,Other,273,0.12776616115445563,3,1,0.31178262774369875,0,Auto,0,23,26,958,384,26202,24527,6537.416666666667,0.8054139367677446,6,1675,0.17691300000000001,0.18632188588750767,899.7717122132366,0.17939375322258844,1,40.0
2022-04-15,39,132091,597,Self-Employed,Master,15,13335,60,Divorced,1,Other,346,0.3460216574324057,1,1,0.3047974429102713,0,Auto,0,25,11,9712,582,36629,27060,11007.583333333334,0.6468621848096059,4,9569,0.219835,0.22056373015479536,368.7257307443227,0.06493030387332878,1,44.0
2022-04-16,30,73839,535,Employed,Master,8,44006,24,Married,0,Own,373,0.3545991696976701,2,0,0.2617259469558203,0,Auto,0,23,16,6061,1221,135331,39523,6153.25,0.5875471030211168,6,95808,0.251506,0.25278872047422624,2354.828939087357,0.44331514875673134,0,50.0
2022-04-17,36,62322,503,Employed,Bachelor,17,55026,36,Married,1,Mortgage,484,0.3521789561559377,2,0,0.27474420969298535,0,Home,0,16,16,2751,286,12150,21264,5193.5,0.7784157719097564,6,4985,0.28852599999999995,0.31031677555185466,2367.14239018065,0.54898284204884,0,52.0
2022-04-18,31,40476,514,Employed,Bachelor,3,11878,72,Divorced,2,Own,248,0.6455431785354344,0,0,0.11581925702337416,0,Auto,0,13,26,3095,1906,103291,35299,3373.0,0.9492669889759613,1,67992,0.269878,0.23593626028103312,309.786417882352,0.1653680456218061,1,40.800000000000004
2022-04-19,40,56509,592,Employed,Bachelor,15,24722,96,Single,1,Mortgage,408,0.11153560867571335,5,1,0.36258907428758985,0,Home,0,19,18,365,211,74697,26410,4709.083333333333,0.8907684477515576,7,48287,0.263722,0.24388103866377706,587.5975961879591,0.21142067908219062,0,53.0
2022-04-20,53,23369,600,Unemployed,Bachelor,32,23020,60,Married,0,Own,358,0.21161816208907533,6,0,0.09224307878881784,0,Debt Consolidation,0,18,12,25767,1857,41904,27338,1947.4166666666667,0.8701756981192238,6,14566,0.22802,0.21936992239204825,634.9629575447129,0.5098872647754099,0,52.0
2022-04-21,37,111533,610,Employed,Bachelor,16,9909,48,Married,1,Mortgage,500,0.3043181868847097,8,2,0.3096720697857675,1,Other,0,20,10,1305,1441,50109,17826,9294.416666666666,0.7553607682449797,5,32283,0.199909,0.20333375976359308,303.2973060027166,0.08642794215194247,1,49.6
2022-04-22,34,18296,538,Employed,Bachelor,14,22421,60,Married,1,Mortgage,297,0.09428399544141362,3,2,0.46010364504064843,0,Home,0,22,6,2710,1315,57501,10003,1524.6666666666667,0.9024147942002183,2,47498,0.258421,0.26921480678899623,683.5807470661582,0.6431443465672222,0,59.0
2022-04-23,52,30051,629,Employed,High School,30,28568,36,Single,1,Other,246,0.27526015921895736,6,0,0.2192112578364079,0,Home,0,25,26,2612,3641,129410,27977,2504.25,0.7711023822196904,5,101433,0.19906800000000002,0.20449296167513756,1068.2405734301876,0.5248040624658831,0,46.0
2022-04-24,45,23170,535,Employed,Bachelor,24,20729,12,Divorced,1,Rent,459,0.05314442021898606,2,1,0.22221527568493,0,Home,0,27,20,1122,269,41676,16840,1930.8333333333333,0.89094538041253,7,24836,0.218229,0.23378196633548265,1953.8935203366846,1.249664317826509,0,53.0
2022-04-25,37,56145,497,Self-Employed,High School,17,26594,84,Single,1,Rent,876,0.3000356293417304,2,0,0.04774683335440013,0,Auto,1,26,17,9707,3598,24434,10660,4678.75,0.9611526071444092,6,13774,0.303094,0.31315808854729416,784.0737022459687,0.3548113710384117,0,59.0
2022-04-26,48,47535,614,Unemployed,Bachelor,24,36534,60,Married,0,Other,524,0.2552813123408621,8,3,0.45160320171938784,0,Other,0,15,1,1171,969,67047,14652,3961.25,0.28030189882213397,6,52395,0.23453399999999996,0.24453704864662928,1060.652013728686,0.40003837519184243,0,59.0
2022-04-27,38,113779,567,Employed,High School,14,12841,96,Divorced,2,Own,399,0.43980439597265636,2,1,0.35455176560054863,0,Debt Consolidation,0,22,25,8732,360,18631,35511,9481.583333333334,0.8629599490356862,0,6217,0.264341,0.2648033792739851,323.1115241862175,0.07615938169815703,1,43.2
2022-04-28,33,77579,593,Employed,High School,6,17297,96,Divorced,0,Mortgage,331,0.15180311759679269,1,1,0.2039684631053864,0,Home,0,22,16,752,755,171608,10729,6464.916666666667,0.6600162941615131,3,160879,0.255797,0.2694345995493785,440.64732740731023,0.11935920711645835,0,47.0
2022-04-29,43,53506,501,Employed,High School,19,19152,96,Single,2,Rent,234,0.11976871159893268,1,3,0.1144093896924228,0,Education,0,27,7,2035,535,86372,59065,4458.833333333333,0.830707047901581,8,27307,0.303652,0.29258195374393425,518.272838123255,0.16871517320448287,0,50.0
2022-04-30,34,33426,432,Employed,High School,11,33113,48,Married,0,Mortgage,500,0.47424939153634876,5,1,0.25218808014537397,0,Debt Consolidation,0,27,12,2118,748,404152,16227,2785.5,0.9161053872304876,3,387925,0.312113,0.2931934053927552,1179.193486439029,0.6028337772173861,0,48.0
2022-05-01,46,15305,587,Employed,High School,19,44645,36,Divorced,1,Other,1050,0.07719074279851541,5,2,0.19825058605111762,0,Debt Consolidation,0,30,25,857,952,40998,8376,1275.4166666666667,0.8409658569375248,5,32622,0.236145,0.20113348562092756,1661.747736166069,2.1261661440047583,0,51.0
2022-05-02,43,87162,569,Employed,Associate,22,24127,36,Married,1,Mortgage,704,0.027073988632693623,8,3,0.25698144010329127,0,Home,0,26,20,1828,2006,171012,38566,7263.5,0.8530717014332808,8,132446,0.22462700000000002,0.20575953175614453,903.741845884437,0.22134533570378426,1,36.800000000000004
2022-05-03,43,23265,488,Self-Employed,Associate,19,14097,96,Married,2,Own,815,0.3924977947983585,0,1,0.39646809864692667,0,Auto,0,22,14,507,6812,7661,34871,1938.75,0.8654910796882036,5,6148,0.305097,0.2866003049299226,375.654786387595,0.6141352863378955,0,59.0
2022-05-04,47,42947,481,Employed,Master,23,22101,72,Married,3,Mortgage,627,0.10512230931375371,7,3,0.357717944512054,0,Debt Consolidation,1,24,6,830,169,320543,27984,3578.9166666666665,0.7356649609460418,4,292559,0.296601,0.31153514105255814,681.4114296186989,0.3655886826885321,0,56.0
2022-05-05,19,61775,566,Employed,Doctorate,0,18141,60,Married,3,Mortgage,241,0.08368381973078692,3,1,0.449485213249079,0,Debt Consolidation,0,20,27,6731,706,152532,32613,5147.916666666667,0.7819653205071972,4,119919,0.240141,0.26168639394674953,544.9626687457171,0.15267587252041448,1,40.800000000000004
2022-05-06,37,39614,557,Employed,Bachelor,14,15557,72,Single,2,Mortgage,310,0.13228260930218733,2,2,0.2782559409858589,0,Other,0,24,9,1657,920,9517,14815,3301.1666666666665,0.5524463495186288,4,3697,0.252057,0.23866525789514179,408.30690383995136,0.2175918323340086,0,53.0
2022-05-07,46,22421,439,Employed,High School,23,27870,12,Married,1,Rent,382,0.025116756536049934,3,2,0.18446960238020477,0,Education,0,18,27,2450,2181,6809,19488,1868.4166666666667,0.7635737843649466,4,10756,0.27337,0.24326774609830348,2639.7852931938946,1.6172973336749803,0,51.0
2022-05-08,40,53284,614,Employed,High School,18,34082,60,Single,0,Other,893,0.04514910644912639,1,1,0.19872597161465658,0,Auto,0,30,10,901,1230,21699,24202,4440.333333333333,0.7781180165264378,4,9428,0.232082,0.24363464927491557,987.6732358008688,0.42354325556659467,0,46.0
2022-05-09,23,64521,562,Employed,High School,0,30007,24,Married,3,Own,1240,0.3007570353655361,5,0,0.1260429449420444,0,Home,0,26,11,525,2359,12387,34422,5376.75,0.9427415944271744,6,5995,0.22400699999999998,0.2496792963867557,1601.0364114802028,0.5283928788729628,0,50.0
2022-05-10,53,82248,564,Employed,High School,30,7845,36,Single,3,Other,622,0.06404566142410432,5,0,0.11065515708029604,0,Home,0,31,3,689,476,143359,16955,6854.0,0.9064021690215757,4,126404,0.21084499999999998,0.21317029097371695,296.83940915326326,0.13405885747786156,1,37.6
2022-05-11,35,185318,554,Employed,Bachelor,15,28560,72,Single,2,Mortgage,474,0.2766602072995047,1,2,0.5220500981965411,0,Education,1,29,4,3546,545,94775,10968,15443.166666666666,0.8744593719198915,6,83807,0.26656,0.24719543292957594,764.418098488033,0.0801919790946179,1,50.400000000000006
2022-05-12,44,46056,611,Employed,Associate,25,19995,72,Divorced,2,Rent,295,0.21751605286316678,5,1,0.26818653773800377,1,Education,0,22,16,1501,871,142811,4220,3838.0,0.7606613450208499,5,138591,0.229495,0.22039361849574793,502.86419042047106,0.2078854065712535,0,58.0
2022-05-13,20,35782,567,Employed,Bachelor,0,20198,96,Single,3,Own,326,0.3087682475545569,3,0,0.13092677593341628,0,Home,0,21,15,1635,328,49069,10154,2981.8333333333335,0.8872311381764986,6,38915,0.271698,0.279075166585296,527.8021266155797,0.2863346240955496,0,51.0
2022-05-14,47,45121,507,Employed,High School,25,38506,36,Married,2,Rent,1229,0.5454956347321931,5,1,0.0981355489478535,0,Other,0,27,4,4285,2706,14507,241376,3760.0833333333335,0.7255941319078171,8,10265,0.27000599999999997,0.307090710215573,1649.6309222923244,0.7655763628356618,0,55.0
2022-05-15,43,22478,617,Employed,Associate,19,42839,60,Single,5,Mortgage,419,0.5307402068636319,6,2,0.32228023653666543,0,Debt Consolidation,0,29,2,862,486,124062,36291,1873.1666666666667,0.9491445534958565,4,87771,0.23933900000000002,0.20158159796343472,1138.7447154175372,0.8316103116385108,0,56.0
2022-05-16,61,61062,580,Employed,Bachelor,42,12186,36,Married,1,Mortgage,572,0.44459903494237085,4,0,0.23359164965921117,0,Other,1,26,25,2424,1353,73747,33734,5088.5,0.7754306486834325,4,40013,0.207186,0.22958212094669717,471.45129709279706,0.2050606852889451,0,59.0
2022-05-17,60,97022,592,Unemployed,Associate,40,43921,36,Married,0,Mortgage,495,0.15916163915629375,0,1,0.13348848611713293,0,Debt Consolidation,0,24,8,956,850,35698,29723,8085.166666666667,0.8444546584126972,3,5975,0.23292100000000002,0.22061004542790646,1678.7493362524528,0.26885646590494355,0,52.0
2022-05-18,32,15000,530,Employed,High School,8,32657,60,Married,0,Own,281,0.21395766647557912,4,0,0.4738411038237854,0,Education,0,25,12,1306,2643,115631,15123,1250.0,0.6276773982825092,6,100508,0.272657,0.29161751677908565,1039.8124737191035,1.0566499789752828,0,54.0
2022-05-19,35,38220,592,Employed,Bachelor,15,28125,36,Married,0,Rent,202,0.4003186128432448,1,2,0.35634568215020523,0,Other,1,25,26,3435,1061,7719,8240,3185.0,0.8930354922818994,3,3851,0.217125,0.2195434891903707,1073.4423899957199,0.400452869700383,0,62.0
2022-05-20,18,37871,548,Employed,Associate,0,30105,48,Single,1,Rent,231,0.46212135994991277,3,1,0.04588974734788398,0,Home,0,24,6,2824,255,127289,4992,3155.9166666666665,0.7426038570422832,4,122297,0.25110499999999997,0.2544142101446467,1005.6214907963989,0.39184225105111536,0,50.0
2022-05-21,51,74041,641,Employed,Associate,32,19885,60,Married,3,Mortgage,563,0.11776195393383826,5,1,0.40783971208066666,0,Home,0,29,26,919,651,176509,31072,6170.083333333333,0.8596269788354269,4,145437,0.20438499999999998,0.18268858536715182,507.86115878730845,0.17355700092445672,1,38.400000000000006
2022-05-22,33,15000,465,Employed,Associate,11,28463,72,Married,1,Mortgage,125,0.3764360642859379,4,1,0.2588248384979928,0,Education,0,22,13,3303,361,34660,64765,1250.0,0.4595569386579707,9,7429,0.310963,0.30328540645827856,862.3231375522557,0.7898585100418046,0,54.0
2022-05-23,22,36386,595,Employed,Bachelor,0,21122,60,Married,0,Mortgage,1030,0.16323904947902962,5,0,0.5811148584900513,0,Auto,0,23,12,37190,1915,77217,16392,3032.1666666666665,0.6368359180517985,2,60825,0.228622,0.22391389952197516,588.0766745819741,0.5336371157858433,0,56.0
2022-05-24,46,78588,621,Employed,Associate,25,13470,36,Single,3,Rent,268,0.45125225313641026,0,1,0.5303466125282245,0,Home,0,21,22,420,1500,86030,13338,6549.0,0.9148076247174312,6,72692,0.18797000000000003,0.1862176420329467,491.18445373894855,0.11592372174972494,1,43.2
2022-05-25,25,95844,509,Employed,Bachelor,2,23501,48,Married,3,Rent,578,0.23418813678987682,4,0,0.3011285835420371,0,Home,0,28,17,339,1948,32012,15448,7987.0,0.8362240267545064,4,16564,0.264001,0.27384660588143145,810.806809704705,0.17388341175719355,0,53.0
2022-05-26,59,22046,537,Employed,High School,33,59374,12,Single,1,Rent,209,0.3878644354042643,3,3,0.2899137087903373,0,Auto,0,16,6,1305,1502,48254,12715,1837.1666666666667,0.7709263306151217,6,35539,0.255874,0.2568344671456191,5662.864765688271,3.1961524624992856,0,56.0
2022-05-27,29,28854,523,Employed,High School,6,17129,36,Single,3,Rent,424,0.2619899166334389,5,0,0.21019741005487969,0,Other,0,31,11,716,4539,101510,3054,2404.5,0.8235189458098429,5,98456,0.240629,0.2045770658473436,640.5767670849878,0.44274350887294145,0,52.0
2022-05-28,18,15000,602,Employed,High School,0,40313,84,Divorced,1,Own,431,0.3422959611509207,5,2,0.18925818601674924,0,Auto,0,19,20,6602,3106,47197,9853,1250.0,0.6440169191215501,1,37344,0.264313,0.23231923492143478,975.2655647086982,1.1250124517669584,0,49.0
2022-05-29,29,40066,604,Employed,Associate,10,11693,60,Married,1,Rent,1052,0.14435365697461663,1,0,0.09715420362794122,0,Debt Consolidation,0,19,10,1109,1241,241142,68088,3338.8333333333335,0.9077948787998366,6,173054,0.21469300000000002,0.22165269452349312,324.0476510359194,0.41213427375907336,0,43.0
2022-05-30,45,15000,601,Employed,Associate,20,18834,72,Single,2,Mortgage,1516,0.5649106338245039,4,0,0.4953235098289533,0,Home,0,20,15,3492,1897,258165,45909,1250.0,0.8662018399478205,7,212256,0.23333399999999999,0.23611550630040032,491.40773130544085,1.6059261850443527,0,52.0
2022-05-31,43,63042,571,Employed,Bachelor,19,23163,24,Married,4,Mortgage,401,0.5138702865298369,6,0,0.08467379570102723,0,Education,1,22,3,5019,2725,117635,21193,5253.5,0.8470655652319664,8,96442,0.212663,0.17013040000000001,1145.376300226073,0.2943516322882027,1,46.400000000000006
2022-06-01,45,29843,540,Employed,High School,20,18592,60,Married,3,Mortgage,273,0.282652281399131,0,1,0.44560285081144085,0,Auto,0,27,10,1165,1845,277781,9231,2486.9166666666665,0.742982795987242,6,268550,0.253592,0.26224442990169716,559.126262432601,0.33460158660963085,0,52.0
2022-06-02,28,15000,579,Self-Employed,High School,6,34329,96,Divorced,0,Rent,1230,0.41766135684379024,4,1,0.2561679376856198,0,Debt Consolidation,0,21,6,4173,237,22484,4314,1250.0,0.8523076780870508,9,18170,0.279829,0.2682358445924678,871.7586287937553,1.681406903035004,0,60.0
2022-06-03,32,24796,576,Employed,High School,8,53425,48,Married,3,Rent,376,0.22366302815493974,2,1,0.17838349201957407,0,Debt Consolidation,0,22,4,26959,5806,35501,15409,2066.3333333333335,0.830706446278053,5,20092,0.260425,0.2518838864270868,1777.0376986890806,1.0419604929935862,0,55.0
2022-06-04,44,128707,614,Employed,Bachelor,21,35436,36,Widowed,1,Own,499,0.3096988280156815,0,2,0.058197981426138974,0,Education,0,34,4,2416,1304,42328,5726,10725.583333333334,0.8756613395613616,10,36602,0.213436,0.1707488,1264.7110259123565,0.16443963662386876,1,38.400000000000006
2022-06-05,33,74500,550,Employed,High School,6,20780,48,Married,3,Rent,340,0.585871388422703,1,0,0.2250878380431521,0,Auto,0,28,11,4126,1301,114432,54946,6208.333333333333,0.9270348363588047,8,59486,0.24078,0.23585459792626187,672.7127488524989,0.1631215165936911,0,51.0
2022-06-06,44,89975,553,Employed,High School,26,27481,48,Married,3,Mortgage,406,0.16598776081164676,2,0,0.21718333849200552,0,Education,0,22,9,38607,499,188889,20926,7497.916666666667,0.8990706226321586,4,167963,0.245981,0.2267436691368263,875.9108605168713,0.1709689394409831,1,37.6
2022-06-07,51,18448,623,Employed,High School,30,42736,60,Single,0,Mortgage,567,0.3348948371415559,4,0,0.24300076606199358,0,Home,0,33,3,3160,1176,6333,54474,1537.3333333333333,0.9266663901471488,7,9753,0.236236,0.2642066222733523,1290.2003534736052,1.2080661449307928,0,54.0
2022-06-08,18,37326,571,Employed,High School,0,30336,60,Single,0,Mortgage,822,0.320244673766636,5,1,0.34851950265256504,0,Home,0,28,14,6633,2096,50613,21859,3110.5,0.8622152206062679,4,28754,0.249836,0.251577338692129,893.2092119751795,0.5514255624417874,0,55.0
2022-06-09,50,42598,544,Unemployed,Doctorate,26,70476,60,Married,1,Rent,214,0.251559421017141,3,2,0.17100842540882535,0,Other,0,33,8,2853,1520,46356,62061,3549.8333333333335,0.8757593198720265,5,1194,0.30347599999999997,0.30535642061315094,2303.379727436871,0.7091543436133726,0,55.0
2022-06-10,29,35290,576,Employed,High School,6,20823,60,Married,2,Rent,338,0.5170217886406834,3,2,0.11375797372070692,0,Home,0,24,10,633,511,39251,11535,2940.8333333333335,0.7618677557913466,5,27716,0.237823,0.25904126885879514,622.2690600852853,0.32652957554614404,0,52.0
2022-06-11,61,65607,627,Employed,Bachelor,42,24624,48,Married,2,Mortgage,436,0.36183332126531714,6,0,0.3060951373668947,0,Debt Consolidation,0,31,29,3673,649,22361,2902,5467.25,0.8252480196484234,4,19459,0.20612400000000003,0.2429575360765973,806.8190011495043,0.22732068245452547,0,51.0
2022-06-12,32,46906,618,Employed,Master,10,74986,24,Married,2,Mortgage,275,0.07973617421128514,3,1,0.18903520756134326,0,Education,0,29,1,676,1985,168621,13451,3908.8333333333335,0.842002838185657,5,155170,0.240986,0.2546144764852195,4019.4988906849153,1.0986651321412824,0,47.0
2022-06-13,36,19084,591,Employed,Associate,12,14811,60,Married,0,Own,312,0.19653769790916276,3,1,0.018339532375183643,0,Education,1,27,7,1370,3401,74413,32257,1590.3333333333333,0.8577470627706675,5,42156,0.22431099999999998,0.23065419211504662,418.0859398826642,0.4590773044745321,0,58.0
2022-06-14,36,76213,531,Employed,High School,18,12157,36,Married,1,Rent,348,0.4667139601533803,2,0,0.4319827931945119,0,Education,0,12,9,1804,3424,218254,145394,6351.083333333333,0.9489052624643176,4,72860,0.231657,0.19202831980843285,446.87493532795185,0.12515580312985214,1,44.800000000000004
2022-06-15,20,27144,524,Employed,High School,0,23066,36,Married,2,Own,470,0.18512566813272457,3,2,0.5406726940500127,0,Education,0,28,17,2199,889,76626,29781,2262.0,0.46350214851900295,5,46845,0.246066,0.24905274615477901,915.9449545633847,0.6127077606381011,0,59.0
2022-06-16,29,38035,569,Employed,Associate,7,9815,48,Divorced,0,Own,803,0.19737938081046938,5,0,0.27096092943300093,0,Home,0,17,19,5307,1213,101486,14869,3169.5833333333335,0.8717970007119372,6,86617,0.220315,0.19383780229188466,295.46105635461214,0.34656323586841975,0,50.0
2022-06-17,32,95261,543,Employed,Master,7,13083,60,Married,1,Rent,217,0.6715194822503152,7,3,0.7600090736961972,0,Other,0,24,22,2245,576,1142601,26934,7938.416666666667,0.8988244001442782,5,1115667,0.246583,0.2674537723627832,397.50504378229635,0.0774090186475846,1,40.800000000000004
2022-06-18,49,99239,655,Employed,Bachelor,24,13639,36,Married,1,Mortgage,304,0.22021101579544627,4,0,0.32495223737870044,1,Debt Consolidation,0,23,10,6665,56,139479,74974,8269.916666666666,0.7798290856361084,4,64505,0.171139,0.17783518959892852,491.6026259045562,0.0962044308271413,1,45.6
2022-06-19,32,95083,576,Employed,Bachelor,8,46987,48,Married,0,Rent,150,0.04324462480407975,2,1,0.41602414323566617,0,Debt Consolidation,0,24,23,4313,459,24523,136550,7923.583333333333,0.8631220278989754,2,10716,0.253987,0.21777969647411574,1474.7181128036493,0.20504840353842213,1,43.2
2022-06-20,49,49144,602,Self-Employed,Bachelor,25,28093,60,Single,3,Mortgage,345,0.14831656718980155,3,0,0.41972617496396575,0,Home,0,30,28,3152,2192,50796,411288,4095.3333333333335,0.7945125386505739,6,5494,0.232093,0.22094804995644837,777.4131515947436,0.2740712562904306,0,56.0
2022-06-21,48,15184,551,Employed,High School,27,20761,36,Single,0,Rent,352,0.24201717843192125,0,2,0.471483011140428,0,Education,0,31,1,4617,1109,60449,4341,1265.3333333333333,0.7941300539422318,7,56108,0.230261,0.24967407156956234,825.095910651688,0.9302654720640317,0,60.0
2022-06-22,40,65863,617,Employed,Associate,16,21053,48,Married,1,Rent,836,0.06474913968975567,0,4,0.11228303318762364,0,Auto,0,18,2,2715,1976,213972,12682,5488.583333333333,0.7460318366526941,4,201290,0.20755300000000002,0.21011258309620068,652.0482680601702,0.27111700373080555,0,46.0
2022-06-23,24,50411,439,Employed,High School,3,42161,36,Married,1,Mortgage,422,0.040174582651600094,4,0,0.13553225962813492,0,Debt Consolidation,1,21,27,1370,5347,231243,22189,4200.916666666667,0.608028287630424,5,209054,0.30766099999999996,0.30188716488921213,1794.1616282306127,0.5275423923105542,0,51.0
2022-06-24,46,19605,556,Employed,High School,23,17462,36,Married,2,Mortgage,461,0.15675643953562438,1,0,0.14733441755543128,0,Home,0,23,9,1539,329,249459,12682,1633.75,0.8268815464879006,7,236777,0.224462,0.21385824221853683,661.3462611309948,0.6869755232630419,0,48.0
2022-06-25,48,19927,505,Employed,Bachelor,27,14634,108,Married,1,Rent,876,0.3868412491672531,10,2,0.13886900935621155,0,Education,0,16,6,5305,1529,41446,27622,1660.5833333333333,0.901965746443955,9,13824,0.307134,0.2466876568728227,338.4209395361447,0.7313218886151321,0,54.0
2022-06-26,20,40927,564,Employed,Bachelor,2,34288,12,Married,1,Rent,489,0.36303157045273293,3,0,0.6692023953998336,0,Auto,1,19,12,5406,383,39229,8123,3410.5833333333335,0.8277866508648084,2,31106,0.21728799999999998,0.1738304,3133.464746276363,1.0621246843237069,0,65.0
2022-06-27,53,102923,549,Employed,Doctorate,31,19519,12,Single,0,Rent,853,0.08829342659698397,6,1,0.5392588516669137,0,Home,0,25,27,1824,410,76609,4649,8576.916666666666,0.9387053179237055,6,71960,0.210019,0.21206685891813642,1819.424519569489,0.3115833607146495,1,43.2
2022-06-28,51,23176,553,Employed,Associate,30,19328,84,Married,1,Mortgage,373,0.44321146362517694,2,1,0.3696357345199287,0,Auto,1,27,9,4481,2562,42026,112804,1931.3333333333333,0.8024587398720426,1,9073,0.267828,0.3145462763258678,571.6763109948494,0.48913167638670146,0,64.0
2022-06-29,61,94917,615,Employed,High School,38,74892,24,Divorced,4,Own,770,0.0915928446443163,2,0,0.31185353421195067,0,Debt Consolidation,0,33,20,1360,212,73649,60527,7909.75,0.9887916344325887,5,13122,0.24239199999999997,0.22887242504820332,3918.150362381147,0.5927052514151707,0,49.0
2022-06-30,43,75795,620,Employed,Bachelor,24,21908,48,Married,0,Mortgage,704,0.14639435797799955,4,1,0.2357446181714335,0,Education,0,16,20,5861,3180,38195,3671,6316.25,0.7949948066080479,7,34524,0.20690800000000004,0.2294244302702349,701.4929580288907,0.2225201595929374,0,48.0
2022-07-01,29,19391,536,Employed,High School,6,10336,60,Divorced,2,Own,255,0.24124266231433353,4,0,0.36902904024159205,0,Debt Consolidation,0,21,18,3129,407,133397,5360,1615.9166666666667,0.9056953172562027,9,128037,0.247336,0.22636262099026447,289.2207402428941,0.33678762740006857,0,52.0
2022-07-02,40,73089,582,Employed,High School,21,9822,36,Single,3,Rent,376,0.27557092418977497,2,1,0.5090647202200087,0,Debt Consolidation,1,25,29,2530,1834,45153,46858,6090.75,0.8381252435091804,7,9121,0.203822,0.20962488191512993,369.8553667089582,0.1224570646815184,1,51.2
2022-07-03,22,23360,505,Employed,Doctorate,1,21022,36,Married,0,Own,142,0.2854748019536609,2,1,0.19844783238790137,0,Auto,0,26,5,3099,564,131607,14160,1946.6666666666667,0.8917113813940676,8,117447,0.253522,0.24761168193476432,833.1779549822859,0.5009475796141879,0,50.0
2022-07-04,28,128789,492,Employed,Doctorate,5,39654,36,Married,0,Own,184,0.4994902776264084,2,0,0.622148211519933,0,Home,0,23,18,1381,557,17434,4415,10732.416666666666,0.865125081385182,8,13019,0.27865399999999996,0.24802613075513774,1572.4993910771566,0.16366298902022594,1,45.6
2022-07-05,57,21119,630,Self-Employed,Bachelor,32,27687,120,Single,2,Rent,1290,0.30737943574659177,5,1,0.11302545742501097,0,Education,0,19,8,5472,283,136824,37510,1759.9166666666667,0.4653126409184669,4,99314,0.267687,0.21659323931277805,565.8733678971385,1.0545234345738748,0,51.0
2022-07-06,47,43339,598,Employed,Associate,23,16662,60,Married,0,Rent,909,0.13819902025243805,1,0,0.20226604683088587,0,Other,0,15,10,1833,513,79742,36596,3611.5833333333335,0.7410755764638385,9,43146,0.22266200000000003,0.23125646473012856,470.9132191512258,0.3820798502460765,0,52.0
2022-07-07,46,75940,629,Employed,Master,21,26962,84,Single,4,Mortgage,372,0.036711655574023165,2,3,0.3356984069041321,0,Other,1,19,22,17838,1138,33047,42736,6328.333333333333,0.6545177152558094,5,8235,0.237462,0.23284605537861286,653.164110940181,0.1619959090239949,0,56.0
2022-07-08,46,107690,680,Employed,Doctorate,27,27773,36,Divorced,1,Mortgage,186,0.41584914786422866,5,1,0.2513485675502455,0,Home,1,24,1,5440,938,30491,54400,8974.166666666666,0.8344771960751314,4,7636,0.172773,0.18442308126731255,1010.2335931521408,0.13329745675388327,1,44.800000000000004
2022-07-09,40,71580,494,Employed,High School,15,16600,48,Single,0,Rent,185,0.21462190269683915,2,2,0.5962606603896018,0,Home,0,24,3,1454,619,97938,27862,5965.0,0.7827626461097801,4,70076,0.2646,0.2722484306432283,571.2065170405393,0.12677393412247095,0,59.0
2022-07-10,68,72343,695,Employed,Doctorate,44,39513,96,Married,0,Mortgage,460,0.028429967921286478,0,0,0.32303755899786113,0,Auto,0,15,7,2461,2288,174731,58476,6028.583333333333,0.7881674250086825,9,116255,0.22701300000000002,0.19826678070638695,823.6580831028817,0.21292864544233142,0,44.0
2022-07-11,25,34887,541,Unemployed,Bachelor,0,25564,12,Single,3,Rent,272,0.26039188696975163,2,0,0.278308868069765,0,Auto,0,19,22,3269,1914,166447,61015,2907.25,0.8212498052903873,12,105432,0.220064,0.21705889384930827,2389.0296694398,0.9153081673195631,0,52.0
2022-07-12,28,125505,590,Employed,Master,4,54353,36,Married,2,Rent,621,0.174658844746133,1,1,0.1611010635892899,0,Debt Consolidation,0,22,17,3787,2945,29896,18826,10458.75,0.9599790517657315,2,11070,0.24435300000000001,0.25214985771247844,2167.250730022096,0.26659502617636865,0,47.0
2022-07-13,33,23142,600,Unemployed,High School,11,57022,108,Married,1,Mortgage,418,0.275568396346612,3,1,0.5223328037581034,0,Education,0,20,26,2917,2047,86340,12058,1928.5,0.7705453559470125,5,74282,0.302022,0.32950484690048276,1654.4902145191504,1.0746643580602284,0,58.0
2022-07-14,51,39351,648,Self-Employed,Master,25,23729,36,Single,2,Mortgage,254,0.09888277622119825,4,1,0.35151850209035335,0,Home,0,27,16,7477,606,61876,16810,3279.25,0.9369963177082745,9,45066,0.184729,0.21785713742084495,903.5928586755965,0.35300536972649127,0,54.0
2022-07-15,68,61127,635,Employed,Associate,50,20828,48,Married,0,Mortgage,607,0.2866985670079658,4,1,0.5310318189100467,0,Auto,1,18,27,911,6386,140619,134169,5093.916666666667,0.8204156798426981,4,6450,0.19832800000000003,0.19593755999382634,629.3042324685729,0.24270209219531264,0,61.0
2022-07-16,49,74598,610,Employed,High School,29,20490,36,Divorced,2,Rent,726,0.23809038154764453,5,0,0.21621542701913896,0,Other,0,24,2,1709,4762,239132,43804,6216.5,0.7348390772487101,12,195328,0.20049,0.19484380036464335,756.109333714548,0.23841539993799535,0,49.0
2022-07-17,49,24757,632,Employed,Associate,25,14622,60,Single,3,Rent,1133,0.4784085176968432,4,1,0.0931756582850002,0,Debt Consolidation,0,22,14,1094,785,72220,38511,2063.0833333333335,0.912523576438812,10,33709,0.20362200000000003,0.20655931845791303,392.74944674612016,0.7395481423820915,0,50.0
2022-07-18,38,85902,542,Employed,Bachelor,16,24259,36,Single,0,Own,321,0.1302147332221339,6,1,0.1467265590796447,0,Other,0,20,13,5585,1014,17564,51900,7158.5,0.9385543289220343,8,10561,0.238259,0.26888509632879903,988.9284555842393,0.18298923735199263,0,48.0
2022-07-19,29,34265,589,Employed,Associate,7,19140,36,Single,0,Mortgage,95,0.6083490888781711,3,0,0.5080855300454212,0,Debt Consolidation,1,21,14,619,1433,55775,126505,2855.4166666666665,0.6562834179620667,5,8333,0.20964,0.18815128197584546,699.808484469124,0.27835114004463707,0,67.0
2022-07-20,46,28505,599,Self-Employed,Associate,24,18762,60,Single,0,Mortgage,380,0.31904388580330195,6,1,0.2031087564766479,1,Auto,0,30,23,2740,1998,60246,35122,2375.4166666666665,0.5346391757135599,7,25124,0.22426200000000002,0.20324847757697498,500.47555801501414,0.37066152240589967,0,69.0
2022-07-21,38,109961,451,Employed,Bachelor,18,25664,36,Married,3,Rent,372,0.39458947132119243,5,0,0.36434792766698015,0,Other,1,22,21,11750,2044,70974,84931,9163.416666666666,0.6393048586614322,2,8792,0.285164,0.27082808410593784,1048.8787929843263,0.15505993502980073,1,47.2
2022-07-22,48,114876,490,Employed,Master,26,20367,24,Divorced,1,Mortgage,455,0.4693488231841599,3,0,0.08874228417712655,0,Other,0,38,4,849,1748,82875,3455,9573.0,0.8922948797212631,3,79420,0.250367,0.2763252950345439,1114.1038505578817,0.1639093127084385,1,40.800000000000004
2022-07-23,56,81722,632,Employed,High School,33,45756,48,Married,1,Rent,442,0.1573850869740194,1,1,0.5568771282072555,0,Debt Consolidation,0,24,15,8498,4030,15948,201989,6810.166666666667,0.703505962710061,6,6085,0.224756,0.23454199585243038,1477.956916967949,0.2819250997725874,0,53.0
2022-07-24,37,118629,566,Employed,Bachelor,14,28663,120,Divorced,0,Rent,509,0.03861918238816042,6,2,0.04043617135229051,0,Debt Consolidation,0,19,8,2011,3362,5373,7572,9885.75,0.615799202064895,7,2304,0.300663,0.2977770459084681,750.9059847468776,0.12744667675663227,0,49.0
2022-07-25,29,63808,493,Employed,High School,6,18654,60,Divorced,2,Rent,288,0.6493574657655214,2,0,0.028757640370573538,0,Other,0,34,6,1967,888,18828,39691,5317.333333333333,0.9167061172140598,6,1605,0.277154,0.24767978076113406,544.9850636186153,0.15665466341874662,0,54.0
2022-07-26,63,68254,642,Employed,High School,40,18361,12,Divorced,2,Rent,322,0.5818101230357969,3,4,0.1661459009775359,0,Auto,0,24,15,2473,305,17713,28710,5687.833333333333,0.8147029342316102,3,4467,0.162361,0.14935612396066333,1656.6750693019417,0.347878524798888,0,48.0
2022-07-27,51,40411,634,Employed,High School,26,17364,72,Single,0,Other,364,0.07269964032278999,1,1,0.39243394810189064,0,Auto,1,17,25,497,1659,110026,61507,3367.5833333333335,0.6113507312531898,7,48519,0.215364,0.22584205536480842,442.33162334021273,0.2394392487214509,0,57.0
2022-07-28,44,20687,589,Employed,Master,18,34622,36,Single,1,Mortgage,407,0.18609593239991146,3,1,0.20485876103748385,0,Debt Consolidation,0,21,17,1746,542,28662,16028,1723.9166666666667,0.8002345653326298,5,12634,0.22512200000000002,0.2701464,1413.7225386924354,1.0561546122835221,0,53.0
2022-07-29,42,52249,617,Employed,High School,19,45302,36,Divorced,0,Mortgage,506,0.18257546579286293,2,1,0.14106291743823243,0,Auto,0,29,23,5970,547,149501,22771,4354.083333333333,0.8624991452820127,6,126730,0.22180200000000003,0.23880559391421113,1774.4869076336324,0.5237582133936266,0,42.0
2022-07-30,33,46091,521,Employed,Bachelor,8,42087,36,Married,1,Other,569,0.20454013070173607,3,0,0.2030682470267924,0,Auto,0,27,27,9195,990,10185,33513,3840.9166666666665,0.8707623194813264,5,1136,0.266587,0.27313064041711593,1725.2873320713816,0.5973280680578981,0,53.0
2022-07-31,46,73802,612,Self-Employed,Bachelor,26,14400,36,Married,4,Own,377,0.12741569031562092,3,1,0.35274617231104016,0,Debt Consolidation,1,25,9,2611,1081,103319,26722,6150.166666666667,0.7911276728857028,3,76597,0.1934,0.18778266932700813,526.2337344082164,0.1468632938524511,1,46.400000000000006
2022-08-01,23,42059,564,Employed,Bachelor,0,47092,72,Married,1,Mortgage,209,0.242305560668761,5,0,0.10434987485579898,0,Other,0,27,8,3944,981,171896,2423,3504.9166666666665,0.7519508212023622,2,169473,0.280092,0.31999017237124144,1477.9594352900317,0.4813122809263269,0,48.0
2022-08-02,32,82184,638,Employed,Master,10,42622,36,Married,2,Rent,418,0.19906111870470566,5,0,0.05509617107218922,0,Auto,0,21,7,1779,1121,57716,38574,6848.666666666667,0.6210865666135421,2,19142,0.208622,0.2230526128724683,1634.4921077969561,0.2996922186017165,0,46.0
2022-08-03,31,127713,537,Employed,Master,12,36956,36,Divorced,4,Rent,409,0.25313746861276937,1,1,0.5435706005629275,0,Debt Consolidation,0,31,8,1879,1032,41125,5000,10642.75,0.888531964969472,5,36125,0.253456,0.2888872415824201,1546.4313986845252,0.18373365894007895,1,45.6
2022-08-04,44,64664,573,Employed,Associate,24,20455,72,Married,3,Other,531,0.318142524017333,5,0,0.1478449878172037,0,Education,0,18,24,5414,313,40766,62135,5388.666666666667,0.8525597704146748,5,7081,0.248955,0.23661587146784205,534.3209337181771,0.19769657312597616,0,50.0
2022-08-05,35,28030,566,Employed,High School,10,20087,48,Married,0,Rent,961,0.10192790280166181,4,0,0.43033716579247183,0,Education,0,26,2,19508,230,241962,4761,2335.8333333333335,0.9050231536563974,4,237201,0.232087,0.24676001134521247,662.4025081890107,0.6949992899845926,0,57.0
2022-08-06,53,23043,561,Employed,Master,29,15438,24,Married,1,Other,204,0.09259035551493287,3,0,0.4195575291910821,0,Education,0,20,14,1713,2592,51508,35321,1920.25,0.8289336028995872,3,16187,0.20993799999999999,0.22093928554517214,801.6112176374246,0.5236876540228744,0,57.0
2022-08-07,28,16745,533,Employed,Bachelor,6,23245,24,Married,1,Mortgage,586,0.2801048123947983,2,3,0.26236207213630847,0,Auto,0,24,23,2889,584,258433,28477,1395.4166666666667,0.7925773398358823,5,229956,0.23174499999999998,0.2287517153752199,1215.9773931675445,1.2913543575999125,0,50.0
2022-08-08,42,15448,592,Unemployed,High School,20,32904,108,Divorced,1,Mortgage,674,0.39586284539595884,2,1,0.36372327550355155,0,Debt Consolidation,0,22,5,1123,960,9094,31937,1287.3333333333333,0.8376435624508528,4,4066,0.28190400000000004,0.27141572797451774,817.2159168037305,1.1583759063726546,0,61.0
2022-08-09,28,31021,571,Employed,High School,7,21112,48,Divorced,2,Mortgage,352,0.3005842438137176,0,0,0.15274997414668784,1,Home,0,21,2,3679,1153,129784,160962,2585.0833333333335,0.9327101571976826,7,4055,0.230612,0.2767344,731.858917666692,0.4192742662067729,0,67.0
2022-08-10,18,100495,490,Employed,Associate,0,24375,60,Married,3,Rent,482,0.2515029526642526,5,3,0.2088889475828252,0,Auto,0,28,10,7198,2753,10086,74679,8374.583333333334,0.9476162459225331,5,7089,0.284375,0.298331043297846,786.1170913305496,0.15142449968621916,0,51.0
2022-08-11,30,15000,483,Employed,Associate,6,8439,60,Married,2,Mortgage,543,0.6241177478099798,3,0,0.3496022525081799,0,Education,0,31,5,1613,315,112310,5777,1250.0,0.9036488317284841,4,106533,0.271939,0.3263268,286.83261560541206,0.6638660924843296,0,56.0
2022-08-12,42,48688,551,Employed,High School,19,15728,72,Married,2,Mortgage,690,0.6704228633841128,1,2,0.4310534882747969,0,Other,0,26,10,1443,338,8855,10582,4057.3333333333335,0.8217126757569536,6,8242,0.255228,0.3062736,479.54300594947597,0.28825410925471806,0,59.0
2022-08-13,31,36977,526,Self-Employed,Bachelor,9,18132,96,Single,2,Mortgage,598,0.3323064418192282,2,0,0.6048310397364028,0,Debt Consolidation,0,19,21,2429,1849,27081,13931,3081.4166666666665,0.6096547296808714,2,13150,0.290132,0.25437436745530684,443.5722811139084,0.33801734519747145,0,62.0
2022-08-14,37,56436,583,Employed,High School,12,18183,48,Divorced,1,Rent,477,0.19443006659263912,2,1,0.23803123022258055,0,Other,0,13,29,718,1931,263106,20493,4703.0,0.5764819478998852,6,242613,0.22168300000000002,0.2164289256092958,569.3556570504762,0.22248685031904658,1,37.6
2022-08-15,48,86079,608,Employed,High School,26,30398,48,Divorced,3,Mortgage,918,0.23087842004861264,2,3,0.08910469539242927,0,Debt Consolidation,0,18,21,1424,986,473253,10689,7173.25,0.520610419339491,5,462564,0.221398,0.24487276149828802,999.2370784138953,0.2672759318877629,1,32.0
2022-08-16,26,140887,547,Employed,Associate,3,26402,72,Married,1,Mortgage,386,0.21528033127774676,1,1,0.022207049351617436,0,Home,0,30,29,6459,1963,20517,28134,11740.583333333334,0.8658943757933528,7,10175,0.267902,0.26647482232029246,738.1168007301011,0.0957462477642452,1,38.400000000000006
2022-08-17,38,23427,508,Employed,High School,17,8041,36,Divorced,4,Rent,447,0.21657080946635485,3,0,0.5427726301759334,0,Home,0,13,22,1566,1276,89759,3848,1952.25,0.8536025360283954,6,85911,0.239041,0.2531021893271243,321.0295320200771,0.3934073668946483,0,58.0
2022-08-18,33,45375,591,Employed,Associate,9,26546,48,Single,0,Rent,334,0.2694613970268021,4,0,0.40304293005128855,0,Education,0,23,4,4237,1177,16930,63386,3781.25,0.8511831189143898,9,4840,0.226046,0.22240497321316705,839.8301593516716,0.3104344223078801,0,60.0
2022-08-19,20,96110,581,Employed,Bachelor,0,23322,60,Single,0,Mortgage,235,0.4081160627464036,3,0,0.40981310175061336,0,Debt Consolidation,0,20,14,623,1022,111492,31510,8009.166666666667,0.7937209017847993,5,79982,0.23782200000000003,0.27182459521976066,714.6904505863075,0.11857543863318791,0,54.0
2022-08-20,27,52589,612,Unemployed,Bachelor,2,38293,108,Married,2,Rent,552,0.5284363273963008,2,1,0.4282355126737588,0,Other,1,22,21,1700,291,22829,12610,4382.416666666667,0.8941666831637888,6,10219,0.277293,0.3327516,1120.237199715399,0.38157877876713353,0,63.0
2022-08-21,41,29270,606,Employed,High School,19,38823,36,Single,1,Rent,365,0.37714164616677825,0,2,0.3677367596504193,0,Education,0,24,26,7166,293,41710,89118,2439.1666666666665,0.8298466996708892,5,8404,0.220823,0.25731216801648116,1558.6494031890093,0.7886502507095358,0,53.0
2022-08-22,42,67079,602,Employed,Bachelor,22,7036,72,Divorced,3,Own,499,0.5680695536910264,3,0,0.39092753467230723,0,Auto,0,25,26,5203,1962,28613,3131,5589.916666666667,0.9609436412749663,4,25482,0.22103599999999998,0.20687427302434708,171.3474295298121,0.11992082700036888,1,41.6
2022-08-23,19,71207,571,Employed,Master,0,17084,60,Single,1,Own,370,0.1738371464882607,1,0,0.37755606655889823,0,Home,1,20,10,933,1906,150206,13363,5933.916666666667,0.9324712006550875,4,136843,0.23658400000000002,0.270144988222941,521.8135910533999,0.1502908856241774,0,55.0
2022-08-24,45,100603,606,Employed,High School,19,12608,36,Married,3,Own,432,0.39375669238392336,4,0,0.12033219477018697,0,Debt Consolidation,0,32,8,1645,1576,23927,9795,8383.583333333334,0.9337335026083445,5,14132,0.194608,0.20634054642487068,472.6416242558443,0.10790631980229348,1,37.6
2022-08-25,51,53069,604,Employed,Associate,29,30212,84,Married,3,Mortgage,317,0.505806499855317,1,1,0.08953028587134947,0,Debt Consolidation,0,25,29,6422,4129,16640,38693,4422.416666666667,0.7922226537127194,2,7518,0.253212,0.2503105414440076,765.315109544749,0.2447338618503644,0,48.0
2022-08-26,41,125917,515,Employed,Bachelor,18,20422,60,Single,4,Own,543,0.4799907653443121,0,0,0.2644991573512655,0,Auto,0,21,16,2084,2621,61013,13829,10493.083333333334,0.5583977907500575,7,47184,0.267922,0.2715795122063594,625.5218447349728,0.11136115168579042,1,40.800000000000004
2022-08-27,38,24190,545,Employed,Bachelor,17,41691,36,Single,0,Mortgage,414,0.3707131188106651,0,1,0.2157971212177879,0,Other,0,19,21,297,715,99580,6216,2015.8333333333333,0.8004817595955043,1,93364,0.254191,0.2638998311267976,1688.4293256214157,1.0429579126687472,0,52.0
2022-08-28,45,101790,601,Employed,High School,22,11979,60,Single,1,Own,900,0.14238293079469716,0,4,0.08956556767232197,0,Home,0,26,6,6212,970,28743,16294,8482.5,0.8457283587653995,5,12449,0.21647899999999998,0.21585955864230863,328.0331250611697,0.14477254642630943,1,37.6
2022-08-29,18,30476,539,Employed,High School,0,22045,24,Single,5,Mortgage,266,0.1495150334166429,4,1,0.3269373037561819,0,Debt Consolidation,0,27,9,6782,309,39523,78807,2539.6666666666665,0.6765233875785319,5,3996,0.227545,0.2342346024389935,1159.2094088468773,0.5611797121066586,0,55.0
2022-08-30,59,179916,672,Employed,Master,39,93318,36,Married,3,Rent,279,0.3739861803517959,3,1,0.4484898295793203,0,Auto,0,34,6,6869,562,109401,144668,14993.0,0.8259490420589424,0,1853,0.242318,0.2202518148189905,3565.072491709378,0.2563911486499952,0,50.0
2022-08-31,51,21079,587,Employed,Bachelor,26,41774,36,Widowed,2,Mortgage,833,0.04180494692562528,3,0,0.1632985755168471,0,Debt Consolidation,0,23,3,623,789,29973,14072,1756.5833333333333,0.4637279372508242,9,15901,0.233274,0.21780657956547342,1590.631702133267,1.3797419434318139,0,54.0
2022-09-01,30,96165,588,Employed,Bachelor,5,33565,60,Married,1,Rent,433,0.012509068870427048,3,1,0.47624208590720457,0,Education,0,22,29,866,1172,106655,18274,8013.75,0.8039128693192726,6,88381,0.24456499999999998,0.2674899944665784,1019.8888040102995,0.18129949199941345,0,52.0
2022-09-02,38,30443,568,Employed,Bachelor,15,14644,60,Married,2,Other,281,0.40440092038609826,5,5,0.11548891462920449,0,Home,0,26,23,4823,867,54333,5014,2536.9166666666665,0.8507407158021861,3,49319,0.23564399999999996,0.272781987009355,449.5974738272463,0.28798639049787983,0,52.0
2022-09-03,37,56527,557,Employed,Bachelor,15,15109,72,Married,0,Mortgage,211,0.19579917468279212,3,1,0.3879667720987401,0,Auto,0,30,15,5639,1171,201205,26014,4710.583333333333,0.9394456228917472,4,175191,0.25160899999999997,0.22330300207663223,382.59853447705245,0.12601380603472023,1,39.2
2022-09-04,48,15000,599,Employed,Bachelor,28,26678,24,Single,2,Mortgage,669,0.20524824808501366,1,1,0.157986922731708,0,Debt Consolidation,0,19,5,1389,445,695586,37730,1250.0,0.8871573748378001,5,657856,0.202178,0.1710496135334924,1320.3665833433486,1.5914932666746788,0,46.0
2022-09-05,31,22174,577,Employed,Associate,10,7667,72,Widowed,3,Mortgage,504,0.09525718502058132,4,0,0.6797237746097154,0,Home,0,36,24,1317,1595,141778,8820,1847.8333333333333,0.8102186064690642,5,132958,0.23416700000000001,0.2338126570292535,198.97780903322686,0.3804335576981475,0,55.0
2022-09-06,57,52345,615,Employed,High School,32,37113,48,Single,1,Own,440,0.3592788174296382,3,1,0.227316775604917,0,Home,0,37,5,7468,1035,183153,14013,4362.083333333333,0.641070400458501,3,169140,0.224613,0.17969040000000003,1089.59403977389,0.35065676716566396,0,47.0
2022-09-07,34,25749,536,Employed,High School,12,14798,60,Married,0,Mortgage,372,0.4621402201104487,4,3,0.2047716912140538,0,Education,0,22,16,9831,288,203713,35955,2145.75,0.9019877357570868,11,167758,0.251798,0.2751881678728058,456.4616975427327,0.3860942316405605,0,51.0
2022-09-08,38,45414,591,Employed,High School,14,19704,36,Single,1,Mortgage,400,0.36199785669767803,1,0,0.34972362822705033,0,Home,0,22,26,2874,368,139366,46733,3784.5,0.5548281302266321,10,92633,0.209204,0.21018580153695945,742.5375114649302,0.3018991971105642,0,53.0
2022-09-09,62,141290,628,Employed,Doctorate,40,15771,24,Married,0,Rent,222,0.513609458594067,2,0,0.26871031326861167,0,Home,0,24,13,6454,1133,164873,16732,11774.166666666666,0.8141338222004155,4,148141,0.176771,0.1654751616688512,776.3293978358987,0.08478981367422171,1,35.2
2022-09-10,38,115522,604,Employed,Master,18,18710,72,Married,0,Rent,589,0.2999495502743395,2,0,0.25780684839585977,0,Education,0,19,23,4406,225,33030,36184,9626.833333333334,0.623521307478302,6,6492,0.23171,0.2443142417887339,497.4866093705025,0.11286022846250955,1,38.400000000000006
2022-09-11,35,75644,585,Employed,High School,14,24920,120,Single,0,Mortgage,566,0.3823141532915965,3,0,0.42196368351878283,0,Home,0,25,29,3305,3348,25723,8163,6303.666666666667,0.8411285077889596,3,17560,0.28742,0.2836485692497356,627.0414486592382,0.1892615063178951,0,56.0
2022-09-12,32,30167,494,Employed,Associate,13,32393,96,Single,1,Other,427,0.23379563733286432,2,0,0.24209581311649878,0,Other,0,26,16,1135,510,141175,158146,2513.9166666666665,0.9372229371465278,6,4514,0.320393,0.2975087781436566,887.6678618054278,0.522956022861575,0,53.0
2022-09-13,48,64104,552,Employed,High School,26,55159,48,Single,1,Mortgage,262,0.35145295179051217,3,0,0.049932406731266116,0,Home,0,24,5,17218,2424,173315,116261,5342.0,0.9640188834392115,5,57054,0.274159,0.24699804195909592,1819.6908044830304,0.38968378968233447,0,50.0
2022-09-14,32,37038,513,Self-Employed,High School,7,14303,36,Single,0,Rent,530,0.18521122731817807,3,1,0.3164353095100785,0,Home,1,24,16,6098,3707,98293,79158,3086.5,0.8929820861085398,8,19135,0.24280300000000002,0.2562061300915235,573.3900412157865,0.3574890786378702,0,63.0
2022-09-15,21,69313,578,Employed,Master,0,4897,36,Married,1,Rent,904,0.352789953877687,5,2,0.33940961268051517,0,Auto,0,28,28,11573,974,647871,22054,5776.083333333333,0.8671538714896944,3,625817,0.20089700000000002,0.20869819132375644,184.1676521130719,0.1883919585843473,1,36.800000000000004
2022-09-16,34,22736,540,Employed,Master,11,13181,60,Married,3,Rent,323,0.4876389217427428,2,0,0.48104195714125175,0,Education,1,28,10,3344,340,50844,30226,1894.6666666666667,0.6843398279034644,4,20618,0.24818099999999998,0.26090267237659226,395.3500185748557,0.3791432188115002,0,65.0
2022-09-17,59,50638,617,Self-Employed,High School,40,26062,84,Single,1,Other,234,0.5506801233695593,0,2,0.2244388891824518,0,Auto,0,19,16,677,11473,26210,29770,4219.833333333333,0.8323053461904832,4,9984,0.24256200000000003,0.26173564264938987,679.3524729787123,0.21644278359620342,0,53.0
2022-09-18,31,40724,501,Employed,Bachelor,5,14074,120,Married,1,Mortgage,1465,0.30870334201117483,4,2,0.19500978617139764,0,Home,0,25,3,2236,289,139423,57435,3393.6666666666665,0.5996577000049149,6,81988,0.318574,0.34282671925573266,416.2478144608305,0.5543407762874464,0,52.0
2022-09-19,49,37664,620,Employed,High School,24,23027,48,Divorced,0,Rent,584,0.0991197979102247,2,2,0.3948996841515526,0,Debt Consolidation,0,33,13,4404,1368,38839,35444,3138.6666666666665,0.9541891207769484,5,3395,0.20802700000000002,0.21459357889500472,718.7486439953809,0.41506435131543573,0,51.0
2022-09-20,27,59185,567,Employed,Bachelor,6,11037,48,Married,3,Mortgage,914,0.04834445768446526,2,1,0.32051235767230696,0,Home,0,18,16,19110,712,291719,60945,4932.083333333333,0.8699680874362181,5,230774,0.22253699999999998,0.1780296,323.07658507191354,0.25082232019705947,1,39.2
2022-09-21,48,64393,627,Unemployed,Associate,24,32040,24,Widowed,2,Mortgage,323,0.29324764084138844,1,1,0.025113341689374555,0,Home,0,17,21,10976,775,249534,35346,5366.083333333333,0.8551745950023056,2,214188,0.19354000000000002,0.1863422088333787,1609.4038527083012,0.3601143949264612,0,46.0
2022-09-22,58,60312,561,Employed,Associate,39,12578,72,Married,0,Mortgage,495,0.07716939886805124,2,1,0.22502451108952937,0,Auto,0,22,28,4075,736,200685,42013,5026.0,0.8389063267324698,4,158672,0.247078,0.2193265240791346,315.5338095546066,0.16126816744023212,1,37.6
2022-09-23,42,47785,584,Employed,Associate,19,43406,12,Married,2,Mortgage,176,0.07748606390245413,2,0,0.7115924612447893,0,Auto,0,23,12,6730,3142,68414,24167,3982.0833333333335,0.7472636226451345,4,44247,0.21640600000000002,0.25404251536018135,4134.008431782845,1.08235013459023,0,58.0
2022-09-24,32,32490,531,Self-Employed,High School,5,27284,72,Divorced,0,Rent,750,0.22937494692690166,4,0,0.12466622279222737,0,Debt Consolidation,0,28,5,3085,196,56562,79256,2707.5,0.8624042792565302,7,1117,0.27678400000000003,0.26612297169322635,762.1756406045847,0.5585136253387201,0,56.0
2022-09-25,48,56300,564,Employed,Bachelor,27,27711,24,Married,3,Mortgage,658,0.3973974345230124,3,1,0.32756492167911205,0,Debt Consolidation,0,33,1,3547,298,29475,24446,4691.666666666667,0.7034505176874992,6,5029,0.22071099999999996,0.20520000047090456,1417.4229686794374,0.4423636878179973,0,58.0
2022-09-26,39,60153,508,Employed,Doctorate,16,40920,60,Divorced,0,Mortgage,554,0.15518498463366856,3,0,0.267234658136228,0,Auto,0,32,1,2583,907,52520,53380,5012.75,0.8220670002865677,3,9229,0.29192,0.24209584989605004,1182.1683924742497,0.3463504847587152,0,55.0
2022-09-27,42,71951,582,Employed,Bachelor,21,8690,36,Single,1,Mortgage,245,0.24876947850728104,4,2,0.3001658312869988,0,Other,0,22,25,1611,1008,211638,6970,5995.916666666667,0.9185529718040134,5,204668,0.20269,0.22008404622913172,331.91282314038057,0.09621761862496098,1,40.0
2022-09-28,51,141804,548,Employed,High School,25,40112,36,Married,3,Own,284,0.3011587182471245,3,3,0.12676416673043345,0,Other,0,25,17,4963,17185,86662,47090,11817.0,0.8812371849020658,4,39572,0.251112,0.28630839240582656,1672.8768774491625,0.16559844947526128,0,48.0
2022-09-29,18,94612,588,Employed,High School,0,60536,84,Single,3,Own,400,0.2614142276306826,1,0,0.5472007758387331,0,Education,0,34,9,5873,7165,149046,31059,7884.333333333333,0.7546830323384517,8,117987,0.291536,0.31505515276603957,1792.6102304412266,0.27809709936683213,0,54.0
2022-09-30,35,23874,572,Employed,Associate,14,23678,72,Married,5,Mortgage,1053,0.1633548746015747,4,2,0.36804477923044365,0,Auto,0,20,10,6712,709,226506,6281,1989.5,0.7436681252926672,6,220225,0.252678,0.2221066333822053,597.900842908016,0.8298069077195355,0,51.0
2022-10-01,24,74674,548,Employed,Bachelor,4,15418,24,Widowed,3,Mortgage,336,0.4980852795777962,3,2,0.022792800703716806,0,Home,0,24,15,1538,4249,388972,40083,6222.833333333333,0.7741611687023681,4,348889,0.21641799999999997,0.20889286245449717,791.425785364934,0.18117563575513845,1,36.0
2022-10-02,41,69445,643,Self-Employed,Master,17,13528,108,Divorced,3,Mortgage,122,0.10928014370320474,2,2,0.6098741330743976,0,Auto,0,25,28,6200,227,141521,80861,5787.083333333333,0.9401815455588373,7,60660,0.23702800000000002,0.256215674064983,321.6893552342934,0.07666890723322803,0,55.0
2022-10-03,33,22221,512,Employed,Master,8,42675,36,Single,0,Own,334,0.1981510727933151,3,0,0.23377384695250297,0,Education,0,30,14,8565,627,18296,7280,1851.75,0.8359063932769227,7,11016,0.271675,0.32104800034509423,1861.167565355919,1.1854556853548905,0,53.0
2022-10-04,80,96188,681,Employed,Associate,58,17923,48,Single,0,Mortgage,337,0.4174583353629239,5,0,0.3420505109038959,0,Home,1,30,17,5759,901,94036,8842,8015.666666666667,0.8254379140843615,7,85194,0.17242300000000002,0.20690760000000002,552.0213653301362,0.11091047099390396,0,52.0
2022-10-05,45,40602,489,Employed,Associate,23,24322,36,Married,0,Mortgage,296,0.11621018207411847,5,2,0.37826788271738104,0,Home,0,24,10,54380,846,55226,56714,3383.5,0.894557767447132,7,7964,0.264822,0.29177046968818443,1021.5747741885183,0.38941178489390227,0,54.0
2022-10-06,40,55043,574,Employed,Bachelor,21,30356,48,Divorced,1,Mortgage,594,0.2989986789003815,4,0,0.4613520602695009,0,Home,0,20,12,4526,369,17876,45844,4586.916666666667,0.9719530527513626,5,7244,0.238356,0.28562494623534046,1067.7649451469595,0.36228365717281963,0,56.0
2022-10-07,22,38418,423,Self-Employed,Associate,0,23406,48,Widowed,0,Own,479,0.5078586340908583,5,1,0.16517820017504448,0,Education,0,21,20,1653,514,10490,8826,3201.5,0.704578237569991,7,1664,0.30690599999999996,0.290999941990137,830.5485830397416,0.40904219367163563,0,55.0
2022-10-08,56,34534,597,Employed,High School,35,9640,48,Single,0,Mortgage,278,0.3065087875378415,4,1,0.5779015495227179,0,Auto,0,12,5,19177,1162,88867,50210,2877.8333333333335,0.8307930377071149,3,38657,0.20614000000000002,0.244413429171667,316.63837955987213,0.2066271082040443,0,61.0
2022-10-09,39,57071,519,Employed,Master,17,16641,24,Divorced,0,Rent,181,0.07927522607649908,5,2,0.311487173935965,0,Auto,0,21,29,6325,548,300267,23532,4755.916666666667,0.7320492517732328,2,276735,0.232141,0.1857128,835.3876590759775,0.2137101489182199,1,37.6
2022-10-10,49,54232,660,Employed,High School,27,6280,36,Married,0,Own,837,0.42307859605953363,5,0,0.24654786869901937,0,Home,0,25,10,2800,1569,64186,18924,4519.333333333333,0.8342527231861984,4,45262,0.16128,0.1587862475542079,220.41003421442315,0.23397478261124574,1,37.6
2022-10-11,27,15000,558,Employed,Bachelor,4,15578,48,Married,0,Other,364,0.16662336913050316,0,2,0.33066444268292733,0,Education,0,24,2,6118,259,13229,55272,1250.0,0.8677919978572819,11,10603,0.231578,0.2319057384808667,500.9257698529529,0.6919406158823623,0,59.0
2022-10-12,40,15397,588,Employed,Associate,22,17011,72,Married,3,Other,400,0.12377761996218366,2,1,0.2720625628007484,1,Education,0,17,18,11370,622,214890,8111,1283.0833333333333,0.5000945606160352,5,206779,0.238011,0.224815256647339,432.29614021470434,0.6486688109746348,0,61.0
2022-10-13,19,22246,569,Employed,Bachelor,0,10306,96,Widowed,4,Mortgage,328,0.08278520769547121,4,0,0.04819193723167798,0,Other,1,27,15,2049,4714,111137,30968,1853.8333333333333,0.9096559422771121,2,80169,0.26080600000000004,0.26610194104740154,260.2271678132881,0.3173031562419967,0,55.0
2022-10-14,52,56574,655,Employed,High School,33,27363,48,Single,2,Mortgage,164,0.16405867899104296,4,2,0.339601399943497,0,Auto,0,25,25,1890,2761,153347,9619,4714.5,0.8225213260638095,8,143728,0.194863,0.2152674730621278,855.0859018895919,0.21615991131394463,0,43.0
2022-10-15,49,30598,628,Employed,Bachelor,24,15363,84,Single,2,Own,320,0.3596962943792843,0,1,0.028673345405692524,0,Home,1,30,10,11198,75,12534,12291,2549.8333333333335,0.9788380120722243,4,1330,0.226363,0.21712842981823618,357.17335376619826,0.26557553582568727,0,54.0
2022-10-16,41,126025,630,Self-Employed,Bachelor,22,72563,60,Single,0,Mortgage,296,0.2159214911771463,2,2,0.5421467016788184,0,Debt Consolidation,0,22,4,5634,657,34696,14519,10502.083333333334,0.9101992178810115,3,20177,0.262563,0.2631150725615608,2185.9721990921976,0.2363314135219708,0,59.0
2022-10-17,53,42761,603,Employed,High School,34,21471,96,Married,0,Mortgage,1745,0.06926879602852223,4,0,0.15963918353227974,0,Auto,0,24,28,820,2617,15628,32410,3563.4166666666665,0.8926650429095906,1,5784,0.254971,0.2454546308767022,512.5547022522331,0.6335365502917799,0,47.0
2022-10-18,18,19536,579,Employed,High School,0,27998,24,Married,0,Rent,740,0.34244931546326013,2,1,0.13016013182187677,0,Other,1,20,14,4483,1100,47845,30951,1628.0,0.8947750099549163,3,16894,0.213498,0.23585698491093307,1474.5018419485298,1.360259116676001,0,58.0
2022-10-19,39,25670,621,Employed,Master,16,25550,48,Divorced,0,Own,428,0.1494354268229779,4,1,0.3155998898904237,0,Home,0,31,3,2747,708,42524,26450,2139.1666666666665,0.9440401344486432,6,16074,0.21005000000000001,0.20190655635965885,780.0934964770876,0.5647495893153507,0,55.0
2022-10-20,24,74627,544,Employed,High School,2,12127,36,Married,1,Mortgage,200,0.15709675168048462,1,2,0.23917690585231272,0,Home,0,24,29,2165,2525,6962,57260,6218.916666666667,0.7647787128312591,5,3806,0.225127,0.21188614709881412,458.06078565285725,0.10581598386420848,1,40.800000000000004
2022-10-21,26,170414,604,Employed,Master,4,45429,48,Widowed,2,Mortgage,479,0.12426019817591391,5,1,0.4502307946991867,0,Home,0,16,23,1201,1845,12872,57161,14201.166666666666,0.8779073075570111,5,7075,0.238429,0.24937120899781745,1504.7024048569203,0.13968587591561166,1,40.0
2022-10-22,51,25103,523,Employed,High School,28,23809,48,Single,0,Mortgage,651,0.4881310511918525,0,0,0.4003264036437872,1,Debt Consolidation,0,17,1,957,3243,31959,36526,2091.9166666666665,0.7328198549524367,2,2062,0.257309,0.2696788435285486,815.7941244264546,0.7011723496441643,0,75.0
2022-10-23,42,26409,577,Employed,Master,16,10264,36,Married,0,Mortgage,317,0.1892829413806403,5,0,0.34984242886925215,0,Auto,0,26,29,4798,123,42858,4325,2200.75,0.7362652820450584,3,38533,0.206764,0.20640742759486613,384.80621716587285,0.3188941120826413,1,44.0
2022-10-24,18,37116,556,Employed,Associate,0,19652,36,Single,0,Own,683,0.29746956993952506,1,1,0.022340605600303456,0,Education,0,22,8,2078,892,182550,17825,3093.0,0.9275669803181803,3,164725,0.226652,0.2305571975609144,761.2942856251071,0.4669557987795367,0,48.0
2022-10-25,42,53626,546,Employed,Associate,19,46897,72,Single,2,Rent,859,0.5819696592122363,2,0,0.12308626943818628,0,Auto,0,16,5,14722,430,62243,3151,4468.833333333333,0.6129579464810515,6,59092,0.28889699999999996,0.3452875844888895,1550.5263526940614,0.5391846535697001,0,51.0
2022-10-26,68,133660,613,Employed,Bachelor,44,9076,60,Married,1,Mortgage,146,0.1916094465094215,3,1,0.4385020410210184,0,Education,1,31,7,1408,947,26462,8219,11138.333333333334,0.4534601407042037,4,18243,0.20757599999999998,0.2064823881665849,243.7437996455089,0.034991213495032966,1,45.6
2022-10-27,80,44607,664,Employed,High School,57,39987,48,Married,1,Rent,410,0.26651983360828885,2,0,0.29914301022694406,0,Education,0,29,29,3601,603,86427,19032,3717.25,0.71069852499895,9,67395,0.202987,0.1855548076396824,1186.2566586145288,0.4294186989345696,0,45.0
2022-10-28,30,300000,594,Employed,Bachelor,8,16152,60,Single,0,Mortgage,761,0.26284501533115223,4,1,0.2796010485608632,0,Education,0,19,8,4811,1946,60887,24709,25000.0,0.7207883015561921,3,36178,0.22415200000000002,0.23614293458326308,461.0511475349393,0.04888204590139757,1,40.800000000000004
2022-10-29,38,109814,614,Self-Employed,Bachelor,17,13359,24,Married,1,Rent,471,0.12304072182483025,6,2,0.16213757100493453,0,Other,0,24,11,1967,4418,9257,8595,9151.166666666666,0.9536817555486613,3,1825,0.181359,0.16980622308763912,660.3748280703801,0.12363175858127891,1,38.400000000000006
2022-10-30,22,50969,517,Employed,High School,0,17284,36,Married,3,Other,442,0.20110538542394263,3,1,0.510003610583677,0,Debt Consolidation,0,25,29,7831,1077,122607,147242,4247.416666666667,0.5841722214353896,5,5087,0.243784,0.1950272,637.964384092036,0.2542638193628368,0,58.0
2022-10-31,52,44659,586,Employed,Doctorate,30,27971,60,Married,1,Mortgage,663,0.3692795146322945,1,2,0.4265433104266766,0,Debt Consolidation,0,18,20,4302,707,8019,60891,3721.5833333333335,0.8795596458937825,10,6721,0.239971,0.2591083106335537,835.9889306774447,0.4027825783857529,0,57.0
2022-11-01,47,32296,597,Employed,Master,25,12106,24,Single,0,Mortgage,459,0.3720493888077828,2,1,0.1704019307976932,0,Auto,0,21,7,5381,2501,15829,7314,2691.3333333333335,0.5734542115013073,4,8515,0.188606,0.19770984511352344,614.7910346984077,0.39898106317751086,0,52.0
2022-11-02,22,19529,489,Employed,High School,0,60482,12,Married,3,Other,613,0.14196186668546426,2,1,0.34256459904046016,0,Auto,1,24,15,16833,642,45595,2440,1627.4166666666667,0.6826392722673732,3,43155,0.280982,0.31801803470040374,5949.949972163242,4.032741034664289,0,61.0
2022-11-03,25,69736,527,Employed,Bachelor,2,20913,60,Married,2,Own,428,0.19573098001975578,4,1,0.2571720670795998,0,Debt Consolidation,0,27,29,702,135,37704,121531,5811.333333333333,0.8426458363492442,7,3776,0.262413,0.26149931241317376,628.0026451210197,0.1817143475601158,0,51.0
2022-11-04,54,36030,592,Employed,Associate,33,23724,36,Married,4,Rent,247,0.12374224069762646,1,0,0.24917266901133062,0,Auto,0,19,21,4457,1022,63771,3422,3002.5,0.6219591262052171,4,60349,0.212724,0.2058719397007818,888.7828802451221,0.37827906086432045,0,50.0
2022-11-05,18,17240,584,Employed,Bachelor,0,38641,36,Single,1,Other,583,0.348562244286036,1,1,0.16452543382495532,1,Education,0,22,26,3956,3880,314307,23479,1436.6666666666667,0.9300989175612487,4,290828,0.231641,0.24363408235666756,1523.3795260000854,1.4661574426914745,0,58.0
2022-11-06,35,125054,599,Employed,Bachelor,10,28658,48,Single,0,Mortgage,186,0.05105115621501263,7,1,0.24183875073160968,0,Debt Consolidation,0,20,5,6437,1459,270087,119554,10421.166666666666,0.7912589510579331,3,150533,0.224158,0.24874333804779666,948.2094637945241,0.1088370909010051,1,37.6
2022-11-07,34,110617,557,Employed,Associate,10,21131,48,Divorced,0,Own,261,0.4438858535391149,4,2,0.21153176108516808,0,Education,0,25,18,2968,3076,44435,12308,9218.083333333334,0.5655458589509326,4,32127,0.237631,0.22895915877893058,676.0751935888884,0.10165618596659338,1,41.6
2022-11-08,26,15000,532,Employed,High School,0,42845,48,Single,1,Mortgage,162,0.4819388669187967,1,0,0.07110001904390065,0,Education,0,16,14,700,613,197192,104761,1250.0,0.8961888298559441,2,92431,0.271845,0.3240088409835309,1603.0755035833058,1.4120604028666446,0,51.0
2022-11-09,31,21167,538,Employed,High School,9,58378,36,Married,0,Other,199,0.10991490514518405,4,2,0.21196588186317242,0,Education,0,30,17,1946,663,33242,10864,1763.9166666666667,0.8566546140654966,5,22378,0.274378,0.2854681186756854,2432.002138068199,1.4915682740500964,0,53.0
2022-11-10,37,34489,559,Self-Employed,Master,16,30139,48,Single,0,Other,419,0.4213270663685479,2,2,0.2535748021965726,0,Education,0,22,2,1005,1431,107993,26789,2874.0833333333335,0.8912959982757257,4,81204,0.245639,0.24235905210913744,986.5214824252769,0.48903296091807014,0,59.0
2022-11-11,60,72868,593,Employed,Bachelor,38,21602,36,Single,2,Own,162,0.29596603601933313,4,1,0.13164970036567006,0,Debt Consolidation,0,24,28,5429,5949,161440,7535,6072.333333333333,0.8459029735798766,4,153905,0.210102,0.21957519408322262,824.5155088721617,0.16246069751421668,1,36.800000000000004
2022-11-12,40,34481,509,Employed,High School,18,24463,60,Married,1,Mortgage,444,0.3500336722352927,2,3,0.11654093344416928,0,Education,0,23,17,8289,1019,33046,78898,2873.4166666666665,0.9520138605915517,8,3859,0.274963,0.3283424437742346,834.5712258092775,0.4449654798210995,0,51.0
2022-11-13,58,116752,607,Employed,High School,35,28378,96,Divorced,5,Mortgage,472,0.12583387931942916,4,1,0.1149459376019076,0,Debt Consolidation,0,20,1,1030,567,112895,9644,9729.333333333334,0.8871088183197504,5,103251,0.259878,0.263460299327342,711.4942495694021,0.12164186476319742,0,45.0
2022-11-14,34,46166,437,Employed,High School,9,29875,36,Single,1,Other,376,0.279172053910415,0,1,0.21663189548149372,0,Home,0,30,21,9804,1521,23369,7642,3847.1666666666665,0.9158392155736764,8,15727,0.29637499999999994,0.28671179865157786,1246.5953244578097,0.4217637199127868,0,53.0
2022-11-15,26,128689,571,Employed,Doctorate,5,20597,24,Single,0,Mortgage,457,0.6573832800500554,2,3,0.38753795247264833,0,Home,0,25,12,2640,9993,24175,25497,10724.083333333334,0.6053594346366664,5,2939,0.210097,0.1986760327844216,1046.9691509946676,0.1402422103826746,1,43.2
2022-11-16,33,28042,620,Unemployed,Associate,9,25108,48,Divorced,3,Other,345,0.12958408521503226,0,0,0.3468079385131845,0,Debt Consolidation,0,27,5,3051,1877,37333,11926,2336.8333333333335,0.8342340519665853,6,25407,0.21010800000000002,0.19499997738436323,757.3727937493181,0.47173787622109037,0,57.0
2022-11-17,44,63330,588,Employed,High School,21,15658,60,Single,4,Other,320,0.18141126438091323,4,2,0.236717109761985,0,Debt Consolidation,1,27,21,3421,3845,75677,6836,5277.5,0.6710169018265002,10,68841,0.22665800000000003,0.23261145373169395,443.7588599396433,0.1447198218739258,0,55.0
2022-11-18,31,43020,487,Employed,Associate,8,20812,36,Married,0,Mortgage,397,0.32762601505951233,4,1,0.35902057009651656,0,Home,0,24,16,3227,502,22763,13515,3585.0,0.9080379302337107,7,9248,0.262312,0.2098496,783.9327980572824,0.32940942763104114,0,55.0
2022-11-19,52,108774,560,Employed,High School,29,33390,84,Married,3,Mortgage,353,0.3245499674909,5,1,0.2457149333176379,0,Home,0,27,27,2980,1320,1278145,32673,9064.5,0.9541544087112362,6,1245472,0.27839,0.33406800000000003,1032.3767213218102,0.1528354262586806,1,34.4
2022-11-20,31,15000,573,Employed,Associate,10,23343,72,Divorced,3,Mortgage,216,0.1753862167561935,3,0,0.24673024670486196,0,Education,0,27,9,1708,2588,25964,7266,1250.0,0.9833481831223921,4,18698,0.25184300000000004,0.25583955576016343,637.1847707168113,0.682547816573449,0,54.0
2022-11-21,54,26686,643,Employed,High School,30,64732,48,Single,2,Rent,213,0.449110292372082,3,1,0.4543828949173619,0,Debt Consolidation,0,29,25,1969,2106,94298,64812,2223.8333333333335,0.6781409508398076,8,29486,0.23823200000000003,0.25001586741065607,2146.3845115518666,1.0609538386653075,0,56.0
2022-11-22,42,46264,454,Employed,High School,18,8841,84,Divorced,0,Own,542,0.49614683178743635,3,0,0.34885512110637834,0,Education,0,22,18,582,294,99155,31607,3855.3333333333335,0.5108425350164989,12,67548,0.30684100000000003,0.307346283433617,257.17273333753803,0.20729017810933892,0,54.0
2022-11-23,29,15000,590,Employed,Master,6,15871,12,Single,0,Mortgage,182,0.1792223372025326,3,0,0.2162328088396306,0,Home,0,24,21,4351,661,57508,22812,1250.0,0.7626993847454515,4,34696,0.185871,0.14869680000000002,1431.5138834846707,1.2908111067877366,0,53.0
2022-11-24,47,28093,603,Employed,Bachelor,27,24105,48,Married,0,Mortgage,333,0.2440727185032881,1,1,0.1672375296427962,0,Home,1,26,14,5387,1599,29960,31690,2341.0833333333335,0.9223867328218265,7,9043,0.21760500000000002,0.261126,814.2834633999265,0.49006519634069395,0,55.0
2022-11-25,55,121622,580,Employed,High School,33,32438,72,Single,1,Mortgage,429,0.2745013552506205,1,1,0.4666467490448067,0,Other,0,26,3,1534,290,244606,12504,10135.166666666666,0.840673579289175,5,232102,0.257438,0.257458122813332,888.6917218825567,0.13001184541111543,1,42.400000000000006
2022-11-26,35,33509,616,Employed,Associate,13,79945,48,Married,1,Mortgage,447,0.3087637417842256,4,2,0.29820789356769334,0,Debt Consolidation,0,22,6,3157,1297,171755,32157,2792.4166666666665,0.45770667758216776,4,139598,0.266945,0.25970736618533846,2694.214066682522,1.124908794657861,0,48.0
2022-11-27,28,25779,579,Employed,High School,9,23761,48,Single,3,Mortgage,283,0.3334015946433509,1,1,0.6021661288002867,0,Debt Consolidation,0,24,20,4028,412,125028,29274,2148.25,0.8443754076028159,4,95754,0.22926100000000002,0.2104134679649193,736.3044006185413,0.4744812757446951,0,58.0
2022-11-28,43,43840,602,Employed,Master,25,34561,60,Single,4,Mortgage,477,0.5635362137129225,2,1,0.12864969218979047,0,Other,0,27,4,18457,1849,152188,12535,3653.3333333333335,0.8295462597764462,6,139653,0.23856100000000002,0.24427409828196023,1002.8422104893069,0.40506629849159864,0,48.0
2022-11-29,57,42250,607,Employed,Associate,37,24363,12,Single,0,Own,208,0.14423095070704067,3,1,0.4884914195884631,0,Auto,0,22,4,4107,8140,25900,48116,3520.8333333333335,0.5884060152413401,4,8775,0.185863,0.18174636474302372,2235.625020456039,0.6940473430881057,0,56.0
2022-11-30,45,48285,516,Employed,High School,24,30685,72,Married,2,Own,402,0.41935827338162224,1,1,0.02895410161096289,0,Home,0,28,5,474,2625,40863,21231,4023.75,0.9289494239547218,4,19632,0.28768499999999997,0.25799304272943624,841.6808325287137,0.30908501585056575,0,54.0
2022-12-01,33,58665,597,Employed,High School,9,19403,60,Single,3,Own,635,0.4447045009098216,2,1,0.2409030081151705,0,Home,0,18,12,1210,142,126026,125568,4888.75,0.7718070198395043,5,5014,0.22590300000000002,0.23445204516043328,551.9541452093493,0.24279297268409092,0,53.0
2022-12-02,43,56209,596,Employed,Bachelor,24,73481,24,Single,0,Rent,365,0.28029596088337655,4,1,0.3242843258027994,0,Auto,0,22,4,2887,4095,96196,11032,4684.083333333333,0.86456657621445,4,85164,0.250481,0.2905976916205423,4073.050399567579,0.9474746890144097,0,55.0
2022-12-03,41,42528,639,Employed,Doctorate,19,31944,72,Single,1,Mortgage,365,0.31922772697501445,3,0,0.318340794309728,0,Debt Consolidation,0,24,26,7310,349,94964,30110,3544.0,0.8689186293118393,5,64854,0.227444,0.19849709340411287,762.3687736776221,0.3181063131144532,0,50.0
2022-12-04,48,62150,641,Employed,Master,26,37837,48,Single,5,Rent,711,0.5999112301860873,3,3,0.138073991871979,0,Debt Consolidation,0,24,16,1338,2375,86409,17158,5179.166666666667,0.8812934169448395,3,69251,0.21233700000000003,0.2183855730914206,1188.7816612938375,0.3668122274420925,0,46.0
2022-12-05,46,55220,586,Self-Employed,Bachelor,24,24381,12,Married,1,Rent,662,0.5164013380419643,0,2,0.37201416303167995,0,Education,0,20,17,3528,1650,35877,28439,4601.666666666667,0.4301435832677194,10,7438,0.19638100000000003,0.2095051724271063,2269.627942993261,0.6370795964490968,0,58.0
2022-12-06,42,107319,655,Employed,Doctorate,19,7368,60,Single,1,Mortgage,881,0.046174360233252325,2,4,0.23007076186433947,0,Debt Consolidation,0,19,28,2440,2398,42822,18031,8943.25,0.9357886861710296,3,24791,0.18486800000000003,0.2114566875877046,199.93338138494084,0.1208658352819099,1,35.2
2022-12-07,36,29557,479,Employed,High School,12,20646,48,Single,4,Rent,425,0.33381599557906044,2,3,0.11516339022422263,0,Auto,0,19,12,2477,2061,35128,34103,2463.0833333333335,0.954615545833764,6,1025,0.276146,0.2570072290371973,692.6557197647105,0.4537628526973822,0,52.0
2022-12-08,53,102168,599,Self-Employed,Bachelor,32,16861,36,Married,0,Other,538,0.43342002962641335,5,3,0.37735657056774297,0,Auto,0,25,3,6121,595,39270,21324,8514.0,0.9626591275273144,5,17946,0.20236099999999999,0.19027909509082222,618.2951043999982,0.1358110294103827,1,48.0
2022-12-09,21,53598,603,Employed,Master,0,23939,72,Married,3,Mortgage,800,0.26953903070091156,2,0,0.4465769542732657,0,Auto,0,26,2,1027,486,54055,11238,4466.5,0.906010750511293,8,42817,0.23743899999999998,0.23629340245923466,624.8624013122806,0.31901094846351297,0,57.0
2022-12-10,56,58842,592,Employed,High School,35,18298,48,Divorced,1,Own,336,0.4636512266714849,2,0,0.41802146536638624,0,Other,0,20,11,3106,2335,158814,9313,4903.5,0.9481305839389432,6,149501,0.21729800000000002,0.1875931372038065,544.7911048228794,0.1796249831391617,1,42.400000000000006
2022-12-11,28,52323,608,Employed,Master,7,29274,36,Divorced,0,Own,574,0.26275654269448667,2,1,0.38561613925104377,0,Other,0,25,24,2322,524,148194,24652,4360.25,0.88653015576059,7,123542,0.210274,0.18950650813971992,1072.3380610019126,0.3775788225450175,0,47.0
2022-12-12,18,81090,515,Employed,Bachelor,0,23072,60,Divorced,1,Mortgage,456,0.22427725441200627,4,3,0.2675366759935271,0,Debt Consolidation,0,25,11,3398,782,33619,12343,6757.5,0.9641770394071719,2,21276,0.27057200000000003,0.29381292452049024,737.7133261832785,0.17665014075964167,0,51.0
2022-12-13,31,91144,502,Employed,Bachelor,7,50898,72,Single,2,Mortgage,304,0.25878279987548314,3,2,0.17666974385940995,0,Education,0,22,11,7914,883,39813,85713,7595.333333333333,0.880695072525162,3,8757,0.31489799999999996,0.338209275996834,1658.733901745787,0.25841313548834205,0,49.0
2022-12-14,29,46613,563,Employed,Bachelor,6,9900,48,Married,0,Mortgage,301,0.6469474081977646,3,3,0.29999287014508935,0,Debt Consolidation,0,26,13,774,518,113217,36821,3884.4166666666665,0.9191458165889881,6,76396,0.2234,0.21380972686806604,308.5926296013851,0.15693286326167855,1,42.400000000000006
2022-12-15,34,65906,507,Self-Employed,High School,8,33181,84,Divorced,1,Own,349,0.20264830445232349,6,0,0.20175089930142875,0,Debt Consolidation,0,30,29,2894,983,10861,93565,5492.166666666667,0.8990466843428653,5,7147,0.30468100000000004,0.26237842498409086,866.3033987076216,0.22127940983357292,0,55.0
2022-12-16,49,54673,613,Employed,High School,27,55834,36,Single,1,Own,749,0.16624951185861395,2,3,0.5752593708413597,0,Education,0,25,3,22817,1518,67487,74102,4556.083333333333,0.7862756271647597,0,10532,0.234334,0.2528308601623202,2228.3181672369446,0.6534819381933191,0,57.0
2022-12-17,48,64212,586,Employed,Associate,26,24447,60,Divorced,0,Mortgage,426,0.6496985782957807,3,2,0.1735460978732395,0,Debt Consolidation,0,22,7,1523,1714,72909,72680,5351.0,0.934942811345231,5,6611,0.23644700000000002,0.23146787577636319,691.2357511346661,0.20879008617728761,0,53.0
2022-12-18,21,32597,492,Employed,Bachelor,0,32708,48,Married,2,Rent,156,0.1799685221147003,3,2,0.06076969205009065,0,Education,0,19,15,2171,497,27187,24215,2716.4166666666665,0.8652939807189561,5,2972,0.28170799999999996,0.27169782638001577,1124.4597062890607,0.4713782395763024,0,50.0
2022-12-19,31,49515,611,Employed,Associate,12,31781,96,Married,0,Mortgage,428,0.16224646848071284,2,0,0.05467104343758086,0,Debt Consolidation,0,20,4,1627,2976,267160,48556,4126.25,0.8625591778448656,4,218604,0.261281,0.24161061511117507,750.6305409998241,0.2856420578006238,0,46.0
2022-12-20,42,167165,510,Employed,Bachelor,21,13832,60,Single,2,Mortgage,645,0.2128858872502504,4,1,0.08720734313867555,0,Home,0,28,1,4399,1141,54903,5697,13930.416666666666,0.9027735870971535,7,49206,0.263832,0.23601144543997915,394.72270408142606,0.07463687045121355,1,41.6
2022-12-21,32,33938,536,Employed,Associate,9,30580,96,Single,3,Other,558,0.03695997362220979,3,2,0.0343798406585991,0,Auto,1,25,22,9398,426,185418,9625,2828.1666666666665,0.7595584619946215,6,175793,0.29758,0.2595498114077711,758.6716024809961,0.46555658052248083,0,52.0
2022-12-22,32,42410,499,Employed,Bachelor,10,23071,36,Married,2,Own,579,0.1622584241149713,3,2,0.3791557169019714,0,Home,0,21,9,4954,6135,97184,27664,3534.1666666666665,0.8068474489529719,7,69520,0.258571,0.2241338974210524,886.0335363496432,0.41453436539013727,0,53.0
2022-12-23,36,36624,550,Employed,High School,13,19378,24,Single,0,Other,1083,0.24288264553618605,4,4,0.45178922406606303,0,Education,1,18,28,1447,1634,44116,46761,3052.0,0.7997076434586006,4,9291,0.219378,0.23718714657558812,1021.817626484617,0.6896519090709754,0,63.0
2022-12-24,25,34219,558,Self-Employed,Bachelor,3,21518,60,Married,3,Rent,1576,0.27057516279705973,3,2,0.3708054058247683,0,Debt Consolidation,0,17,8,9659,3722,176574,12792,2851.5833333333335,0.7495799163525847,2,163782,0.24751800000000002,0.23238637038791235,609.5564428131606,0.7664361119190487,0,55.0
2022-12-25,48,79583,536,Employed,High School,28,33501,48,Widowed,0,Other,146,0.28757700326867885,1,1,0.3801091976022505,0,Home,0,22,4,983,247,20290,70425,6631.916666666667,0.8108324692111487,5,1666,0.260501,0.25246805211409235,1115.413475607199,0.1902034568599624,0,57.0
2022-12-26,42,35054,560,Employed,High School,19,20653,36,Single,1,Rent,210,0.08405065845773396,2,0,0.2582396505162225,0,Other,0,27,25,5057,4201,210150,12506,2921.1666666666665,0.9748480947811574,5,197644,0.225653,0.2094661056052717,777.5371369778597,0.3380625789848325,0,48.0
2022-12-27,29,39224,495,Employed,High School,2,34941,60,Married,1,Rent,389,0.38292052189475345,3,1,0.1273328657727434,0,Home,0,28,5,1296,560,93286,39735,3268.6666666666665,0.8058947048345169,6,53551,0.292441,0.29322756903363895,1115.968356217012,0.4604227073884393,0,51.0
2022-12-28,34,40744,627,Employed,Master,12,31701,60,Married,3,Own,297,0.16980480926690789,1,1,0.6546356325096983,0,Debt Consolidation,0,26,27,2585,576,10161,10196,3395.3333333333335,0.8539070327311894,3,4614,0.22320100000000004,0.20427361370989713,847.4385604734103,0.33706221101710493,0,55.0
2022-12-29,33,153360,589,Unemployed,Master,11,15457,48,Widowed,2,Own,398,0.40317871512109976,2,3,0.33688397176929324,0,Home,0,29,29,559,1268,75950,6177,12780.0,0.9694101160633142,10,69773,0.215957,0.19240855086676006,464.13294995969403,0.0674595422503673,1,43.2
2022-12-30,51,55489,625,Employed,High School,29,19084,48,Married,1,Mortgage,461,0.18179425833080556,0,1,0.08933839633139175,0,Auto,0,27,15,1540,3202,16889,6293,4624.083333333333,0.8773626522468068,5,10596,0.201584,0.20492962480310187,585.7571901831935,0.22637074523235814,0,46.0
2022-12-31,60,123773,593,Employed,Bachelor,39,37017,60,Married,0,Rent,267,0.2085956037527883,5,1,0.3087252451898134,0,Debt Consolidation,0,21,6,7884,1076,222105,34284,10314.416666666666,0.6841424001776376,6,187821,0.24551699999999999,0.26044485157420033,1109.281434778182,0.1334327940450517,0,50.0
2023-01-01,49,45653,646,Employed,Bachelor,27,18551,48,Married,0,Other,444,0.18435073298106602,2,0,0.039802697519101926,0,Auto,0,19,21,18185,542,18727,29173,3804.4166666666665,0.8283696366534109,6,9536,0.19055100000000003,0.20508501153272143,569.5518020404423,0.26641450998806887,0,47.0
2023-01-02,28,48179,539,Employed,Bachelor,4,21184,60,Single,2,Rent,407,0.38611791048192856,2,2,0.08666755830390367,0,Auto,0,29,11,1632,1294,77350,43857,4014.9166666666665,0.7142536366299234,8,33493,0.256684,0.272098299168136,649.5197511447972,0.26314861275114815,0,51.0
2023-01-03,58,133141,477,Employed,Doctorate,39,27655,60,Married,0,Own,458,0.43188163680467007,2,2,0.24538330757861898,0,Debt Consolidation,0,19,22,4557,295,69406,30479,11095.083333333334,0.8714390967643549,1,38927,0.294155,0.2941474078503318,884.8171549338383,0.12102812701726785,1,40.800000000000004
2023-01-04,62,53487,477,Self-Employed,Master,37,29630,72,Single,3,Rent,719,0.09955653896525114,1,1,0.07642421552597128,0,Home,0,26,26,194,656,58894,7359,4457.25,0.8742829655706511,3,51535,0.30613,0.30513081129634284,901.2174546848303,0.36350158835264573,0,50.0
2023-01-05,43,33829,553,Employed,High School,19,46777,72,Single,2,Mortgage,582,0.33980635449300417,4,3,0.5017968102963847,0,Other,0,33,21,1284,276,153973,21163,2819.0833333333335,0.8637068365905032,7,132810,0.285277,0.2735629053140404,1328.5069202790285,0.677705017687438,0,55.0
2023-01-06,35,34999,459,Employed,Associate,15,61775,96,Divorced,0,Rent,271,0.08301900770099845,0,4,0.44018821472846803,0,Auto,0,17,19,3284,934,45133,58462,2916.5833333333335,0.7172733769981077,7,2326,0.367275,0.315783683248356,1772.0178443846808,0.7004832747397403,0,56.0
2023-01-07,43,52752,611,Employed,Master,21,18325,12,Single,2,Own,488,0.10184255671465466,5,2,0.5055051697618949,1,Auto,0,24,3,6775,2045,27433,8056,4396.0,0.7952963346070696,5,19377,0.177825,0.1912468037741676,1689.8599083073657,0.49541854147119335,0,69.0
2023-01-08,49,38882,638,Employed,Associate,28,11833,60,Single,0,Mortgage,431,0.24536851564748857,5,0,0.13839831971301594,0,Education,0,24,27,6466,1210,1039370,40648,3240.1666666666665,0.9431360909160089,2,998722,0.19783300000000004,0.22785572382439628,332.1216703742618,0.23551926455663655,1,32.0
2023-01-09,37,157935,537,Employed,Bachelor,15,22286,108,Single,0,Own,416,0.44127792669632343,4,0,0.1415235272385407,0,Auto,0,24,21,14316,193,16693,4886,13161.25,0.4899907705968476,4,11807,0.298786,0.28944241588798997,581.898180573606,0.07582092738711035,1,39.2
2023-01-10,27,109363,584,Employed,Bachelor,4,16981,24,Divorced,0,Mortgage,354,0.5333729820294355,3,1,0.18853622728716157,0,Home,0,25,2,659,1441,35368,25541,9113.583333333334,0.8034220100499785,6,9827,0.199981,0.2209205581176546,881.7150876588696,0.13559047440090738,1,43.2
2023-01-11,45,41038,604,Employed,High School,22,15084,96,Married,3,Mortgage,654,0.15424388691016988,4,1,0.35496201930576315,0,Other,0,27,25,5559,1283,58948,12570,3419.8333333333335,0.4260659534275509,4,46378,0.24808400000000003,0.2137985136383057,329.15792778349396,0.2874870883912941,0,51.0
2023-01-12,27,46137,592,Employed,Associate,2,30710,60,Single,0,Rent,278,0.20973769270327478,5,0,0.23693327521561017,0,Education,0,28,20,7030,774,36643,6331,3844.75,0.7260666476261161,2,30312,0.23970999999999998,0.1997766349955022,813.2455406309,0.28382743757875023,0,53.0
2023-01-13,41,69868,606,Employed,Bachelor,22,36143,36,Single,0,Other,324,0.14135412693449367,1,1,0.08779395942206285,0,Debt Consolidation,0,23,17,1792,619,35860,18751,5822.333333333333,0.9186254769235968,3,17109,0.218143,0.2593700051495753,1455.0112222755292,0.30554953150664615,0,46.0
2023-01-14,40,44437,601,Employed,Doctorate,13,9462,72,Single,2,Rent,1692,0.5337644118976459,4,2,0.48346559329329775,0,Other,0,20,23,883,510,395991,32979,3703.0833333333335,0.8157014056994019,9,363012,0.223962,0.20687479926333038,230.42800254627264,0.519142517059101,1,39.2
2023-01-15,54,94033,479,Employed,Bachelor,31,20788,48,Divorced,0,Mortgage,585,0.3490900467299073,1,1,0.3049377760987906,0,Home,0,27,20,1688,1127,164262,5925,7836.083333333333,0.7715642802344714,4,158337,0.276288,0.26892203623425814,711.3900796689113,0.16543852643249643,1,39.2
2023-01-16,18,54446,509,Employed,Bachelor,0,26359,36,Single,3,Other,653,0.3283068669581616,0,3,0.05680104055644777,0,Home,0,22,14,3160,170,18372,30464,4537.166666666667,0.8983478725198785,6,2007,0.256859,0.25336107492159404,1052.7205932154538,0.375944001737234,0,50.0
2023-01-17,31,59532,618,Employed,Bachelor,8,11652,36,Married,1,Rent,833,0.28971380761264137,2,0,0.0456023713917788,0,Debt Consolidation,0,22,11,2832,1304,198658,21313,4961.0,0.8209264943866661,5,177345,0.187652,0.19618596247020706,430.76900188113393,0.25474077844812215,0,43.0
2023-01-18,42,61734,558,Employed,Associate,20,16548,12,Married,2,Own,717,0.14871621107200564,5,1,0.07553142816904808,0,Education,0,23,18,1962,664,33619,10070,5144.5,0.7882807022816912,5,23549,0.202548,0.23658395887791733,1562.03783563008,0.44300473041696564,0,49.0
2023-01-19,47,27216,488,Employed,Associate,24,30757,36,Married,5,Own,192,0.1542196837797904,1,0,0.22021795372905628,0,Other,0,26,23,3136,3199,22196,15842,2268.0,0.9236617867912386,7,6354,0.271757,0.2310573558371377,1192.2905792628835,0.610357398264058,0,53.0
2023-01-20,52,66042,657,Unemployed,Master,32,9119,24,Married,1,Own,153,0.05557149424762101,2,0,0.13273556022373922,0,Debt Consolidation,0,26,29,720,2012,164332,3798,5503.5,0.7718861747668246,8,160534,0.15561899999999998,0.1704572765938226,451.0643944302246,0.1097600425965703,1,33.6
2023-01-21,35,51416,635,Employed,Bachelor,13,25525,24,Married,2,Own,355,0.4128734544550148,6,0,0.06389268479702699,0,Debt Consolidation,0,27,12,4345,818,49244,11589,4284.666666666667,0.700767068359828,2,37655,0.183025,0.17188303840494537,1264.324492190894,0.3779347655650134,0,48.0
2023-01-22,51,92109,479,Employed,Bachelor,26,22148,36,Widowed,1,Mortgage,696,0.558626101852755,3,2,0.5335646479837416,0,Debt Consolidation,0,29,19,13308,805,14113,35178,7675.75,0.93920753298953,5,4367,0.267648,0.21411840000000001,839.1180060797609,0.19999583181835795,1,46.400000000000006
2023-01-23,30,99284,578,Employed,Associate,7,17682,24,Single,1,Own,681,0.1282107569128831,1,1,0.12415251570348315,0,Debt Consolidation,0,23,2,4347,212,75701,8715,8273.666666666666,0.9222215164855267,6,66986,0.203682,0.1893085327072661,890.7312547018356,0.18996792087770464,1,40.0
2023-01-24,49,27348,549,Employed,Master,27,13970,36,Single,0,Rent,465,0.29892754426319,4,2,0.16986839613518115,0,Other,0,26,4,3261,2607,10614,57610,2279.0,0.6358445192233928,1,10320,0.22447,0.2174952288984662,531.7121086119296,0.4373462521333609,0,55.0
2023-01-25,44,33855,461,Self-Employed,Bachelor,23,14200,12,Single,5,Rent,829,0.20654676919728995,5,1,0.4234784281535392,0,Auto,0,32,3,2213,638,73233,5243,2821.25,0.7726668790786475,5,67990,0.2487,0.29844,1383.2278000189347,0.7841303677515054,0,61.0
2023-01-26,52,40782,584,Unemployed,High School,28,40180,96,Divorced,2,Own,748,0.33565597750248427,4,2,0.27009193161900097,0,Auto,0,28,12,9404,2081,16501,33670,3398.5,0.8417615621388037,1,3770,0.28318,0.2710616782035287,1028.0309035619362,0.5225925860120454,0,56.0
2023-01-27,51,55296,538,Employed,High School,31,13844,24,Single,3,Rent,245,0.3045388614044063,2,1,0.06694993392466302,0,Debt Consolidation,0,21,29,8499,182,43197,30186,4608.0,0.8614633928448342,4,13011,0.21984399999999998,0.19226126562615026,699.3787978702914,0.20494331551004585,1,40.0
2023-01-28,56,103973,616,Employed,High School,38,16179,24,Single,3,Rent,508,0.08201555433129741,2,1,0.18714536499533432,0,Home,0,21,16,3367,1977,150669,56564,8664.416666666666,0.8824047267286798,5,94105,0.183179,0.18657075505170384,812.8679691420252,0.15244742028896255,1,34.4
2023-01-29,55,80661,649,Employed,High School,33,24041,36,Divorced,1,Mortgage,452,0.05861469615678477,5,1,0.25128140172251073,0,Education,1,21,16,3010,1248,10876,33688,6721.75,0.8684363057805432,7,2394,0.184541,0.18062304705653393,869.8913295864074,0.19665880605294864,0,53.0
2023-01-30,52,64899,657,Employed,Master,32,72729,72,Single,1,Mortgage,403,0.4844002650942503,2,0,0.09475776462906442,0,Home,0,21,25,2607,291,52880,5253,5408.25,0.9392134147027351,2,47627,0.259229,0.25747320013565866,1992.5969562860287,0.4429523332475438,0,45.0
2023-01-31,39,33907,632,Employed,Bachelor,18,36094,12,Widowed,0,Own,279,0.2260604260660822,2,4,0.3774033457033982,0,Home,0,19,2,443,8854,26157,4809,2825.5833333333335,0.7341553000041795,6,21348,0.18509400000000004,0.2032821165832239,3349.222159983209,1.2840612829149882,0,56.0
2023-02-01,55,23807,599,Employed,Associate,29,17789,60,Married,0,Mortgage,482,0.5810491944377836,0,0,0.4485394878666031,0,Education,0,28,2,2262,514,62330,104490,1983.9166666666667,0.9098994354071814,6,4670,0.22328900000000002,0.2558000175634673,528.1968378554947,0.5091931807563295,0,63.0
2023-02-02,18,33934,575,Employed,High School,0,27399,12,Single,2,Own,1326,0.5028312874521412,4,0,0.24588678683627274,0,Home,0,28,21,1213,1366,3710,23771,2827.8333333333335,0.7481191189613693,8,10184,0.20489900000000003,0.1818053137563899,2514.2947741442426,1.3580343398871606,0,54.0
2023-02-03,21,61708,470,Employed,Bachelor,0,20731,96,Single,3,Mortgage,834,0.1869538214235301,2,1,0.47322147014014715,0,Home,0,22,18,1416,438,50045,21394,5142.333333333333,0.8939202465824545,8,28651,0.320731,0.2675294021329583,525.457669564329,0.26436591746243515,0,55.0
2023-02-04,48,66659,588,Employed,Master,28,9909,72,Married,0,Rent,267,0.1903758448695439,1,0,0.02769009181811582,0,Home,0,24,10,4841,579,54073,18851,5554.916666666667,0.7919656472328409,4,35222,0.230909,0.20416597965690178,239.7474710452081,0.09122503566723919,1,39.2
2023-02-05,31,66125,607,Employed,Bachelor,7,39159,60,Single,1,Rent,231,0.2502395098080471,3,3,0.49981382731776697,0,Debt Consolidation,0,32,21,5336,276,28657,7218,5510.416666666667,0.8433902228734174,3,21439,0.240659,0.23161866756417876,1107.5554384661593,0.24291365234924628,0,53.0
2023-02-06,33,34738,518,Self-Employed,High School,11,19313,48,Divorced,0,Rent,718,0.4790310173382089,1,2,0.20874746072271397,0,Home,0,22,9,2296,601,214896,13173,2894.8333333333335,0.7380379493852899,7,201723,0.255313,0.25638836676911103,647.2641859147051,0.4716209980705988,0,54.0
2023-02-07,31,29920,562,Employed,Associate,7,17230,60,Single,0,Own,908,0.15679405353484077,1,1,0.29905137707685997,0,Home,0,36,6,1283,190,6700,15864,2493.3333333333335,0.8121387355008957,5,8202,0.24123,0.20390156904376777,460.2381106401037,0.5487586005241057,0,55.0
2023-02-08,25,39730,536,Employed,Master,4,40135,84,Married,1,Mortgage,374,0.037860396195693084,2,0,0.3848717088921112,0,Home,0,23,12,2040,3324,120063,55719,3310.8333333333335,0.8116406467352829,7,64344,0.29713500000000004,0.2747864560241644,1080.338268983763,0.4392665297710837,0,52.0
2023-02-09,43,83712,601,Employed,High School,23,18023,72,Married,1,Mortgage,335,0.2674371996598048,5,0,0.16339629767635136,0,Other,0,28,16,4750,597,77361,28414,6976.0,0.8064940274077741,3,48947,0.232523,0.23368916013898788,467.60769718341226,0.11505270888523685,0,46.0
2023-02-10,36,22795,465,Employed,Associate,14,25597,24,Married,1,Rent,328,0.4007272044389168,5,1,0.33365201878608053,0,Education,0,21,14,1562,968,41430,23152,1899.5833333333333,0.879712838856334,7,18278,0.26809700000000003,0.27082219962615717,1393.0378991352552,0.9060081065857891,0,57.0
2023-02-11,35,128791,454,Employed,High School,12,11529,24,Divorced,1,Rent,326,0.237257526436527,3,1,0.20485343123140118,0,Education,0,26,1,798,1194,64550,84000,10732.583333333334,0.6880687692629942,1,3124,0.259529,0.25694001962800456,619.3420026347546,0.08808149662334368,1,43.2
2023-02-12,22,35989,485,Employed,Associate,0,29511,96,Married,2,Mortgage,206,0.5783925983334256,5,1,0.1651930007063843,0,Home,0,18,5,1180,3201,71713,15282,2999.0833333333335,0.7354204353259794,2,56431,0.322011,0.35624558824807734,932.3121873383113,0.3795533704203989,0,52.0
2023-02-13,50,66904,546,Employed,High School,21,19049,48,Single,0,Rent,563,0.2805704818079714,1,1,0.011675967454077897,0,Home,0,28,3,395,848,31396,66029,5575.333333333333,0.8999743297808134,9,3115,0.241049,0.23612060212240008,616.9540593562423,0.21163829834202602,0,53.0
2023-02-14,49,95710,617,Employed,Master,27,14928,24,Widowed,0,Own,310,0.3773905617371795,5,4,0.5699128240312734,0,Auto,0,22,9,4008,2298,17868,9778,7975.833333333333,0.8616888951821328,3,8090,0.181428,0.1533060222258889,726.1556825972732,0.1299119025302192,1,44.0
2023-02-15,46,27591,575,Employed,Associate,25,28374,72,Married,2,Own,1061,0.22688192670559415,2,0,0.1953208029191445,0,Home,0,23,9,1041,1524,99401,5258,2299.25,0.8333077290957364,3,94143,0.25587400000000005,0.24456873173405624,754.8864844765641,0.789773397619469,0,51.0
2023-02-16,44,112202,517,Employed,High School,18,42283,12,Married,0,Mortgage,273,0.2355575123251842,3,0,0.19576621432596822,1,Education,0,21,28,19309,472,115280,19278,9350.166666666666,0.8770981588540664,4,96002,0.24878300000000003,0.24181894799607984,4001.986375988561,0.45720964431884226,0,59.0
2023-02-17,54,44406,516,Employed,Associate,32,16593,36,Divorced,0,Mortgage,681,0.33118177760946066,4,0,0.07891365084193393,0,Education,0,32,7,9554,1497,108473,108022,3700.5,0.7232557435053449,8,4445,0.243593,0.2578353580549365,666.6304042295162,0.3641752207078817,0,52.0
2023-02-18,56,98262,548,Employed,High School,31,8118,48,Married,1,Other,593,0.17084219918897417,5,1,0.210408001422845,0,Education,0,19,25,12712,1932,102857,19269,8188.5,0.7832068591794619,7,83588,0.22911800000000002,0.23147367677448527,260.8497365025568,0.10427425493100774,1,38.400000000000006
2023-02-19,59,122341,642,Employed,High School,38,13274,120,Widowed,1,Mortgage,360,0.30488750332180065,4,0,0.050576597024004764,0,Auto,0,31,19,1310,583,11482,27884,10195.083333333334,0.6179806851531452,10,9737,0.24727400000000002,0.2651556733217123,316.2699520289048,0.06633294990515735,0,45.0
2023-02-20,24,34859,591,Employed,High School,0,16122,48,Married,0,Rent,360,0.24197605932591856,5,1,0.26051112679059446,0,Home,0,20,1,1518,852,45649,4299,2904.9166666666665,0.7904860458347144,0,41350,0.215622,0.23651511389046018,522.505609164415,0.30379722051616453,0,57.0
2023-02-21,36,28415,585,Employed,Bachelor,13,16302,72,Married,2,Rent,339,0.06760423090948735,1,2,0.09753620798316129,0,Auto,0,22,25,9668,5823,27661,6205,2367.9166666666665,0.9222241564695575,6,21456,0.23880200000000001,0.23211517922385608,421.410761322469,0.32113071039484875,0,51.0
2023-02-22,56,33540,628,Employed,High School,32,20272,60,Divorced,0,Rent,292,0.12036825850582668,2,2,0.3561193834531744,0,Education,0,26,27,926,2611,169191,18991,2795.0,0.7319537378665667,5,150200,0.21127200000000002,0.2535264,599.208350361784,0.31885808599706045,0,47.0
2023-02-23,19,27194,577,Employed,High School,0,8939,72,Single,1,Own,255,0.7437106087556916,2,0,0.18892899671109217,0,Home,0,18,11,2081,189,49391,86979,2266.1666666666665,0.9383260960692282,6,5388,0.235439,0.2492967393362762,240.4058210630425,0.2186096143545087,0,54.0
2023-02-24,37,46913,593,Employed,Associate,17,10711,36,Single,1,Own,981,0.18257891911757543,1,1,0.3621099112573599,1,Auto,0,28,28,391,1317,93523,12226,3909.4166666666665,0.85024490477691,4,81297,0.199211,0.19672432909581009,396.2736847393316,0.3522964682896421,0,64.0
2023-02-25,51,18540,645,Unemployed,Bachelor,28,48423,24,Married,2,Mortgage,389,0.02220581704630457,4,1,0.32860313805755825,0,Other,0,16,6,5774,553,9052,5109,1545.0,0.8442044926586887,2,3943,0.200923,0.2094126685405981,2486.850672778249,1.8613920212156954,0,57.0
2023-02-26,45,47409,588,Employed,High School,23,14757,12,Single,2,Own,577,0.14999088323403179,4,1,0.16971406498135463,1,Education,0,18,12,4118,820,33955,3298,3950.75,0.7118483546523108,9,30657,0.185757,0.14873689904173326,1331.0625275261154,0.482962102771908,0,62.0
2023-02-27,35,21226,546,Employed,Associate,14,17712,36,Married,2,Rent,607,0.5160472105181549,2,1,0.6588166075807624,0,Debt Consolidation,0,29,9,5430,186,115975,9798,1768.8333333333333,0.8335844004254513,2,106177,0.229712,0.2142859833809739,671.2048157806487,0.7226259205393284,0,58.0
2023-02-28,49,24889,605,Employed,High School,26,32526,12,Married,3,Other,214,0.3970059596362082,1,0,0.5745937843563678,0,Home,0,27,27,3020,634,32324,70025,2074.0833333333335,0.5826918665908845,2,8084,0.195026,0.19916651195571855,3011.732609161074,1.5552569934482254,0,57.0
2023-03-01,44,54041,610,Self-Employed,Bachelor,22,39394,60,Married,1,Rent,195,0.4022594064916354,4,1,0.4761503764248418,0,Debt Consolidation,0,24,10,1018,2284,77399,15619,4503.416666666667,0.7700266496427659,10,61780,0.239394,0.22439905055970502,1097.8953340982455,0.2870920969112145,0,55.0
2023-03-02,36,72754,554,Employed,High School,14,31609,36,Married,4,Other,171,0.24396886778881724,2,0,0.12983216255287616,0,Education,0,21,7,3948,416,18918,20428,6062.833333333333,0.7063400683765805,6,8688,0.239609,0.24589934527152357,1249.9231875994146,0.23436619637673498,0,51.0
2023-03-03,35,60243,612,Employed,Bachelor,12,11432,36,Single,0,Rent,227,0.2202657593025136,3,1,0.5969883866322944,0,Home,0,17,26,3562,1018,31103,4266,5020.25,0.7573897934426357,7,26837,0.190432,0.19436215090953604,421.5772183858279,0.12919221520558297,1,44.0
2023-03-04,38,27531,531,Employed,High School,11,21082,120,Married,4,Mortgage,284,0.32126308450378155,2,1,0.26072568443802163,0,Debt Consolidation,0,29,23,3928,1446,51973,20320,2294.25,0.6538423528108515,3,31653,0.310582,0.3390840320209304,617.513573803185,0.3929447853560793,0,54.0
2023-03-05,40,58147,464,Employed,Associate,16,13575,108,Divorced,0,Own,208,0.025955941308565152,5,4,0.11465326465649552,0,Education,0,22,24,1953,433,19665,11554,4845.583333333333,0.6991145659459809,7,8111,0.326575,0.3677306052878348,432.6042491233611,0.13220374205858143,0,49.0
2023-03-06,43,46459,665,Employed,Master,17,34332,60,Widowed,0,Other,338,0.1170878147716461,4,0,0.31790915389809676,0,Auto,1,25,28,17642,1125,31069,7848,3871.5833333333335,0.8091246825143906,2,23221,0.20683200000000002,0.19403494353234313,898.23066164227,0.3193088086206599,0,54.0
2023-03-07,43,47110,479,Self-Employed,Bachelor,24,18642,60,Married,0,Rent,275,0.0922367486250425,9,0,0.1203293093438585,0,Education,0,28,18,15896,1417,17313,20317,3925.8333333333335,0.800419309552333,4,6696,0.284142,0.27789926803888026,578.0736829747253,0.21729747815106568,0,53.0
2023-03-08,40,78855,615,Employed,High School,16,12430,48,Single,1,Mortgage,484,0.4504425386398492,1,0,0.4482010422176634,0,Debt Consolidation,0,17,11,6138,3349,242962,35823,6571.25,0.7188330320698674,8,207139,0.19993,0.18576227536309253,368.88460667552556,0.12979031488309312,1,40.0
2023-03-09,67,56083,647,Employed,High School,42,30899,36,Married,0,Mortgage,403,0.15895415665986531,1,0,0.34708754379471796,0,Debt Consolidation,0,28,25,2786,2600,90912,95042,4673.583333333333,0.512587766574627,4,3882,0.19239900000000001,0.19818518730225074,1145.4623408697746,0.3313222917896207,0,50.0
2023-03-10,60,23825,645,Employed,Doctorate,37,15234,72,Single,2,Mortgage,588,0.14808947705730366,2,3,0.5689017761353019,0,Auto,0,20,11,1529,1261,155594,12152,1985.4166666666667,0.7151688611944909,3,143442,0.207734,0.2142781429003724,377.61456159428946,0.48635360919754345,0,52.0
2023-03-11,44,150375,605,Employed,Associate,24,16032,120,Married,2,Own,388,0.20380059819712695,0,2,0.4176588188334791,0,Education,0,25,5,268,418,32745,37938,12531.25,0.8126354833578731,5,6406,0.268532,0.28391357004515216,403.70956862955285,0.0631788184442536,1,42.400000000000006
2023-03-12,35,22966,541,Employed,Bachelor,14,68533,60,Married,1,Rent,519,0.42751325323538547,1,1,0.3756312829494023,0,Auto,0,27,17,450,5880,24570,23813,1913.8333333333333,0.8125266893822584,2,4891,0.303033,0.32273625801221834,2313.929455664339,1.4802383291810532,0,57.0
2023-03-13,51,28964,483,Self-Employed,Associate,29,21627,60,Married,2,Rent,395,0.047428318155515736,4,2,0.15076707840585796,0,Debt Consolidation,0,27,13,3342,1270,189825,12590,2413.6666666666665,0.8888468487516032,7,177235,0.285127,0.2816938361318873,675.5861034069394,0.4435517622180387,0,50.0
2023-03-14,44,107879,634,Self-Employed,Master,20,21089,60,Married,4,Rent,570,0.5984002343027288,2,0,0.5660468829871711,0,Education,0,24,6,3326,3861,55129,7630,8989.916666666666,0.932841732420531,8,47499,0.20908900000000002,0.19989327727986608,558.6042899974477,0.12554112922783278,1,48.0
2023-03-15,47,30536,486,Employed,High School,23,42341,48,Single,2,Rent,266,0.08809098277870249,6,0,0.1273350443673769,0,Home,0,19,12,1308,1191,107063,12138,2544.6666666666665,0.8841205984355566,5,94925,0.29434099999999996,0.31600487828160445,1564.194803871876,0.7192277196247876,0,48.0
2023-03-16,51,61741,602,Unemployed,Associate,25,10938,72,Divorced,0,Mortgage,411,0.1103812978610878,6,1,0.1076369617880893,0,Education,0,26,2,6936,894,23998,20893,5145.083333333333,0.8643351632681443,4,3105,0.224938,0.2206956906657471,275.2814413209008,0.13338587479714953,0,53.0
2023-03-17,26,82912,537,Employed,Master,4,25017,12,Married,0,Rent,287,0.5494228343346842,5,1,0.4924117040146894,1,Auto,0,23,5,10690,2298,27568,13836,6909.333333333333,0.9484189876965773,4,13732,0.22151700000000002,0.1981918082682755,2315.2730180539297,0.3766315637862693,0,70.0
2023-03-18,63,59401,706,Employed,Doctorate,45,19773,48,Widowed,2,Mortgage,459,0.3219273460759879,6,0,0.24122128436132992,0,Home,0,20,4,1435,625,66758,7831,4950.083333333333,0.8082623448169939,4,58927,0.161773,0.17178158889763734,572.3749217207019,0.20835506238360335,0,44.0
2023-03-19,34,27269,523,Unemployed,Bachelor,9,10374,60,Married,4,Mortgage,688,0.25837319037666723,1,1,0.5582923476035919,0,Debt Consolidation,0,17,11,2296,379,199546,30059,2272.4166666666665,0.7772987761311749,7,169487,0.253874,0.24689297763501403,302.6038694488425,0.43592527901228906,0,59.0
2023-03-20,50,89924,584,Employed,High School,27,24790,48,Single,2,Own,678,0.08084646736469951,1,0,0.27609374806033465,0,Auto,0,23,11,499,278,39419,27917,7493.666666666667,0.8837323299830956,3,11502,0.22779000000000002,0.2148893947029822,774.1738741208417,0.19378682542424824,0,50.0
2023-03-21,39,27801,437,Employed,High School,17,13127,72,Married,4,Mortgage,315,0.4977028786463423,2,2,0.08549835807347392,0,Home,0,25,17,10001,785,127414,8853,2316.75,0.967637029340895,7,118561,0.309627,0.2979900116660044,393.21543095352627,0.30569350640057247,0,49.0
2023-03-22,43,42386,541,Employed,High School,17,20938,48,Married,3,Rent,702,0.09421181876813996,3,0,0.3938710757195461,0,Home,0,30,5,2247,374,54417,12463,3532.1666666666665,0.9151274064933553,6,41954,0.24543800000000002,0.22126763736948385,661.1160408731796,0.38591498349639397,0,56.0
2023-03-23,18,81074,628,Employed,Doctorate,0,13615,84,Divorced,2,Rent,112,0.35737902555682016,3,0,0.10304291103361869,0,Education,0,14,3,2900,4885,187793,5419,6756.166666666667,0.9174796278901765,5,182374,0.224615,0.2306209413879214,327.9310765338707,0.0651154860794638,1,36.0
2023-03-24,32,39551,481,Employed,High School,12,9552,36,Single,2,Own,645,0.24554442681329233,4,2,0.37527391062918014,0,Debt Consolidation,0,23,9,5262,230,12577,116172,3295.9166666666665,0.7892269791518924,7,1814,0.254052,0.2636130401535782,386.69681023107944,0.3130227231365314,0,56.0
2023-03-25,18,15000,575,Employed,Associate,0,24721,60,Married,3,Rent,114,0.4739536679950045,4,0,0.3693076921879927,0,Education,0,29,15,6729,1284,107410,25103,1250.0,0.7404405950828147,6,82307,0.24222100000000002,0.2703972497146475,755.4508954163327,0.6955607163330662,0,55.0
2023-03-26,25,51796,591,Employed,Bachelor,3,14371,48,Married,1,Mortgage,282,0.07702604409493286,3,1,0.24445251582753852,0,Home,0,16,1,2989,1818,32954,4588,4316.333333333333,0.6182787025898788,6,28366,0.213871,0.2403414371529515,468.7922848200041,0.17394214645609798,0,55.0
2023-03-27,47,37799,569,Employed,High School,24,24815,72,Single,1,Mortgage,730,0.10494355619554217,1,3,0.12808525125668752,1,Other,0,24,7,4633,921,52022,10935,3149.9166666666665,0.49251190074006146,6,41087,0.255315,0.24668110376021932,663.4012837776526,0.44236131657800026,0,63.0
2023-03-28,39,34504,562,Unemployed,Master,14,27357,84,Widowed,3,Mortgage,792,0.046806478590744924,3,0,0.27109460887243736,0,Education,0,18,5,5097,3665,119663,31687,2875.3333333333335,0.9364890526544641,6,87976,0.27135699999999996,0.2495289051373024,691.6266312744021,0.5159842214031076,0,55.0
2023-03-29,49,37505,579,Employed,Bachelor,27,14908,60,Divorced,2,Rent,327,0.40710526630659993,3,1,0.18683728257139925,0,Debt Consolidation,0,24,20,5610,1192,20527,6821,3125.4166666666665,0.6728230585368666,5,13706,0.230408,0.20738276623305082,401.1197470217431,0.2329672567460583,0,52.0
2023-03-30,42,92171,552,Employed,Master,21,27630,84,Married,2,Rent,467,0.20247661332551148,4,0,0.30134717836031943,0,Education,0,20,25,3189,243,94828,21085,7680.916666666667,0.7749931139620667,6,73743,0.27663,0.27588705774984973,745.7304610563486,0.15788876688628944,1,40.800000000000004
2023-03-31,50,67965,602,Employed,High School,28,41807,36,Single,1,Rent,153,0.041418954318480077,3,1,0.2642268292943876,0,Education,0,32,9,1695,1223,178191,29061,5663.75,0.7557555657249793,2,149130,0.225807,0.21567002911723254,1587.2786289076043,0.30726614502893035,0,45.0
2023-04-01,28,65755,571,Employed,Bachelor,10,18370,72,Single,2,Mortgage,719,0.2902021139209533,3,3,0.2547340987010857,0,Home,0,21,4,639,128,10518,24000,5479.583333333333,0.719153674951956,2,2810,0.24787,0.21490674350322786,456.0296568728242,0.21443777480760234,0,55.0
2023-04-02,55,37417,620,Employed,Associate,28,31517,60,Divorced,2,Rent,143,0.1169568849141027,2,3,0.0948795947093557,0,Auto,0,32,22,1589,305,12116,26120,3118.0833333333335,0.7445998532522197,8,6250,0.22651700000000002,0.2001899997552799,835.3409619000444,0.31376357117889014,0,47.0
2023-04-03,25,42669,595,Employed,Master,0,15458,36,Single,0,Rent,952,0.4155807710043286,1,0,0.4095908993785756,0,Other,0,21,6,1420,1493,23143,88515,3555.75,0.574925097678738,7,10173,0.202958,0.18708173762689126,564.3505784567544,0.4264502786913463,0,60.0
2023-04-04,23,79495,453,Employed,Doctorate,0,16423,60,Single,1,Rent,607,0.31179023858448957,7,3,0.12027681206797737,0,Home,0,24,19,5764,1048,50804,6239,6624.583333333333,0.771637203384796,4,44565,0.294923,0.31507370766314846,546.6455001189496,0.17414612241559088,0,50.0
2023-04-05,45,15220,587,Self-Employed,Master,23,25525,96,Married,5,Other,438,0.3381400196618078,2,0,0.11456128827347568,0,Home,0,20,20,10535,2038,624972,63687,1268.3333333333333,0.598879697743336,9,561285,0.267025,0.27916538293015947,667.1615901081791,0.8713494797173554,0,47.0
2023-04-06,49,54413,610,Employed,Bachelor,26,26548,24,Single,1,Rent,257,0.23587706484334892,6,1,0.5473687180689755,0,Home,0,20,28,3121,2405,130925,270381,4534.416666666667,0.6333064307174869,5,9015,0.19654799999999997,0.21045872922471737,1364.7845083770374,0.357661112243847,0,55.0
2023-04-07,60,104053,594,Employed,Bachelor,36,29590,60,Divorced,2,Rent,717,0.18422907407103742,1,2,0.44153235245390804,0,Education,0,24,27,3169,764,43491,19171,8671.083333333334,0.9230865539091087,2,24320,0.23759000000000002,0.26220060979692733,889.7975405981658,0.18530528180040928,0,54.0
2023-04-08,30,20199,508,Employed,Master,4,10196,72,Married,1,Own,419,0.11878610674238793,3,0,0.45621527121764865,0,Other,0,24,18,5920,1362,618613,64767,1683.25,0.8962587746697369,8,553846,0.271196,0.23906358170068528,267.84906493570844,0.4080493479493292,1,39.2
2023-04-09,42,73748,575,Unemployed,Master,22,13276,12,Divorced,2,Mortgage,418,0.2975001447508725,1,1,0.04769019472385427,0,Auto,0,21,1,10921,796,50242,14951,6145.666666666667,0.8771656558113298,4,35291,0.19077600000000003,0.1919898300797922,1224.7318539605792,0.267299211470507,0,57.0
2023-04-10,51,84330,523,Self-Employed,Bachelor,28,18133,72,Divorced,0,Rent,399,0.10749631668722998,9,1,0.28372004240712,0,Home,0,25,24,15610,2756,71523,12777,7027.5,0.8684241210742761,4,58746,0.271633,0.2733691657788075,514.7719312330792,0.13002802294316318,1,40.800000000000004
2023-04-11,19,31664,581,Employed,Bachelor,0,21102,60,Divorced,4,Rent,335,0.03118643159036656,1,1,0.38355490741611786,0,Home,0,20,21,827,1207,147765,32865,2638.6666666666665,0.7641457470470241,7,114900,0.23560200000000003,0.27133195330869986,646.0374510847772,0.3717928692842764,0,50.0
2023-04-12,46,95037,565,Employed,Doctorate,23,17009,120,Married,0,Other,258,0.13296020588320515,3,0,0.1717481650285886,0,Auto,0,28,7,12949,294,35568,78597,7919.75,0.7729078641519491,4,7202,0.289509,0.29360431550154426,440.37345116888946,0.08818124955571696,0,49.0
2023-04-13,44,92054,546,Self-Employed,Associate,18,17414,24,Married,3,Own,983,0.17426592212820236,2,3,0.22239111208484352,0,Debt Consolidation,0,18,22,9073,247,51882,65632,7671.166666666667,0.903715823468654,8,5746,0.21941399999999997,0.21033061409138154,895.1125372379587,0.24482749741299134,1,42.400000000000006
2023-04-14,62,74817,558,Employed,Associate,36,29937,24,Divorced,3,Mortgage,438,0.0992548348639666,6,1,0.21259666097559532,0,Home,0,27,8,3711,219,31700,12026,6234.75,0.5610649884065539,6,19674,0.22593699999999997,0.22842993179309337,1565.5670600192184,0.3213548354014545,0,52.0
2023-04-15,50,48634,639,Self-Employed,Associate,25,32891,36,Married,0,Own,507,0.1808864062820435,6,2,0.21073718130907163,0,Debt Consolidation,0,19,20,3676,432,85596,14973,4052.8333333333335,0.8843545329328094,5,70623,0.198391,0.17883717592743437,1187.1706918366833,0.4180213081802895,0,50.0
2023-04-16,30,45472,572,Employed,Bachelor,6,14493,36,Married,1,Own,688,0.015784574132817895,5,2,0.284943828411537,0,Auto,0,23,21,2865,871,71370,5118,3789.3333333333335,0.8069588419659185,6,66252,0.21349300000000002,0.1868128904381406,528.923207468775,0.32114440731934596,1,40.0
2023-04-17,32,96842,623,Employed,High School,12,26720,84,Married,2,Own,399,0.20752960837607695,1,1,0.254920226487054,0,Other,1,22,2,711,380,16312,6981,8070.166666666667,0.925836675534011,0,9331,0.24022000000000002,0.23580832627351042,652.2733746870842,0.13026662497929628,0,58.0
2023-04-18,43,229651,598,Employed,Doctorate,18,29431,36,Married,0,Rent,255,0.5004823456715046,4,0,0.23963566720995189,0,Education,0,25,21,10704,1384,167907,29856,19137.583333333332,0.922199139530992,3,138051,0.215431,0.20665799166268076,1103.7712157899332,0.07100014626315235,1,37.6
2023-04-19,42,87311,611,Employed,Bachelor,23,16247,24,Single,1,Rent,398,0.4968241800823092,3,1,0.09765443496636579,0,Home,0,26,10,1646,768,41836,21988,7275.916666666667,0.8173818099946694,3,19848,0.185747,0.193252012781789,821.558115623483,0.16761573441469912,1,37.6
2023-04-20,53,62460,563,Employed,High School,32,20435,24,Widowed,0,Mortgage,557,0.6439147711734508,2,1,0.20312070423584103,0,Debt Consolidation,0,25,25,6644,437,26762,40512,5205.0,0.8548636324713275,6,4155,0.213935,0.171148,1011.4802438851109,0.30134106510761016,1,43.2
2023-04-21,72,66103,597,Employed,High School,47,25282,72,Single,0,Own,152,0.5503970391227482,1,0,0.23106612122896553,0,Debt Consolidation,0,20,7,2239,1351,63426,3447,5508.583333333333,0.8741593926709664,5,59979,0.241782,0.23270637603661695,654.4457740328238,0.14639803470937607,0,52.0
2023-04-22,27,32050,581,Employed,High School,7,40355,72,Married,1,Mortgage,253,0.338364999526603,3,2,0.2829387457593857,0,Auto,0,25,22,8992,5015,14922,48691,2670.8333333333335,0.773551593854921,7,4083,0.264855,0.27720018068214314,1155.360365768348,0.5273112133922051,0,53.0
2023-04-23,50,70353,523,Unemployed,Doctorate,28,31246,60,Married,2,Other,505,0.4340876081162165,1,1,0.37283166629954934,1,Education,0,26,29,1329,304,43877,8465,5862.75,0.6441767734164628,6,35412,0.274746,0.23336581696175618,886.8922799796336,0.23741286597239072,0,70.0
2023-04-24,51,21706,602,Employed,Associate,28,42755,72,Single,3,Rent,340,0.40786655461579263,9,2,0.08089313670014237,0,Debt Consolidation,1,28,19,7636,1434,251481,8453,1808.8333333333333,0.7028566569279366,4,243028,0.256755,0.2296988030545159,1099.0185366394733,0.7955506514177499,0,52.0
2023-04-25,47,15000,538,Employed,Bachelor,24,29687,24,Married,2,Mortgage,408,0.4762130725477336,6,1,0.32799975216016075,0,Home,0,24,23,1415,1799,1103856,9030,1250.0,0.7355967153031734,6,1094826,0.23568699999999998,0.20435845693891225,1517.2721105481519,1.5402176884385215,0,49.0
2023-04-26,40,46433,573,Unemployed,Bachelor,17,20344,24,Divorced,2,Own,223,0.031496487326433203,1,0,0.33149106019276514,0,Debt Consolidation,0,19,24,11187,464,25014,16476,3869.4166666666665,0.8560163156401828,6,8538,0.208844,0.20748146809132662,1042.8747511932188,0.3271487307371616,0,57.0
2023-04-27,55,97488,645,Employed,Associate,31,20465,36,Married,0,Rent,351,0.19599529476272123,6,2,0.21325652181939592,0,Debt Consolidation,0,22,29,5104,195,57087,22362,8124.0,0.7651726350047655,10,34725,0.18296500000000002,0.16289885198053153,722.4209992322074,0.13212961585822344,1,37.6
2023-04-28,42,50466,555,Employed,Associate,19,12802,96,Single,1,Mortgage,657,0.45631640182621225,2,4,0.27303452131424555,0,Debt Consolidation,0,22,20,9841,4401,19839,23478,4205.5,0.6398679931097819,8,7990,0.270302,0.28161790169574585,336.76289097008794,0.23630077065035976,0,53.0
2023-04-29,35,57523,527,Employed,Bachelor,15,10104,60,Married,2,Rent,408,0.17015499113305046,4,0,0.1290585030477414,0,Debt Consolidation,0,25,26,1840,458,14740,22808,4793.583333333333,0.8437534032847661,10,9610,0.251604,0.24090212368797598,291.20084064222044,0.14586183070609401,1,39.2
2023-04-30,27,15000,504,Employed,High School,6,29505,48,Divorced,3,Own,273,0.27448014615913185,3,1,0.6605942442652813,0,Education,0,17,6,1674,463,168169,58872,1250.0,0.7368933142195451,4,109297,0.272505,0.23923982434085167,960.677624601844,0.9869420996814752,0,58.0
2023-05-01,58,91941,582,Employed,High School,34,13955,48,Married,4,Other,421,0.4044211720374053,4,0,0.44411680832896855,0,Home,1,30,27,2906,447,117913,31519,7661.75,0.8611135745966843,2,86394,0.217955,0.21760433012964306,437.8543409027466,0.11209636713580404,1,48.0
2023-05-02,40,49665,637,Employed,Bachelor,17,31299,96,Married,2,Rent,184,0.4523967352525522,3,2,0.11775095217721322,0,Education,0,20,11,5177,228,240112,24394,4138.75,0.8715947472761997,3,215718,0.247799,0.2689032181822705,796.2273655579494,0.23684140514840216,0,45.0
2023-05-03,49,26619,622,Employed,Bachelor,28,30243,24,Single,0,Mortgage,355,0.3902872929124588,1,1,0.1464784678449259,0,Auto,0,26,2,5050,1731,132346,15299,2218.25,0.9532910562881374,4,117047,0.194243,0.20909854866742578,1552.717491699269,0.8600101393888285,0,49.0
2023-05-04,64,28194,663,Employed,Associate,42,24186,48,Married,4,Own,350,0.044013812014904126,1,1,0.1769248251443717,0,Auto,0,19,13,957,898,106377,32728,2349.5,0.9328745701026736,4,73649,0.187686,0.20395347356311674,741.0928661393219,0.4643936438132887,0,43.0
2023-05-05,46,25380,574,Employed,High School,24,43733,60,Single,2,Mortgage,247,0.3839208199852163,5,1,0.35662335265682893,0,Home,0,23,27,540,12592,331678,8857,2115.0,0.868435099251079,3,322821,0.261733,0.23560060117043,1246.9667362611278,0.7063672511872945,0,50.0
2023-05-06,41,36018,548,Employed,High School,20,86636,36,Married,4,Rent,244,0.11408070085931327,3,0,0.22456447762548076,0,Home,0,21,13,4110,1541,67259,25839,3001.5,0.7979597074093917,7,41420,0.297636,0.2761438496264686,3565.5511033118537,1.2692157598906726,0,52.0
2023-05-07,18,37024,605,Employed,Bachelor,0,28674,96,Divorced,2,Rent,498,0.10915588266302076,5,0,0.2504101011989929,1,Debt Consolidation,0,21,27,1126,529,239390,63803,3085.3333333333335,0.6165357408231014,4,175587,0.261174,0.26950634069606794,730.6198248999541,0.3982129942415581,0,57.0
2023-05-08,51,54673,469,Employed,Master,28,15396,48,Married,2,Rent,335,0.13789050904052072,3,1,0.16485152208539403,0,Home,0,27,8,1626,2216,79330,4409,4556.083333333333,0.9491122304199212,7,74921,0.275896,0.3036525922622894,557.6237812840714,0.19591910770231846,0,48.0
2023-05-09,19,20842,528,Employed,Bachelor,1,31542,36,Divorced,0,Mortgage,937,0.22479881672114155,2,0,0.052716382578682955,0,Home,0,17,9,189,622,85543,9892,1736.8333333333333,0.724549537260371,3,75651,0.25254200000000004,0.26193617296557165,1274.102227948611,1.2730652881385345,0,51.0
2023-05-10,36,19217,611,Employed,Bachelor,17,27954,120,Single,0,Mortgage,1057,0.3720187782583693,3,1,0.22556817976767216,0,Debt Consolidation,0,24,16,10830,1573,24271,90896,1601.4166666666667,0.8579123771611535,5,6024,0.277454,0.24588513596787068,627.8420645817275,1.052094748138665,0,51.0
2023-05-11,62,18047,644,Unemployed,High School,36,14825,48,Married,0,Own,285,0.34644793400243484,2,2,0.5091188468762038,0,Auto,0,20,7,44756,3878,97340,82055,1503.9166666666667,0.710726607953436,6,15285,0.18782500000000002,0.18008437590750528,435.549735500211,0.47911546661509014,0,61.0
2023-05-12,29,36206,642,Self-Employed,Doctorate,4,14308,72,Married,1,Rent,276,0.553535227303804,2,1,0.503234148789696,0,Home,0,22,9,2880,1894,103427,8016,3017.1666666666665,0.7909212859909552,5,95411,0.208308,0.21307063040143537,353.6432291790787,0.20868692344221798,0,59.0
2023-05-13,18,25682,507,Self-Employed,Associate,0,51269,48,Married,3,Own,294,0.1481974402479889,5,0,0.24669102936486123,0,Home,0,19,21,5563,302,143973,7791,2140.1666666666665,0.7051311438030705,5,136182,0.292769,0.2969457548783997,1836.8950697662274,0.9956678154814552,0,52.0
2023-05-14,31,40631,584,Employed,Master,6,50333,120,Married,3,Mortgage,244,0.19199829394665152,2,1,0.15717464384203758,0,Home,1,32,18,3841,4330,35190,12977,3385.9166666666665,0.8228485351080996,5,22213,0.313333,0.3126056372724963,1373.9649263843094,0.47785137251388626,0,56.0
2023-05-15,51,70141,630,Employed,Associate,26,11791,60,Divorced,0,Rent,178,0.13683557036748725,1,0,0.238544759592941,0,Debt Consolidation,0,22,17,838,1435,86032,111712,5845.083333333333,0.8788698845351718,2,6220,0.201791,0.19085112872391696,306.41750456022,0.08287606470855334,1,38.400000000000006
2023-05-16,40,56776,588,Employed,Associate,18,7287,96,Married,4,Rent,330,0.6336083058890499,5,1,0.13310575853627146,0,Home,0,30,27,5306,491,18083,116827,4731.333333333333,0.7783945689477556,4,2710,0.24828699999999998,0.21123344956322201,157.82930513985875,0.10310609521062254,1,41.6
2023-05-17,54,36355,570,Employed,High School,32,50425,48,Divorced,0,Mortgage,995,0.5319655256074219,3,2,0.37012628140303505,0,Debt Consolidation,0,22,11,4524,1337,109950,19132,3029.5833333333335,0.7988710424367417,5,90818,0.260425,0.2638920126792435,1711.255103780391,0.8932763373776562,0,54.0
2023-05-18,38,56599,610,Employed,Doctorate,15,36753,96,Married,2,Rent,462,0.49225422860152385,2,1,0.41125981241637866,0,Debt Consolidation,0,30,18,3859,882,182726,10197,4716.583333333333,0.33010637187956343,3,172529,0.266753,0.23670229710218615,856.245204234459,0.27949155375207174,0,50.0
2023-05-19,25,47613,613,Employed,Master,2,15669,48,Married,0,Mortgage,182,0.24618644913220766,3,2,0.20230220881633582,0,Auto,0,34,15,4291,5203,110588,74463,3967.75,0.5882857234895507,4,36125,0.204169,0.20620656036659948,482.0101407411698,0.1673518091465364,1,40.0
2023-05-20,52,110272,662,Employed,Bachelor,27,63513,72,Single,4,Own,399,0.4476037865774143,4,1,0.020134069152054745,0,Debt Consolidation,0,25,29,3622,1412,38673,31582,9189.333333333334,0.7918370478894962,6,7091,0.24751299999999998,0.2911184603901657,1874.5189426857614,0.24740847461031934,0,44.0
2023-05-21,22,29440,530,Employed,Doctorate,0,22868,36,Divorced,5,Own,730,0.03601839254456225,2,1,0.5308573534915804,0,Other,0,31,7,6669,3337,15154,5000,2453.3333333333335,0.7077762214739417,6,10154,0.242868,0.2580513976638554,918.9938237884363,0.6721442216528951,0,60.0
2023-05-22,24,56233,595,Employed,Bachelor,1,34772,24,Married,4,Other,443,0.2683868006536187,0,0,0.19390610424781518,0,Home,0,21,2,7334,538,68854,92769,4686.083333333333,0.815709610789778,7,8041,0.212272,0.1940495435236258,1759.657358610068,0.47004229373003076,0,54.0
2023-05-23,31,40748,521,Employed,High School,10,8469,60,Married,2,Mortgage,439,0.1843788339194311,2,2,0.3552111767255094,0,Debt Consolidation,0,22,25,2343,494,45615,24650,3395.6666666666665,0.7621247275728257,5,20965,0.252969,0.28823077126840063,267.91042126364067,0.20818015743505666,0,54.0
2023-05-24,18,40069,598,Employed,Associate,0,35343,12,Single,2,Rent,410,0.1341729592710634,2,1,0.16014566483659856,0,Home,0,29,2,469,843,9014,5423,3339.0833333333335,0.36837780159336614,4,3591,0.201343,0.1903126199091244,3257.617284937716,1.0983904619344778,0,54.0
2023-05-25,58,133435,646,Self-Employed,Associate,35,9071,60,Married,0,Mortgage,170,0.4337371930348452,2,3,0.35700624622258637,0,Home,0,28,25,1503,211,29898,6588,11119.583333333334,0.5754412127595778,8,23310,0.191071,0.15813108317774668,219.6893443657594,0.03504531893722871,1,42.400000000000006
2023-05-26,18,33191,536,Self-Employed,High School,0,15314,120,Single,2,Mortgage,934,0.09726028516996967,4,1,0.09464251601733335,0,Debt Consolidation,0,16,5,1960,1684,47649,5836,2765.9166666666665,0.8506788414099836,4,41813,0.30231399999999997,0.32553790197044896,432.874988332886,0.4941851664606259,0,55.0
2023-05-27,60,63074,655,Employed,Bachelor,41,23930,36,Married,5,Mortgage,257,0.17899896212017274,1,0,0.2507238511573532,0,Home,1,28,17,12832,1867,104195,12647,5256.166666666667,0.8915809419713294,6,91548,0.18143,0.16495710849819914,847.1759974610892,0.21007248580291513,0,49.0
2023-05-28,27,36607,586,Employed,Associate,6,20627,60,Married,5,Own,437,0.10981894570703027,0,1,0.7448586311248708,0,Debt Consolidation,0,24,12,1102,960,109412,34037,3050.5833333333335,0.7394275311780197,4,75375,0.23262700000000003,0.22512375173664798,575.7205837735594,0.33197604297764666,0,56.0
2023-05-29,37,26592,596,Employed,High School,16,14865,120,Single,3,Rent,308,0.49504251339784744,3,0,0.37099540178616935,0,Home,0,18,10,10533,978,216890,37235,2216.0,0.6415051447702599,7,179655,0.271865,0.28537873649335643,375.9108697531299,0.3086240386972608,0,53.0
2023-05-30,39,107010,592,Self-Employed,Master,16,13699,60,Married,1,Rent,430,0.2614626594378547,2,1,0.2030195268438506,0,Home,0,22,3,2433,398,33273,15467,8917.5,0.8833846990524286,5,17806,0.22269899999999998,0.20041302370799563,363.2546052723904,0.08895481976701883,1,45.6
2023-05-31,39,25136,477,Employed,Associate,19,26465,72,Married,4,Mortgage,513,0.13985399473118929,1,2,0.35305351875988594,0,Auto,0,31,27,4960,168,90879,13608,2094.6666666666665,0.8992956194296522,7,77271,0.302965,0.3022314082575553,799.9883784987065,0.6268244964188605,0,53.0
2023-06-01,41,54151,592,Employed,Bachelor,20,20282,36,Single,0,Mortgage,775,0.310232487260485,3,3,0.21334837830388242,0,Home,0,26,12,1343,6482,51347,6718,4512.583333333333,0.8564525333975646,5,44629,0.209282,0.16750388270239513,720.5915435415449,0.3314269085058178,1,41.6
2023-06-02,40,246681,621,Employed,Associate,17,18572,24,Married,2,Mortgage,780,0.2981695483968271,1,1,0.2976409858453931,0,Debt Consolidation,0,25,28,765,3130,25353,29604,20556.75,0.8804634985526144,3,1655,0.183072,0.16508783939810157,913.8642378201035,0.08239941808992683,1,37.6
2023-06-03,40,64983,581,Unemployed,Bachelor,18,30444,72,Single,3,Mortgage,871,0.6168873964762601,1,1,0.03643995907535531,0,Home,0,33,21,390,2451,54203,22973,5415.25,0.7456183533288594,4,31230,0.254944,0.290257248950592,896.8467363427468,0.3264570862550661,0,55.0
2023-06-04,53,39482,599,Employed,Bachelor,31,15864,36,Widowed,4,Mortgage,398,0.46552876113726666,1,0,0.15798771169574113,0,Home,0,20,15,2016,5627,64531,137623,3290.1666666666665,0.7067267444083304,4,7146,0.201364,0.2048662675470833,593.5039135363953,0.3013537045346422,0,52.0
2023-06-05,36,58624,523,Employed,Associate,13,13760,24,Married,0,Mortgage,556,0.2163919028463075,5,0,0.22209955049512092,0,Other,0,21,27,2506,992,84567,9729,4885.333333333333,0.6740219962560815,5,74838,0.22726,0.23161290456204062,721.7590132142063,0.26155001635116126,1,40.0
2023-06-06,67,70419,651,Employed,Doctorate,44,13835,84,Divorced,3,Rent,382,0.7013180202514117,2,0,0.39129338046426065,0,Debt Consolidation,0,29,27,2341,689,64937,27622,5868.25,0.8936569227069691,8,37315,0.213335,0.18012262310436913,290.8812335901518,0.11466471837262418,1,40.0
2023-06-07,43,102333,547,Employed,Doctorate,22,26726,24,Divorced,1,Rent,288,0.11733473658836947,2,0,0.22537287975925865,0,Debt Consolidation,0,23,17,838,336,59939,49503,8527.75,0.926193758769363,1,10436,0.22822599999999998,0.1825808,1337.606624054245,0.1906255019265627,1,40.0
2023-06-08,34,54948,607,Employed,High School,13,17763,48,Divorced,2,Rent,194,0.4033238801891451,2,1,0.37596321075736755,0,Education,0,22,21,2782,704,34215,19472,4579.0,0.855830153559873,5,14743,0.209263,0.19530063506729226,536.0970248571724,0.15944464399588829,0,52.0
2023-06-09,25,33412,543,Employed,High School,1,27815,72,Divorced,0,Mortgage,491,0.13530273705375886,6,1,0.08159252576674533,0,Home,0,17,7,861,1001,40724,12073,2784.3333333333335,0.9247631242346342,3,28651,0.271315,0.2523690336846161,753.3060870945162,0.446895517931707,0,51.0
2023-06-10,23,15000,520,Employed,High School,0,22145,60,Married,2,Mortgage,386,0.7327708516066436,3,0,0.5660250453649502,0,Education,0,19,26,16649,765,58152,141302,1250.0,0.9099008059879571,4,5894,0.267145,0.2876981965185324,699.8236612654056,0.8686589290123243,0,62.0
2023-06-11,33,50771,589,Employed,Bachelor,9,10446,24,Single,3,Mortgage,457,0.6291490350833064,2,3,0.12684088724686168,0,Home,0,28,23,3573,578,202326,96626,4230.916666666667,0.8243036776830924,5,105700,0.190946,0.17169991518385658,517.3275291063356,0.23028757261578514,1,38.400000000000006
2023-06-12,23,35776,554,Employed,Associate,0,4921,60,Married,0,Own,422,0.553197968191471,1,2,0.1275664043735602,0,Auto,0,32,5,1356,719,50896,2608,2981.3333333333335,0.663965372551345,5,48288,0.232921,0.24491103481751925,142.9733891876604,0.18950359655221166,0,54.0
2023-06-13,34,42590,600,Employed,Bachelor,16,28071,60,Single,4,Rent,327,0.33094255114795007,3,1,0.4266135922757516,0,Auto,0,29,20,2770,876,41523,4748,3549.1666666666665,0.8451683831942377,4,36775,0.23307099999999997,0.2040043611115394,749.9780829199408,0.30344533916504557,0,54.0
2023-06-14,22,15000,567,Self-Employed,High School,0,28121,36,Single,2,Mortgage,233,0.3341759103031016,4,0,0.23649437335306533,0,Education,0,34,8,725,717,11790,166298,1250.0,0.8814505543111576,6,1558,0.229621,0.24420723544216047,1109.4886240682094,1.0739908992545675,0,58.0
2023-06-15,18,45431,509,Employed,High School,0,16974,48,Married,2,Rent,209,0.1692085494908382,3,2,0.12319380629291554,0,Home,0,22,3,12103,2187,75088,3849,3785.9166666666665,0.9292892012944297,3,71239,0.257474,0.26627046615698696,578.321798538927,0.20796067844571162,0,51.0
2023-06-16,52,148564,593,Employed,High School,29,8234,72,Married,0,Mortgage,554,0.27652614627515637,4,3,0.22910267263286865,0,Education,0,36,14,2396,2403,80324,25083,12380.333333333334,0.9203472523240769,3,55241,0.226734,0.22024919762049144,207.01034561043292,0.061469293687065475,1,38.400000000000006
2023-06-17,23,20260,588,Employed,Associate,1,14453,60,Married,1,Mortgage,351,0.3994784130250579,3,4,0.2936990036800798,0,Auto,0,30,19,4550,1522,137266,24965,1688.3333333333333,0.6941957901253238,4,112301,0.22545300000000001,0.23850611876990532,414.53112780123536,0.4534241625673655,0,50.0
2023-06-18,33,26549,527,Employed,High School,11,33219,84,Single,4,Mortgage,109,0.09495262362781501,2,2,0.569813443901842,0,Auto,0,25,15,3038,203,31169,25997,2212.4166666666665,0.8437135057265128,6,5172,0.294719,0.3022245668888644,954.8045986268271,0.4808337482964302,0,59.0
2023-06-19,25,35049,549,Employed,Bachelor,1,16679,60,Widowed,4,Own,587,0.37118012521308164,6,2,0.4435501013540659,0,Education,0,31,19,1214,2795,15637,40478,1882.0833333333333,0.5497150137332646,3,10874,0.24717899999999998,0.22585075268564658,466.22129047516063,0.5596039621740947,0,57.0
2023-06-20,51,73449,608,Employed,Bachelor,30,48091,60,Single,0,Rent,327,0.49829408983916257,3,1,0.2758077429934061,0,Debt Consolidation,0,26,22,75198,2164,77362,34148,6120.75,0.8841431971544915,5,43214,0.249091,0.2303284424440721,1356.6155905396045,0.275066877513312,0,50.0
2023-06-21,43,53311,617,Employed,Master,19,19548,108,Divorced,3,Rent,176,0.3013485419754908,3,1,0.41219228704643274,0,Education,0,42,23,5269,668,519307,6708,4442.583333333333,0.9738467620426228,8,512599,0.25604800000000005,0.27606774234113307,491.88776562306526,0.1503377011775578,1,36.0
2023-06-22,32,51926,537,Employed,Associate,9,8338,36,Single,0,Mortgage,384,0.3215228718373049,5,1,0.11631206652301827,0,Other,0,38,6,6510,419,69518,11029,4327.166666666667,0.915521670750525,4,58489,0.224838,0.20240329904697693,310.8919275036863,0.16058820494635123,1,40.0
2023-06-23,29,144658,512,Employed,Bachelor,7,28928,48,Widowed,2,Mortgage,563,0.05250298436729967,2,0,0.25102528249670736,0,Debt Consolidation,0,33,9,2641,367,338848,226467,12054.833333333334,0.8729658244044828,2,112381,0.267928,0.2892335530187448,1023.5453184348574,0.13161072198715792,1,36.800000000000004
2023-06-24,41,92576,463,Employed,High School,21,19727,48,Married,1,Mortgage,432,0.3472248420190579,4,0,0.3880187481284351,0,Auto,0,26,2,8762,1701,31289,11615,7714.666666666667,0.8161322014205198,8,19674,0.283227,0.2934363302294651,702.779257793787,0.14709375101025585,0,57.0
2023-06-25,47,270847,633,Employed,Bachelor,21,40904,60,Single,5,Rent,394,0.4612935777194785,5,0,0.4699670868938657,0,Auto,0,26,16,4033,3146,70299,21180,22570.583333333332,0.8279297281293504,8,49119,0.229404,0.2048017995733372,1094.6634519345992,0.06595591394113721,1,41.6
2023-06-26,29,15339,549,Employed,Associate,8,11640,120,Married,2,Mortgage,243,0.4298839815444611,3,0,0.04826020607814915,0,Education,0,19,12,212,6894,41623,43776,1278.25,0.9181004410867238,4,5966,0.29214,0.2967792402026971,304.0857674597551,0.42799590648132607,0,53.0
2023-06-27,43,47206,574,Employed,Associate,23,12489,12,Married,0,Mortgage,664,0.2163102155279961,4,2,0.38557217189306386,0,Other,0,35,25,9787,2516,256154,6392,3933.8333333333335,0.9603572171656828,10,249762,0.19048900000000002,0.19486164882696147,1153.8432529049178,0.46210479673895294,1,40.800000000000004
2023-06-28,63,43591,542,Employed,Bachelor,38,10172,72,Single,0,Rent,142,0.056749313084357024,3,2,0.12511494139219484,0,Home,0,22,2,4444,718,24746,79257,3632.5833333333335,0.5194803718385534,5,7151,0.254172,0.25240743003661115,275.5095386764001,0.11493460723811798,0,54.0
2023-06-29,38,86154,612,Self-Employed,Associate,18,14912,48,Single,0,Mortgage,677,0.13084498738274739,0,1,0.2921027760527163,0,Auto,0,32,17,1408,280,20578,8737,7179.5,0.601794380882791,6,11841,0.203912,0.2167122370416744,467.16101709378376,0.15936499994342,1,40.0
2023-06-30,52,29310,620,Employed,High School,31,36494,36,Single,4,Own,1035,0.05913944018775008,9,0,0.0578951120486326,0,Debt Consolidation,0,24,5,7675,4299,34507,15314,2442.5,0.7782298528240562,3,19193,0.21149400000000002,0.21596653113608566,1386.1189625376287,0.991246248735979,0,50.0
2023-07-01,32,47429,471,Self-Employed,Bachelor,10,18390,60,Single,3,Other,276,0.29126658878983186,6,1,0.35376818292658274,0,Debt Consolidation,0,25,2,8297,5860,50019,4469,3952.4166666666665,0.5085965079199085,1,45550,0.28789,0.2570329887356522,547.3796292361017,0.20832308399572455,0,62.0
2023-07-02,30,32859,574,Employed,Associate,5,24386,36,Single,3,Mortgage,1010,0.3337702436557942,3,1,0.16911882785887555,0,Education,0,18,23,25713,1187,445672,32124,2738.25,0.7676900232427217,6,413548,0.222386,0.20259946303937318,909.5042885289221,0.7009967272998894,0,45.0
2023-07-03,42,111679,581,Self-Employed,Associate,20,22513,48,Single,2,Other,216,0.40193588406047087,3,1,0.2382833570458349,0,Auto,0,21,8,5190,162,99757,14664,9306.583333333334,0.8572326352673099,6,85093,0.22701300000000002,0.24593856887105578,741.3757889581638,0.1028708124848715,1,43.2
2023-07-04,18,81610,552,Employed,High School,0,16258,36,Married,0,Rent,420,0.2191457822073705,3,2,0.39566551428611224,0,Other,0,21,4,2643,1895,14320,30803,6800.833333333333,0.8980846990251563,2,8524,0.22525799999999999,0.24551780963324352,642.5674154499519,0.15624076688395325,0,56.0
2023-07-05,61,65565,666,Employed,Bachelor,33,29054,48,Single,5,Own,395,0.4489526989906412,1,0,0.2900719338088131,0,Auto,0,32,6,364,3689,167226,6607,5463.75,0.9107250838699079,2,160619,0.191054,0.16526327509648867,831.2513325042337,0.22443401189736603,1,36.0
2023-07-06,44,92117,659,Employed,Master,24,19124,48,Married,4,Rent,783,0.5344727611476838,3,3,0.09242654821011226,0,Home,0,23,8,1555,372,63526,30655,7676.416666666667,0.8297148143989351,6,32871,0.184624,0.1880848254562739,569.8789618774057,0.1762383440898951,1,36.0
2023-07-07,49,161053,635,Unemployed,High School,27,20926,60,Married,1,Rent,295,0.19375118832998153,6,0,0.3896527306105827,0,Other,0,26,1,2162,1091,83167,86180,13421.083333333334,0.8430797040752589,8,5827,0.208426,0.24061943772002084,602.7510730082388,0.06689110340135772,1,44.0
2023-07-08,56,30204,556,Self-Employed,Associate,33,16809,36,Single,5,Other,237,0.11808056193033596,3,0,0.5696614291847025,1,Home,0,20,19,1291,451,47953,34962,2517.0,0.6341223978128196,5,12991,0.22380899999999998,0.20166499196710821,626.1095907722749,0.3429120344744835,0,73.0
2023-07-09,39,67416,593,Employed,Bachelor,16,30872,24,Married,2,Rent,478,0.0731904325922795,1,0,0.13345360725954628,0,Home,0,18,8,1564,1816,13116,42764,5618.0,0.8123936236904188,3,8021,0.209372,0.207547550702815,1582.6614801931523,0.36679627628927597,0,50.0
2023-07-10,31,42491,596,Employed,Doctorate,3,19390,84,Married,2,Own,579,0.514769907090899,5,1,0.2083163995515161,0,Home,0,32,1,2180,442,245468,46386,3540.9166666666665,0.7440005788139824,2,199082,0.24639,0.2111185820603203,443.6528280431657,0.2888101936061281,0,54.0
2023-07-11,36,57840,560,Employed,High School,13,40735,36,Married,2,Mortgage,118,0.01332141367269238,2,0,0.3219660967329089,0,Home,0,26,24,1482,3636,50818,39360,4820.0,0.582048430373392,10,11458,0.24573499999999998,0.2346074993683053,1586.6394730929912,0.3536596417205376,0,53.0
2023-07-12,36,28782,607,Employed,Master,15,23828,84,Single,0,Mortgage,472,0.13139526236175053,2,1,0.33815367163126925,1,Other,0,24,29,2392,1318,56117,38961,2398.5,0.4736538464164216,6,17156,0.245328,0.25902397319212844,616.9414421675801,0.45400935675112786,0,64.0
2023-07-13,45,27998,600,Employed,Associate,20,13747,96,Married,0,Rent,607,0.17598247051102972,2,2,0.1691052864652862,0,Debt Consolidation,0,31,7,2774,2714,21830,14661,2333.1666666666665,0.8451261801660127,4,7169,0.248747,0.24422187269529708,327.0502259917605,0.40033583512754933,0,49.0
2023-07-14,43,38724,527,Employed,Bachelor,20,12927,36,Single,0,Mortgage,367,0.2721672017282938,4,1,0.09393614841889088,0,Debt Consolidation,0,24,4,12872,2094,53290,120446,3227.0,0.9047814902093065,4,1642,0.234427,0.26907386223898444,527.1054728460364,0.2770701806154436,0,54.0
2023-07-15,37,41699,503,Employed,High School,13,16708,60,Single,1,Rent,559,0.03465901325553736,4,0,0.21804764171509436,0,Home,0,20,29,6622,2958,22380,22162,3474.9166666666665,0.7312867837081357,4,9756,0.270208,0.3016655325739417,542.2710697219937,0.3169201380528052,0,52.0
2023-07-16,48,25779,629,Employed,Bachelor,26,29662,60,Divorced,3,Mortgage,335,0.47947914345284476,5,1,0.18332506833420584,0,Debt Consolidation,0,24,4,28662,776,110583,21910,2148.25,0.49349742984196193,3,88673,0.22016200000000002,0.1878084808083568,765.8762349742573,0.512452570685096,0,51.0
2023-07-17,29,15058,493,Employed,High School,5,29148,48,Married,0,Mortgage,156,0.04021652444536132,2,2,0.1798596051965237,0,Debt Consolidation,0,29,26,2544,1064,48975,5703,1254.8333333333333,0.5911162976195041,8,43272,0.277648,0.3018334817544262,1052.613266581388,0.9631663699679012,0,51.0
2023-07-18,51,47897,655,Unemployed,Bachelor,30,11055,12,Widowed,1,Mortgage,527,0.1832219376017987,3,2,0.29948712029256064,0,Debt Consolidation,0,25,14,4022,1773,178619,25772,2366.0,0.7805953957090475,6,152847,0.14855500000000002,0.178266,1012.6102489922889,0.6507228440373157,0,45.0
2023-07-19,28,94489,488,Employed,Bachelor,5,26616,96,Single,3,Own,436,0.26067537062810897,3,0,0.3003887748069521,0,Auto,0,22,13,3767,16864,45527,43721,7874.083333333333,0.929848516877717,9,1806,0.317616,0.35128062230748364,831.2324348825346,0.160937137852982,0,53.0
2023-07-20,19,61979,424,Self-Employed,Bachelor,0,35596,48,Divorced,0,Mortgage,447,0.19029752265554947,3,0,0.23601964680049603,0,Home,0,24,21,16960,285,327665,15669,5164.916666666667,0.9504612550235274,7,311996,0.318596,0.28122893279660754,1243.101388862878,0.32722723287491784,1,38.400000000000006
2023-07-21,54,32425,549,Employed,High School,31,14995,36,Single,1,Mortgage,440,0.4903445247164486,4,1,0.303753354763752,0,Auto,0,29,3,7276,408,22849,16891,2702.0833333333335,0.84643449864054,4,5958,0.225495,0.18896332638796967,548.8713913046081,0.36596628205567605,0,59.0
2023-07-22,28,113443,494,Employed,Associate,7,21873,36,Single,5,Rent,768,0.5141567624853209,3,0,0.24432844806166973,0,Debt Consolidation,0,19,7,4364,537,365714,22493,9453.583333333334,0.9168741144995105,3,343221,0.259873,0.23497505620228837,852.3798872612604,0.17140377676132615,1,37.6
2023-07-23,49,72441,547,Employed,High School,26,17123,48,Married,0,Rent,194,0.3248507956664761,1,0,0.19713054608226493,0,Home,0,15,6,13214,542,43325,27695,6036.75,0.8806079822511985,8,15630,0.238623,0.23286740572264483,551.5108847279997,0.12349540476713458,0,52.0
2023-07-24,35,141948,554,Employed,Bachelor,11,8548,36,Single,0,Mortgage,296,0.35663172368433266,4,1,0.2875495061735361,0,Education,0,28,17,2955,4790,97555,57865,11829.0,0.6729399167461674,7,39690,0.216548,0.21990909112684703,326.41179396090143,0.052617448132631785,1,40.0
2023-07-25,31,216647,539,Employed,High School,7,17115,108,Widowed,1,Mortgage,437,0.36741840400623643,2,2,0.6268083903996067,0,Education,0,31,9,1172,694,170966,50756,18053.916666666668,0.6767494537775588,6,120210,0.29261499999999996,0.31581918423172384,479.42797118437954,0.05076061821401891,1,42.400000000000006
2023-07-26,31,68889,441,Employed,Bachelor,8,36021,36,Married,0,Own,268,0.12720809955170753,1,0,0.23231880114107614,0,Auto,0,20,3,720,694,26021,106052,5740.75,0.7544408185995226,7,4437,0.30052100000000004,0.3215286001546858,1571.9311187784572,0.3205036134265483,0,54.0
2023-07-27,37,15055,528,Employed,Associate,15,37048,24,Married,2,Rent,417,0.44385700970312664,0,1,0.23472673584751394,0,Home,0,30,5,3059,301,18883,7999,1254.5833333333333,0.7258013234602686,8,10884,0.248048,0.24134588134626264,1961.2579593188348,1.895655630144538,0,57.0
2023-07-28,46,278852,619,Employed,Doctorate,24,45217,36,Divorced,4,Mortgage,674,0.010777251040008847,2,2,0.43180478490893404,0,Auto,1,27,16,4290,11174,51142,63886,23237.666666666668,0.8941927566892154,4,8333,0.22071700000000002,0.21647311881050305,1718.6185210928186,0.10296294182259344,1,44.800000000000004
2023-07-29,34,15000,569,Employed,Associate,13,12542,84,Divorced,1,Rent,424,0.3621598078635477,4,2,0.43286770239585365,0,Other,0,19,4,2746,683,116670,31141,1250.0,0.6784355570048308,2,85529,0.253042,0.26734702012878575,331.50012111328493,0.6044000968906279,0,59.0
2023-07-30,37,26679,564,Self-Employed,Master,18,24046,36,Single,0,Mortgage,493,0.4099606562340319,3,2,0.13990325271386236,0,Home,0,23,17,3200,4475,53144,42540,2223.25,0.939713501356874,4,10604,0.227046,0.20543545265042595,900.3090002089455,0.6266992017132331,0,56.0
2023-07-31,53,39354,531,Employed,Associate,29,21104,36,Divorced,2,Other,1000,0.21617337199054387,0,0,0.47636462440985017,0,Education,0,28,12,1031,963,113186,4613,3279.5,0.9338130824461625,8,108573,0.240604,0.23119715161916565,818.2473510208108,0.5544282210766308,0,53.0
2023-08-01,51,77476,521,Employed,High School,28,15553,60,Widowed,2,Mortgage,767,0.11409482954646151,6,1,0.2051138524366762,0,Home,0,22,9,602,2336,94021,16710,6456.333333333333,0.9492885158075859,8,77311,0.26005300000000003,0.2892611167375774,492.9819129125332,0.1951544085258712,0,50.0
2023-08-02,37,29400,508,Employed,High School,13,30956,72,Married,2,Rent,473,0.31434850677331067,5,2,0.5148184793806525,0,Education,0,28,11,6679,3903,61518,8089,2450.0,0.8513017863012169,2,53429,0.291956,0.2825301711408151,896.7041960321543,0.5590629371559814,0,58.0
2023-08-03,21,42617,434,Employed,Bachelor,0,20651,48,Married,2,Own,549,0.31777357022429276,4,0,0.27697926451302834,1,Education,0,27,26,16752,2895,43899,20636,3551.4166666666665,0.876965283769129,5,23263,0.29865099999999994,0.29579157215952334,738.513607047924,0.36253521563167485,0,65.0
2023-08-04,34,55225,508,Employed,High School,11,13765,24,Single,0,Mortgage,558,0.14020467569871445,3,1,0.13514892999760883,0,Home,0,25,1,1056,1304,56858,22271,4602.083333333333,0.9221845180271017,6,34587,0.234765,0.23793700765772888,726.3541019237964,0.27908101807307484,0,53.0
2023-08-05,35,99794,469,Employed,High School,10,23087,48,Single,2,Mortgage,533,0.47097864232496417,3,2,0.4396654435032429,1,Debt Consolidation,1,29,3,1083,126,14737,25452,8316.166666666666,0.7089652601140662,4,5412,0.283587,0.27842251954603137,802.548951852839,0.1605967034314094,0,77.0
2023-08-06,32,46971,486,Employed,Associate,8,38073,72,Divorced,2,Mortgage,858,0.2894511675846085,1,1,0.5928724725714575,0,Auto,0,24,10,6023,6286,25200,30635,3914.25,0.7300544037277367,3,3798,0.310073,0.35695517762181694,1288.690472825438,0.548429577269065,0,59.0
2023-08-07,33,41038,524,Employed,Associate,9,17967,48,Single,2,Mortgage,372,0.08934061062741525,3,2,0.2605014130026527,0,Other,0,23,21,3594,1016,55275,50332,3419.8333333333335,0.9066235451519974,4,4943,0.250967,0.28644840794717313,632.8356849720358,0.2938259227950784,0,52.0
2023-08-08,30,56658,580,Employed,Bachelor,6,36260,84,Single,1,Own,386,0.15752878595933015,3,1,0.33966486669398877,0,Home,0,27,13,8994,2625,277977,5150,4721.5,0.9568696654222607,5,272827,0.27126,0.25903570133708875,938.8513912287209,0.2805996804466209,0,47.0
2023-08-09,23,33478,513,Employed,Associate,0,59951,60,Married,1,Mortgage,784,0.3826929105601674,2,2,0.12013313762728552,0,Auto,0,23,22,10889,3534,135990,37861,2789.8333333333335,0.5149755532235725,6,98129,0.308451,0.32046215501757386,2015.638701895067,1.0035146789754705,0,49.0
2023-08-10,23,43880,563,Employed,High School,1,13930,60,Married,0,Mortgage,552,0.6905316956532768,6,1,0.2600045592844042,0,Auto,0,25,9,906,801,53328,82567,3656.6666666666665,0.8229069672111606,8,10668,0.23742999999999997,0.22434278079722167,388.17886648475564,0.257113637142595,0,56.0
2023-08-11,19,118803,598,Employed,Associate,0,16371,72,Single,2,Own,295,0.287334358436453,3,1,0.17782328158356825,0,Auto,0,30,6,243,528,49886,23080,9900.25,0.7767706299824436,3,26806,0.232371,0.22051454053969274,411.8399802084887,0.07139617486512852,1,40.800000000000004
2023-08-12,40,83778,500,Employed,Doctorate,15,15303,60,Single,4,Mortgage,274,0.33162595310038157,2,1,0.5203495352347115,0,Debt Consolidation,0,16,15,1510,256,15636,92922,6981.5,0.9302786783517856,5,2270,0.270303,0.28938055183623773,485.1688909570113,0.1087400832137809,1,45.6
2023-08-13,56,73308,564,Employed,Doctorate,33,33220,72,Single,1,Other,575,0.1232254596988733,3,2,0.2962083091131895,0,Debt Consolidation,1,26,21,1030,1498,60804,25146,6109.0,0.7308358717312661,0,35658,0.26622,0.319464,1041.4466899731585,0.2646008659311112,0,57.0
2023-08-14,26,50323,612,Employed,Master,5,9534,48,Married,0,Mortgage,225,0.24290858514585217,1,2,0.24778655505913597,0,Debt Consolidation,0,25,19,2592,745,140243,8849,4193.583333333333,0.8814542833593942,8,131394,0.19853400000000002,0.17651081796182447,278.3259570647084,0.1200228818785943,1,36.0
2023-08-15,18,31716,579,Employed,Bachelor,0,50939,60,Divorced,1,Other,657,0.4313074967123698,2,1,0.47109801141507057,0,Debt Consolidation,0,17,23,9594,808,25881,14573,2643.0,0.8636436310534079,6,11308,0.266439,0.25946016213998396,1523.5100178924513,0.8250132492971817,0,58.0
2023-08-16,50,73594,504,Employed,Associate,22,24993,60,Single,4,Mortgage,530,0.238866195424511,4,0,0.5395612735849706,0,Other,0,19,2,2492,6535,29076,22277,6132.833333333333,0.8509118678315738,5,6799,0.277993,0.2548373768070885,740.6824838743722,0.20719338270093307,0,62.0
2023-08-17,49,16712,606,Employed,Master,27,13540,60,Married,1,Own,384,0.39776920833833124,3,1,0.15285390760171563,0,Education,0,26,20,5090,2773,19540,79359,1392.6666666666667,0.855452694155795,4,10328,0.21554,0.2105480554798753,366.72004702190105,0.5390522118395652,0,49.0
2023-08-18,26,90346,611,Employed,Bachelor,5,14371,24,Widowed,3,Mortgage,256,0.017428982344796264,3,0,0.34432487530696954,1,Debt Consolidation,1,20,28,6332,977,9212,4542,7528.833333333333,0.6781160278182891,2,4670,0.18387099999999998,0.1649065018063295,707.0226105994619,0.1279112669868455,1,53.6
2023-08-19,32,40840,607,Employed,Master,12,26004,96,Married,0,Rent,168,0.3436829534095432,1,0,0.250537762660563,0,Debt Consolidation,1,24,14,969,600,46304,39265,3403.3333333333335,0.8634674746297414,4,7039,0.257504,0.26968435067629015,662.9011582484861,0.24414333738936908,0,56.0
2023-08-20,45,15000,537,Employed,High School,19,18426,12,Married,1,Mortgage,660,0.2550288389127093,0,2,0.4716492004920805,0,Auto,0,20,24,23364,753,24117,69757,1250.0,0.8911399326516237,8,10683,0.214926,0.24055229403486125,1742.8476510733815,1.9222781208587054,0,58.0
2023-08-21,47,56216,612,Employed,High School,26,20711,36,Married,2,Rent,576,0.4878045038825778,2,0,0.41989057616786496,0,Home,0,14,15,710,303,409473,11612,4684.666666666667,0.8590470289987601,3,397861,0.199711,0.22485163380983358,796.1701806762869,0.292906684362378,0,48.0
2023-08-22,18,38977,570,Employed,Associate,0,26281,36,Married,3,Rent,652,0.4206852924231964,3,0,0.4034188953219333,0,Home,0,26,7,2444,132,15436,6358,3248.0833333333335,0.6019381238665763,7,9078,0.226281,0.22350130484543285,1008.4499107116151,0.5112091471518941,0,59.0
2023-08-23,43,63273,626,Employed,Associate,21,15031,36,Single,1,Rent,297,0.3072237406264556,2,0,0.6422302128892025,0,Home,0,24,4,10444,3480,32613,42241,5272.75,0.8487549277471942,1,2218,0.187031,0.18828010890529964,549.670459782468,0.1605747398952099,0,58.0
2023-08-24,44,45442,491,Employed,High School,25,15949,48,Single,1,Rent,347,0.4116350906805718,3,0,0.22443992286404424,0,Auto,0,24,5,1402,122,68494,9380,3786.8333333333335,0.9292690717150538,3,59114,0.265449,0.23773513991168496,517.9717266795565,0.22841557854308078,0,54.0
2023-08-25,20,32004,556,Employed,Master,0,19453,60,Single,3,Mortgage,322,0.222149829504671,2,3,0.04590361220789331,0,Auto,1,27,3,284,998,7348,30348,2667.0,0.8033003939595031,6,6384,0.24645299999999998,0.2589973043895529,581.2777565159067,0.33868682284060997,0,60.0
2023-08-26,48,89454,597,Employed,High School,27,14431,120,Married,1,Mortgage,266,0.542063224325813,2,2,0.32243660148794356,0,Home,0,27,2,4522,1054,77701,25916,7454.5,0.6736792315096233,3,51785,0.27093100000000003,0.2806323122619685,359.9485391595094,0.08396921848004688,0,56.0
2023-08-27,52,75386,663,Employed,Bachelor,32,20572,48,Married,3,Rent,1068,0.5265522158766677,2,2,0.0658612842423536,0,Education,0,23,1,4672,2191,10144,13710,6282.166666666667,0.846422780665592,7,4495,0.184072,0.20493849764488817,631.4390790927371,0.27051798674969946,0,49.0
2023-08-28,61,62761,637,Employed,Master,37,22585,60,Single,1,Rent,492,0.14522670222052234,2,0,0.35303386843461876,0,Debt Consolidation,1,19,9,4218,3951,62192,81510,5230.083333333333,0.9349923558737278,6,5909,0.20908500000000002,0.18509000201158426,579.7825540762827,0.20492647741296977,0,57.0
2023-08-29,28,15000,511,Unemployed,High School,3,24568,24,Married,3,Own,783,0.44078064978688436,1,1,0.036228335471473055,0,Education,0,25,23,1931,1521,55434,18379,1250.0,0.49650056988029395,2,37055,0.244068,0.21680639836137025,1270.6712206159616,1.6429369764927695,0,56.0
2023-08-30,54,17317,535,Employed,High School,34,14645,60,Married,3,Own,282,0.6007490627775119,5,1,0.9018613265812295,0,Other,0,21,17,4892,203,63986,7803,1443.0833333333333,0.960155932539829,5,56183,0.252145,0.25809511014863024,436.8281410023459,0.4981196334254288,0,60.0
2023-08-31,47,40280,628,Employed,Bachelor,26,13735,36,Single,1,Rent,916,0.21873756327595179,0,1,0.19969320310527366,0,Debt Consolidation,0,25,19,638,1970,8656,2331,3356.6666666666665,0.8714330270168259,4,6325,0.184735,0.1779985951716871,495.1752432590499,0.4204097050424181,0,48.0
2023-09-01,41,49396,537,Employed,Associate,19,20105,60,Single,1,Mortgage,497,0.022441793562870863,2,1,0.23942709639568432,0,Debt Consolidation,0,20,25,1788,572,249217,40765,4116.333333333333,0.8143510347045994,7,208452,0.256605,0.25109556532997807,591.4003802152301,0.26441016605763146,0,48.0
2023-09-02,42,40882,593,Employed,High School,20,22510,36,Married,0,Own,437,0.5278402405011846,1,0,0.3052327756431853,0,Debt Consolidation,0,30,26,8362,303,30843,54991,3406.8333333333335,0.7378751547420371,6,7683,0.21101,0.20221284456405622,839.0924317691859,0.3745684942329199,0,56.0
2023-09-03,25,163189,635,Employed,Doctorate,0,18090,48,Married,1,Mortgage,707,0.09403038573784167,2,0,0.2852853766617897,0,Debt Consolidation,0,16,6,1814,455,31261,8240,13599.083333333334,0.5633489533003637,6,23021,0.19559,0.18166640243231755,532.9702586282881,0.09118042946239915,1,38.400000000000006
2023-09-04,37,127300,550,Employed,Associate,16,20311,36,Married,1,Mortgage,355,0.2837136545676794,3,2,0.19817555705643533,0,Home,0,32,1,6051,263,14900,9030,10608.333333333334,0.736132318082698,4,5870,0.230311,0.22883692978552223,785.0024410644382,0.10746291667535945,1,41.6
2023-09-05,37,19456,565,Employed,Bachelor,14,59107,24,Single,2,Mortgage,231,0.28770359900248976,2,2,0.18921480807966218,0,Home,0,23,4,1606,427,126966,10093,1621.3333333333333,0.9548489528591142,6,116873,0.25160699999999997,0.2657392770089134,3201.4988046563594,2.117083966687722,0,51.0
2023-09-06,26,79355,590,Employed,Master,2,26705,60,Widowed,1,Own,275,0.2970043858534804,3,1,0.06968580037394431,0,Home,0,26,6,1429,442,20089,326531,6612.916666666667,0.9018300839342334,4,1381,0.236705,0.24662140345640732,778.5463323494871,0.1593164386389496,0,52.0
2023-09-07,49,66278,551,Employed,Associate,31,16016,36,Married,1,Rent,208,0.5198958676961241,5,0,0.30426537830941885,0,Debt Consolidation,0,31,23,2071,209,26410,62356,5523.166666666667,0.9126855567499769,3,3955,0.225516,0.23069505449416033,620.5552527354026,0.15001453020345862,1,44.0
2023-09-08,41,51436,492,Employed,Bachelor,17,15363,12,Married,2,Own,236,0.6407886694940934,3,3,0.44866141500261897,0,Home,1,27,1,13335,536,70381,16601,4286.333333333333,0.5985148968655545,6,53780,0.234363,0.1874904,1413.9620977030888,0.38493555432842885,0,66.0
2023-09-09,50,82212,670,Employed,Bachelor,26,25246,60,Married,1,Rent,614,0.4762106056524111,3,0,0.09875202064410213,0,Auto,0,18,12,3458,3206,112966,13556,6851.0,0.7243367449794561,4,99410,0.19524599999999998,0.17414972165696183,633.0749786264012,0.18202816795013885,1,33.6
2023-09-10,39,59836,542,Employed,Bachelor,14,33733,12,Divorced,0,Other,281,0.14258218203744066,3,0,0.2540806386712092,0,Other,0,27,20,722,626,81868,21263,4986.333333333333,0.6891282626847026,7,60605,0.22773300000000002,0.265497111579505,3231.5481519081195,0.7044350862841339,0,49.0
2023-09-11,36,33180,511,Employed,Bachelor,11,21459,60,Single,3,Mortgage,1139,0.06353040740616611,1,3,0.10211894255647506,0,Debt Consolidation,0,18,13,1032,1329,142264,77809,2765.0,0.48643422617284304,3,64455,0.270959,0.3151822233455152,714.4154956090691,0.6703130183034608,0,48.0
2023-09-12,38,25475,630,Employed,Master,15,20487,96,Single,3,Own,277,0.6128836296116229,1,0,0.4885699901041138,0,Debt Consolidation,0,25,27,944,484,259540,10052,2122.9166666666665,0.8714912938961941,1,249488,0.240487,0.2235966066705838,459.8886206798958,0.3471114209287046,0,53.0
2023-09-13,36,65877,538,Employed,Associate,8,7959,72,Divorced,1,Mortgage,577,0.32745378986689994,2,1,0.17141939586235694,0,Home,0,38,27,15420,119,162766,52128,5489.75,0.6937923433099207,6,110638,0.253959,0.22258428819486248,201.20155187853825,0.14175537171611424,1,36.800000000000004
2023-09-14,45,65984,630,Employed,Bachelor,21,17382,48,Widowed,0,Mortgage,907,0.420243738362529,6,0,0.3883135703102847,0,Debt Consolidation,0,28,22,4496,528,372674,34058,5498.666666666667,0.5933633726269668,3,338616,0.19738200000000003,0.2352938756987154,562.1723095898645,0.2671870107159065,1,36.800000000000004
2023-09-15,50,63066,561,Employed,Bachelor,29,52282,60,Divorced,1,Mortgage,719,0.2560178056061262,2,1,0.34161710628797665,0,Debt Consolidation,0,28,26,2314,1216,33286,3521,5255.5,0.7505685683443224,7,29765,0.276782,0.28883713311661946,1655.8290607253123,0.451874999662318,0,54.0
2023-09-16,41,176194,532,Employed,High School,19,24823,96,Married,2,Rent,277,0.06685672840022211,2,2,0.21269679900072821,1,Education,1,26,10,1551,1441,7275,32918,14682.833333333334,0.9065183156522842,4,9757,0.293823,0.29921511351117375,683.1761049069775,0.06539447006642524,0,67.0
2023-09-17,64,110681,640,Self-Employed,Bachelor,42,19352,96,Married,3,Mortgage,347,0.14450258396092203,0,0,0.4205163526950584,0,Education,0,19,17,1616,647,24915,4056,9223.416666666666,0.8745135785674697,6,20859,0.234352,0.23640893054902296,450.4783021547103,0.08646235239884464,1,43.2
2023-09-18,19,101356,599,Employed,Master,0,28798,36,Married,3,Mortgage,388,0.503926676466706,4,3,0.17055064178962173,0,Debt Consolidation,0,25,13,1554,1390,30868,13445,8446.333333333334,0.5894455681695717,3,17423,0.214298,0.1942282988723263,1061.786677174231,0.17164686970767168,1,40.0
2023-09-19,42,75648,551,Employed,Bachelor,20,12682,96,Married,4,Rent,232,0.23146706266014194,2,1,0.4375148957327991,0,Debt Consolidation,0,24,27,2060,94,4901,5452,6304.0,0.6035596271121072,0,7298,0.272182,0.2635329626135153,318.0255861111202,0.08725025160392136,1,44.800000000000004
2023-09-20,34,26401,578,Employed,High School,13,23620,72,Married,2,Other,338,0.10570177462495851,5,0,0.4765675062866594,0,Home,0,27,9,8656,245,27857,67028,2200.0833333333335,0.9139102874524735,5,9476,0.24962,0.2535461519599916,641.4054618047704,0.4451674384173798,0,58.0
2023-09-21,32,133464,590,Employed,Bachelor,13,27820,24,Single,3,Mortgage,470,0.24090419002148447,4,0,0.3176188723204011,0,Debt Consolidation,0,24,24,1565,1290,481324,8289,11122.0,0.7303164399564492,9,473035,0.20782,0.17065454971827185,1376.3589111169301,0.16600961258019512,1,36.800000000000004
2023-09-22,40,36725,580,Employed,Associate,15,36152,24,Married,1,Rent,416,0.3018044341063673,1,2,0.13172046299243315,0,Auto,0,18,13,4913,722,77853,7657,3060.4166666666665,0.7568876214493965,5,70196,0.221152,0.2202290196228214,1875.9079383660119,0.7488875496362735,0,49.0
2023-09-23,60,68850,588,Employed,High School,40,13788,60,Divorced,3,Mortgage,494,0.12621697550628466,2,0,0.380782065774891,0,Home,0,25,8,2384,3689,23691,20617,5737.5,0.9732231060548859,3,3074,0.224788,0.21558179630942423,377.35404735718913,0.15186998646748393,0,54.0
2023-09-24,37,51561,514,Employed,Bachelor,13,24364,24,Married,1,Rent,385,0.22757498078839483,4,1,0.3719442436576362,0,Home,0,28,6,3948,2741,128650,84224,4296.75,0.7809294852688276,3,44426,0.242364,0.22919482526053567,1275.049492495647,0.3863500302544125,0,56.0
2023-09-25,56,47917,597,Employed,High School,33,32256,108,Single,1,Mortgage,274,0.3060034394445988,2,1,0.23838886757761657,0,Home,0,32,19,2046,1106,1591313,3158,3993.0833333333335,0.9565467983125638,3,1588155,0.278756,0.25554934531556095,765.5501503480453,0.26033770486834623,1,36.0
2023-09-26,26,68567,564,Employed,Associate,6,27424,60,Single,0,Mortgage,335,0.31817285828465064,2,2,0.536155683319939,0,Debt Consolidation,0,32,28,4046,176,10727,22876,5713.916666666667,0.9142617175635592,2,9630,0.250424,0.23789916253539298,785.5921448916657,0.19611629119984814,0,58.0
2023-09-27,39,15000,549,Employed,Master,18,23193,60,Married,0,Mortgage,327,0.1084624747857679,3,2,0.6421606225707741,0,Education,0,20,25,9970,802,16137,9449,1250.0,0.8720215023182645,4,6688,0.253693,0.2265113873061381,649.1813109280506,0.7809450487424405,0,59.0
2023-09-28,33,65042,515,Employed,High School,11,23998,48,Divorced,4,Other,529,0.0700661817377546,4,1,0.3181089800279833,0,Home,0,20,27,6334,440,31888,78632,5420.166666666667,0.8049714687418594,8,8906,0.261498,0.2577892726714539,806.1659703082044,0.24633301011190387,0,53.0
2023-09-29,30,96495,586,Employed,Associate,6,8408,48,Married,0,Other,159,0.38289099074575356,2,0,0.2870427302675019,0,Auto,1,27,28,11442,576,360213,24390,8041.25,0.9615980322010607,4,335823,0.210408,0.21588483725622057,263.02824157353797,0.052482915165370805,1,40.800000000000004
2023-09-30,39,65623,603,Employed,Master,16,25747,60,Married,1,Mortgage,349,0.13667028922010768,4,0,0.34415871627687245,0,Auto,0,21,8,12737,998,53629,44543,5468.583333333333,0.7844105498714758,1,9086,0.22924699999999998,0.21413447823050108,702.5443131841541,0.19228824890983115,0,51.0
2023-10-01,25,15000,527,Employed,Associate,3,8044,72,Single,3,Rent,313,0.10306689407537674,1,1,0.3551765388099939,0,Debt Consolidation,0,23,13,15829,594,123071,9572,1250.0,0.757689768358383,6,113499,0.259544,0.2111312540342553,197.90177069600674,0.4087214165568054,0,51.0
2023-10-02,41,106589,617,Self-Employed,Master,19,33237,36,Married,2,Other,443,0.0716184855677237,1,0,0.11773536495953747,0,Home,0,32,3,2313,273,127612,24635,8882.416666666666,0.5215411454682597,7,102977,0.20973700000000003,0.1744501282007853,1192.3639643261185,0.1841125029028645,1,37.6
2023-10-03,25,15000,594,Employed,Associate,1,9764,12,Married,1,Rent,541,0.08506210827295822,2,0,0.38533770265647527,0,Home,0,34,3,5505,1156,70247,15352,1250.0,0.6560869923503352,4,54895,0.177764,0.1552752232293512,883.7144727789267,1.1397715782231415,0,56.0
2023-10-04,21,24312,584,Employed,High School,1,7276,96,Single,0,Rent,481,0.11666356228516449,0,1,0.3018888267398275,0,Home,1,22,21,2360,2290,89392,14257,2026.0,0.8836032733174107,7,75135,0.250276,0.21669777648065175,160.11663710830297,0.3164445395401298,0,59.0
2023-10-05,25,64252,563,Unemployed,High School,1,12478,24,Widowed,0,Own,837,0.07817305026787288,2,0,0.43596120128306975,0,Home,0,23,2,4765,1541,17590,47029,5354.333333333333,0.6977880621198602,1,6635,0.20597799999999997,0.24717359999999994,664.2016239856646,0.28037134233686073,0,62.0
2023-10-06,18,145855,538,Employed,Master,0,10342,24,Single,1,Own,407,0.057282480191675096,4,0,0.3033729367291013,0,Auto,0,27,13,2005,2609,88490,115241,12154.583333333334,0.6378058270647139,3,6374,0.21634199999999998,0.2082526103243697,530.5431903501644,0.0771349510418016,1,40.800000000000004
2023-10-07,37,41715,543,Employed,Associate,14,23642,60,Single,2,Rent,421,0.1785999618185232,1,2,0.2588561947343901,0,Auto,0,19,22,3435,1981,13917,25931,3476.25,0.7991009005026621,10,2705,0.257142,0.2779770102711983,733.2304020570797,0.33203319728358993,0,52.0
2023-10-08,46,40749,574,Self-Employed,High School,21,21674,36,Married,2,Rent,509,0.39771422890857583,4,0,0.31781179181437247,0,Other,0,21,13,1162,2901,20202,11610,3395.75,0.8309349762947418,4,8592,0.219674,0.20412788778711202,810.0493665008905,0.38844124758916015,0,58.0
2023-10-09,37,147205,511,Employed,High School,16,15803,48,Married,0,Own,212,0.16438549194882623,2,1,0.03794768504507537,0,Education,0,19,6,3978,1856,20353,14903,12267.083333333334,0.799555488510888,2,5450,0.255303,0.2697214748662978,541.5139015526347,0.061425677243514935,1,39.2
2023-10-10,26,64048,573,Self-Employed,Associate,2,14816,24,Married,3,Mortgage,305,0.04359062961027813,4,2,0.10226173509672186,0,Debt Consolidation,1,16,24,2498,1372,109346,28106,5337.333333333333,0.765630415318275,2,81240,0.203316,0.1930663848661494,749.0632311989873,0.19748873929533864,0,56.0
2023-10-11,18,67194,540,Employed,High School,0,12840,120,Single,5,Own,331,0.4510014738600391,4,0,0.7857550096405567,0,Home,0,35,13,5181,276,39490,12931,5599.5,0.5629959956248637,2,26559,0.29784,0.2986190858986634,337.17648696747506,0.11932788409098581,0,59.0
2023-10-12,33,40107,578,Unemployed,Doctorate,8,30623,24,Divorced,3,Rent,341,0.1482394855886866,1,3,0.17208567033258773,0,Debt Consolidation,0,23,22,3267,3115,375783,28980,3342.25,0.7883791843233489,5,346803,0.216623,0.2437976604581297,1624.881840539884,0.5881911408601642,0,47.0
2023-10-13,34,74126,594,Unemployed,Master,11,22163,84,Single,0,Own,231,0.46582993129884137,1,0,0.1433607363998404,0,Auto,0,25,21,3289,1485,35187,7377,6177.166666666667,0.8515021265851698,7,27810,0.250163,0.23114671864396846,534.547334651182,0.12393179202728036,0,54.0
2023-10-14,38,20593,588,Employed,High School,17,34782,60,Divorced,1,Own,443,0.16750647372195873,4,0,0.4266645388556744,0,Home,0,31,10,5479,1591,317889,9047,1716.0833333333333,0.8020090597801245,6,308842,0.245782,0.25197762907837523,1024.9343345674386,0.8553980485994883,0,51.0
2023-10-15,50,37417,605,Self-Employed,Master,28,19294,48,Married,1,Rent,317,0.4396126502826855,3,2,0.2757660156197651,0,Debt Consolidation,0,17,17,3257,801,48112,7758,3118.0833333333335,0.7378648878284922,5,40354,0.211794,0.21355644770881185,601.1489975638104,0.29445941606130166,0,54.0
2023-10-16,65,108072,651,Employed,High School,44,38904,36,Married,2,Rent,370,0.44419230650480035,4,4,0.3670789824346636,0,Home,0,31,27,810,2660,11755,7568,9006.0,0.8599222365576898,8,4187,0.198404,0.23071079032559902,1507.404648283809,0.20846154211456905,0,48.0
2023-10-17,27,85656,445,Employed,High School,3,11372,24,Married,0,Rent,167,0.24664270176993977,6,1,0.3308420435061247,0,Other,0,31,17,4210,1529,18265,73035,7138.0,0.7155484863717155,6,1942,0.263872,0.2920247146085026,631.1814327355852,0.11182143916161182,0,53.0
2023-10-18,35,19935,649,Employed,Master,16,33677,36,Single,0,Mortgage,520,0.16547276380840584,6,2,0.2045151617246386,0,Home,0,22,25,2676,1332,400067,8743,1661.25,0.8250974834662986,9,391324,0.19417700000000002,0.19673890785865714,1245.9692050146452,1.0630363912804486,0,44.0
2023-10-19,31,55533,580,Employed,High School,9,26416,24,Widowed,4,Own,357,0.23645615031153822,2,2,0.08460775419913158,0,Education,0,25,28,1694,537,14583,1168,4627.75,0.8376723607330911,4,13415,0.211416,0.20951347230223316,1356.7721720526915,0.37032514117069665,0,50.0
2023-10-20,41,43512,539,Employed,High School,18,18992,36,Single,1,Rent,363,0.25778197739847786,1,0,0.28858503712920924,0,Education,0,21,18,2457,1428,17249,11219,3626.0,0.7783731903125887,3,6030,0.234492,0.24242031413631487,747.5259754298443,0.3062675056342648,0,53.0
2023-10-21,27,30544,571,Employed,Master,5,46494,120,Married,1,Rent,322,0.1946308645259974,3,0,0.33760636383394776,0,Home,0,22,1,627,217,30454,7215,2545.3333333333335,0.7170624031270438,8,23239,0.315994,0.2621588905852886,1097.8163516132045,0.5578115577317461,0,58.0
2023-10-22,80,37294,523,Self-Employed,High School,55,31124,24,Single,3,Own,300,0.27981573335657056,6,1,0.36037885015532306,0,Home,0,16,25,10384,1221,196462,60393,3107.8333333333335,0.8878584519344418,1,136069,0.24462399999999998,0.23323469868106791,1635.0693995662793,0.6226425911619926,0,54.0
2023-10-23,34,28034,542,Employed,Associate,8,29138,96,Married,0,Rent,252,0.11423834821490787,2,0,0.17597062333929342,0,Home,0,20,24,13556,1853,125567,10452,2336.1666666666665,0.6808519031794572,4,115115,0.293138,0.3442808976177594,895.2104926194835,0.4910653460595634,0,47.0
2023-10-24,30,64226,508,Employed,Bachelor,9,30006,36,Single,3,Other,530,0.5640985593633622,4,1,0.21854283446893433,0,Debt Consolidation,1,21,4,8282,3439,77489,130194,5352.166666666667,0.8832100739186073,4,7540,0.261006,0.25783814512716335,1205.5074860038226,0.32426260131482376,0,62.0
2023-10-25,30,86646,610,Employed,Bachelor,6,24513,24,Single,0,Other,377,0.1335650917536317,6,4,0.5732911688470391,0,Education,1,26,7,10086,614,304772,18856,7220.5,0.841031468238864,6,285916,0.194513,0.19921035512511578,1246.6634104651387,0.22486855625858856,1,43.2
2023-10-26,28,25069,606,Employed,Associate,5,32108,24,Divorced,0,Mortgage,416,0.5655005706852216,1,0,0.01565356475609244,0,Other,0,18,23,2408,510,16576,9525,2089.0833333333335,0.7350524068995874,6,7051,0.20410799999999998,0.1632864,1577.154046485613,0.9540806796372953,0,50.0
2023-10-27,30,32495,616,Employed,Associate,11,18654,24,Married,2,Mortgage,164,0.28333661868841575,2,0,0.33816936638405226,0,Home,0,22,22,7838,957,34360,146918,2707.9166666666665,0.7837841299383111,5,6934,0.185654,0.18431417737816294,935.1772974215592,0.4059125271290571,0,52.0
2023-10-28,20,84915,582,Employed,Associate,0,16650,48,Divorced,2,Rent,239,0.660289598001218,4,1,0.2448540791543079,0,Debt Consolidation,0,31,20,1971,6073,460568,22427,7076.25,0.6614533160892981,8,438141,0.22065,0.2071133010120637,512.9971615700048,0.10627057573856277,1,37.6
2023-10-29,39,62011,569,Employed,Bachelor,16,14625,60,Married,0,Mortgage,321,0.2088955184316195,2,1,0.25295396684565624,0,Home,0,24,25,3248,2395,94846,14014,5167.583333333333,0.9490861273865231,6,80832,0.23512500000000003,0.23518736063645568,416.6560429660134,0.14274681130109435,1,40.0
2023-10-30,62,59771,654,Employed,High School,40,20526,120,Married,0,Mortgage,588,0.6672201174990305,1,1,0.26921034241741704,0,Other,0,23,13,1677,854,53002,15926,4980.916666666667,0.9163334323862182,5,37076,0.248526,0.2595308288613747,480.8137210679235,0.2145817311541564,0,48.0
2023-10-31,56,59293,617,Employed,Associate,38,39848,108,Married,2,Rent,637,0.30247348197107643,3,0,0.44657204215678237,0,Debt Consolidation,0,22,1,18509,343,66109,37528,4941.083333333333,0.9544125203768801,4,28581,0.27634800000000004,0.3107108679113398,1101.4218641681555,0.35183010422845645,0,57.0
2023-11-01,58,53336,605,Employed,Bachelor,38,8661,48,Married,2,Rent,546,0.6538807823030529,1,3,0.4581016418997003,0,Auto,0,29,26,3145,635,218386,13384,4444.666666666667,0.9047294243511289,10,205002,0.201161,0.19448905332574312,261.0210244774851,0.18157065197483538,1,40.800000000000004
2023-11-02,40,51467,567,Employed,Bachelor,17,41512,72,Married,5,Mortgage,693,0.1974410023199396,3,0,0.053182542935580966,0,Other,0,23,2,1140,1379,238250,75144,4288.916666666667,0.581808398244539,7,163106,0.273012,0.26939801047740425,1168.130320533716,0.43393949222617584,0,49.0
2023-11-03,32,58342,582,Employed,Master,9,46075,60,Divorced,0,Rent,875,0.216808287745802,1,0,0.24814658254809516,0,Education,0,31,28,2525,657,8524,15793,4861.833333333333,0.8098686958204072,2,1349,0.260075,0.2777319531519236,1428.2851894884952,0.47374828209286524,0,52.0
2023-11-04,37,61242,596,Employed,High School,17,14861,48,Married,2,Own,294,0.29773339778785185,4,1,0.08493301169459466,0,Debt Consolidation,0,25,27,1598,760,39574,10523,5103.5,0.7575622721906087,10,29051,0.211861,0.20735656421816573,458.0708657883407,0.14736374366382693,1,40.0
2023-11-05,26,15000,571,Employed,High School,5,14205,36,Single,3,Mortgage,108,0.23587542987693802,2,0,0.3095230410463453,0,Auto,0,23,16,1537,970,6417,29752,1250.0,0.894532532343875,5,10027,0.213705,0.22952230628596929,549.5179877158283,0.5260143901726627,0,56.0
2023-11-06,40,27302,522,Employed,High School,17,20870,36,Widowed,3,Rent,197,0.24000621344725473,3,1,0.10702394194102045,0,Home,0,21,7,2549,422,10337,11523,2275.1666666666665,0.8353085687040986,8,6854,0.24487,0.21290010101191228,789.3896677384568,0.4335461143088961,0,53.0
2023-11-07,67,20380,611,Self-Employed,Bachelor,45,30945,36,Divorced,1,Own,217,0.42514905089404825,4,1,0.5152719387134012,0,Home,0,24,16,5849,2739,71424,20203,1698.3333333333333,0.2991239501909086,2,51221,0.210445,0.18345927309447588,1124.1132156232518,0.7896643075308647,0,59.0
2023-11-08,28,20245,519,Employed,High School,6,16065,12,Married,1,Mortgage,380,0.13432766825257844,4,2,0.29230667103780056,0,Home,0,23,5,356,2468,25453,12525,1687.0833333333333,0.8519311206941852,5,12928,0.221565,0.22423781685045463,1506.8721753423306,1.1184226280122485,0,55.0
2023-11-09,33,30191,571,Employed,Associate,13,18058,60,Married,3,Mortgage,367,0.23380929931753922,2,1,0.35332867198201645,0,Home,0,30,13,9392,935,27059,2511,2515.9166666666665,0.8825688645739443,3,24548,0.237558,0.24082922066673693,520.3614431277857,0.35269905990306477,0,55.0
2023-11-10,55,34702,593,Employed,Bachelor,33,35987,96,Divorced,2,Mortgage,330,0.273352593555387,1,3,0.05541723126120006,0,Home,0,18,22,1685,1411,37052,80711,2891.8333333333335,0.6541406672674,3,8235,0.274487,0.23561711536875343,835.8499909569645,0.40315255292154845,0,51.0
2023-11-11,51,92504,592,Employed,High School,31,15156,24,Single,0,Own,155,0.4705563900039053,4,0,0.0988939553589108,0,Debt Consolidation,1,28,28,5604,501,79474,13784,7708.666666666667,0.706457197861876,7,65690,0.194156,0.2200560208196071,786.3072410837036,0.1221102535350303,1,43.2
2023-11-12,42,63855,611,Employed,Bachelor,18,12390,48,Married,2,Rent,244,0.1594479869343377,4,2,0.4353988065523927,0,Home,0,27,27,12936,2193,280912,21056,5321.25,0.6376617793678921,7,259856,0.20189000000000001,0.23010216924728696,397.18709123328,0.12049557739878411,1,36.800000000000004
2023-11-13,54,62038,628,Employed,High School,36,40822,36,Divorced,1,Mortgage,229,0.4355625215017872,3,0,0.6581851305900827,0,Education,0,29,7,593,386,43593,73849,5169.833333333333,0.8277269845489919,3,7682,0.211822,0.23514608553681104,1591.1782090799863,0.352076767609527,0,57.0
2023-11-14,23,63310,610,Employed,Bachelor,3,59038,48,Single,0,Rent,414,0.163588658618787,3,3,0.38752609433134205,0,Education,0,28,29,3412,598,71150,22253,5275.833333333333,0.6716949949911776,4,48897,0.249038,0.26596176684688283,2010.45520627278,0.4595397642595697,0,50.0
2023-11-15,42,20779,569,Employed,Associate,22,14492,36,Married,2,Mortgage,685,0.4662901968111763,1,0,0.14441825286500978,0,Home,0,31,8,4939,752,88511,90655,1731.5833333333333,0.9895197454648367,7,5433,0.21499200000000002,0.20608873224007757,543.0811293325319,0.7092243876986565,0,54.0
2023-11-16,54,49368,640,Employed,Bachelor,32,34769,60,Married,0,Mortgage,538,0.16834248631701385,3,2,0.3054780381435014,0,Auto,0,22,17,11967,429,167750,11802,4114.0,0.9016896400237002,0,155948,0.219769,0.19387735925887742,909.361103456839,0.3518135885894115,0,47.0
2023-11-17,28,20134,562,Employed,High School,7,26259,48,Married,1,Rent,196,0.30054912366614706,3,1,0.4991694373163117,0,Debt Consolidation,0,19,1,1681,141,48004,7234,1677.8333333333333,0.7880622901657027,7,40770,0.240259,0.23116842255365308,843.321483336619,0.6194426244183685,0,62.0
2023-11-18,48,50021,529,Self-Employed,Bachelor,25,27175,48,Single,4,Own,411,0.07671779420989122,3,1,0.2535416451010924,1,Auto,0,23,8,1936,1597,20820,7480,4168.416666666667,0.485985198012886,2,13340,0.257675,0.28172134808787735,949.7856211627692,0.3264514394744853,0,67.0
2023-11-19,45,48226,648,Employed,Bachelor,23,34587,60,Married,0,Mortgage,693,0.22594648170809029,2,3,0.164971884284426,0,Debt Consolidation,0,12,18,3513,1643,10277,52078,4018.8333333333335,0.5991235764213025,4,4028,0.21558700000000003,0.22495737306796304,965.0294840033304,0.4125648780334252,0,48.0
2023-11-20,37,25666,605,Self-Employed,Bachelor,13,38543,60,Divorced,5,Mortgage,217,0.02233037684197048,3,1,0.26703979192737354,0,Education,0,20,9,10209,842,188385,30918,2138.8333333333335,0.8635580799675789,4,157467,0.241043,0.24507139907133355,1120.1783563150568,0.6251905351741869,0,50.0
2023-11-21,28,64768,468,Employed,High School,6,17025,72,Married,3,Own,430,0.0881934803564912,6,0,0.38304518161932755,1,Home,0,30,17,4526,601,39167,91823,5397.333333333333,0.8003730092962492,4,4480,0.298025,0.3458308834906755,563.506988222212,0.18407367617753437,0,65.0
2023-11-22,39,70488,581,Employed,Master,16,36650,12,Married,5,Mortgage,524,0.4094496036579196,4,2,0.44028442281968616,0,Debt Consolidation,0,27,28,2083,999,75305,52184,5874.0,0.756851192469614,5,23121,0.21115,0.21661567136823542,3424.2673031403033,0.6721599086040694,0,57.0
2023-11-23,58,84838,564,Employed,Master,38,33224,48,Married,1,Own,655,0.32365767228609693,1,0,0.2485873296090898,0,Debt Consolidation,1,36,9,589,48,73111,17022,7069.833333333333,0.7930811534896092,13,56089,0.246224,0.2369424085143064,1077.555044172749,0.24506306761207228,0,56.0
2023-11-24,52,25024,587,Employed,High School,31,15411,24,Single,0,Rent,721,0.14627707457298295,1,0,0.02582575799237738,1,Home,0,19,24,1071,929,14636,12361,2085.3333333333335,0.7200072970637638,4,2275,0.196911,0.1917566619731701,778.1631278617758,0.7189081495500843,0,63.0
2023-11-25,28,25826,418,Employed,Master,4,14165,12,Divorced,1,Rent,213,0.5070978419957057,2,2,0.25515420830799035,0,Auto,1,29,24,2550,853,73716,60036,2152.1666666666665,0.8893573901485116,4,13680,0.270165,0.26636175444870147,1357.57317592847,0.7297637307806722,0,61.0
2023-11-26,43,66637,614,Employed,Associate,19,40236,48,Divorced,0,Mortgage,558,0.5582432746089739,6,3,0.12843907742464397,0,Home,1,29,3,1686,964,14458,55793,5553.083333333333,0.5152585446900017,7,9292,0.228236,0.22637213442328905,1281.638651394159,0.3312823779091182,0,57.0
2023-11-27,26,105885,557,Employed,Master,7,39186,60,Married,0,Mortgage,549,0.12343015916092386,6,1,0.29289537125669823,0,Debt Consolidation,0,22,15,13856,3125,21354,106326,8823.75,0.7375568328686354,6,5599,0.265686,0.24812132706633458,1145.8490225827443,0.1920780872738625,1,40.0
2023-11-28,49,37561,645,Employed,Associate,27,23513,48,Widowed,0,Mortgage,639,0.46213456045470763,3,0,0.3049598906052626,0,Education,0,26,10,10166,856,30809,9963,3130.0833333333335,0.6925786593881175,5,20846,0.19601300000000002,0.17047426164008028,679.0456771560074,0.42108964420202044,0,53.0
2023-11-29,36,52497,612,Employed,High School,13,18787,48,Single,3,Rent,492,0.3895793123352245,2,2,0.25767714061431024,0,Home,0,25,16,1426,3836,92785,15374,4374.75,0.6284398592931075,7,77411,0.207787,0.22950053789585637,601.6370096109131,0.24998845868013328,0,47.0
2023-11-30,51,37775,616,Employed,Bachelor,27,15499,96,Single,2,Mortgage,208,0.28276358048660183,2,0,0.24359917796120326,0,Home,0,22,13,20551,2587,123500,20551,3147.9166666666665,0.8582058926051365,1,102949,0.24249900000000002,0.2475731071188124,372.16068886631825,0.1842998879257662,0,46.0
2023-12-01,23,113157,623,Employed,Bachelor,4,10485,60,Married,0,Mortgage,204,0.3678387309933103,4,4,0.2577862348064797,0,Education,0,21,8,1482,8581,62896,13071,9429.75,0.4618866031616465,0,49825,0.20398500000000003,0.2014690881818174,278.64613381930576,0.05118334354774048,1,39.2
2023-12-02,29,106599,576,Employed,Bachelor,3,17088,48,Single,2,Rent,573,0.5231249322259833,2,1,0.22852768126951917,0,Home,0,21,27,1463,714,887229,20544,8883.25,0.7346614943598128,5,866685,0.224088,0.20567185696008403,525.1718811929068,0.12362275982246439,1,35.2
2023-12-03,46,25577,552,Employed,Bachelor,22,65728,36,Widowed,2,Rent,706,0.6061134439664666,3,2,0.38444968776923494,0,Debt Consolidation,0,19,19,8294,6381,120960,54676,2131.4166666666665,0.5729748681170382,2,66284,0.27472799999999997,0.25221095792716347,2621.0258640448196,1.5609457860006193,0,56.0
2023-12-04,45,20373,588,Employed,Associate,21,11303,72,Divorced,2,Own,652,0.23328154629729955,3,4,0.47686843075566326,0,Home,0,20,18,3059,4152,76778,6794,1697.75,0.6119992878512234,4,69984,0.232303,0.238177229165856,296.32271490450194,0.5585761831273756,0,56.0
2023-12-05,36,93640,597,Employed,High School,12,18027,72,Married,1,Rent,220,0.22193165271720916,6,1,0.6894086573565874,0,Debt Consolidation,0,25,17,3918,753,74084,33937,7803.333333333333,0.6838423712154518,4,40147,0.23452699999999999,0.22469585264221842,457.98701986737046,0.08688428276813803,1,45.6
2023-12-06,24,35123,599,Employed,Bachelor,0,35018,60,Single,3,Rent,342,0.4255349234574711,2,0,0.011936835718210009,0,Education,0,19,18,13993,3506,87901,26386,2926.9166666666665,0.8129337717115954,4,61515,0.240518,0.2216231554169069,970.3935481886282,0.4483877396083347,0,50.0
2023-12-07,43,55781,494,Employed,High School,19,29528,84,Divorced,0,Mortgage,409,0.03723461967542284,2,1,0.3479250433210842,0,Home,1,22,28,1472,318,18634,99037,4648.416666666667,0.7723219723940682,3,7634,0.307528,0.3275558869994285,899.6864185191328,0.28153380223068053,0,59.0
2023-12-08,30,38940,465,Employed,High School,6,40611,72,Married,3,Mortgage,406,0.20337294572324763,1,0,0.06676334435341581,0,Home,0,25,10,3381,2075,27363,35540,3245.0,0.8729964527088475,5,3924,0.323111,0.2755948959324371,1158.5799714477628,0.48215099274199164,0,51.0
2023-12-09,22,32625,588,Employed,Master,0,44668,84,Single,2,Rent,715,0.07070502914563205,2,1,0.06103618752404691,0,Other,0,20,12,1267,1049,53711,57349,2718.75,0.774818676161135,6,10504,0.275668,0.28340121151156505,1227.7195728807071,0.7145635210595704,0,50.0
2023-12-10,45,53080,582,Employed,Master,21,6924,72,Single,0,Own,387,0.07855771721069414,3,2,0.46305914339647875,0,Home,0,19,24,3677,410,130362,63577,4423.333333333333,0.9504548539512383,7,66785,0.23092400000000002,0.248207802288032,185.75228656399742,0.12948431497302126,1,42.400000000000006
2023-12-11,75,294402,618,Employed,Bachelor,53,12721,36,Single,0,Own,666,0.36207752918821695,3,2,0.3726863879635316,0,Home,0,17,12,1786,787,34660,2217,24533.5,0.8302348960412549,7,32443,0.18872100000000003,0.2123550205561367,480.804076428227,0.046744413818991463,1,39.2
2023-12-12,48,32422,546,Employed,Associate,25,22507,120,Married,2,Mortgage,444,0.18787767213406897,3,0,0.34249364718930103,0,Education,0,19,5,7921,3143,64418,9925,2701.8333333333335,0.7975911633226986,6,54493,0.30450699999999997,0.29547312092573214,585.8130024768228,0.38115341526500135,0,54.0
2023-12-13,38,116467,634,Employed,Master,11,12205,48,Married,2,Mortgage,456,0.15944107399454915,2,1,0.03875197790881611,0,Home,0,15,8,6142,1394,96918,281671,9705.583333333334,0.7484151972126029,4,9852,0.190205,0.20752354021295935,376.31249346615635,0.08575605039705561,1,36.800000000000004
2023-12-14,19,51744,478,Employed,Associate,0,77154,96,Single,3,Rent,277,0.38921240126141043,2,2,0.09004854664488776,0,Education,0,15,26,6198,119,228471,5509,4312.0,0.4826746158642711,8,222962,0.37315400000000004,0.3541519442790882,2425.6787937894624,0.6267807963333633,0,46.0
2023-12-15,44,39363,611,Employed,Bachelor,23,17042,60,Single,0,Rent,701,0.20181446292168234,2,2,0.3167702506242984,0,Auto,0,24,11,16008,1041,33483,12288,3280.25,0.9707840602500727,8,21195,0.216542,0.21051403771435107,461.5362799582079,0.3544047801107257,0,52.0
2023-12-16,53,50502,581,Self-Employed,High School,33,18136,84,Married,3,Own,243,0.20644998380735766,3,3,0.0867484779908293,0,Auto,0,28,20,4561,1244,94191,87997,4208.5,0.8677399939051542,8,6194,0.252636,0.23720000954740988,444.3150562996294,0.16331592165846012,0,53.0
2023-12-17,42,70945,504,Employed,High School,20,14213,24,Single,0,Mortgage,1224,0.3761226405752415,3,2,0.3623635655634766,0,Debt Consolidation,1,21,15,1090,2635,118462,7133,5912.083333333333,0.8631989981182308,6,111329,0.23721299999999998,0.20547471430680792,727.1889747578043,0.3300340784705568,1,44.800000000000004
2023-12-18,44,36253,591,Employed,High School,26,20753,48,Married,2,Own,426,0.4938332411711464,4,2,0.27245960817389003,0,Auto,0,27,11,2281,723,58055,7408,3021.0833333333335,0.8629743129360615,5,50647,0.220253,0.24745463896912895,685.1669550897627,0.36780413927336086,0,52.0
2023-12-19,50,23932,565,Employed,Master,28,13737,84,Single,1,Rent,393,0.2999952007324877,2,2,0.12935922744143452,0,Debt Consolidation,0,28,12,1342,5571,285327,22617,1994.3333333333333,0.8466739922149694,4,262710,0.256237,0.2878704109901486,381.6402279373586,0.3884206391128323,0,46.0
2023-12-20,52,60395,652,Employed,Bachelor,29,21439,72,Married,0,Mortgage,663,0.07947145754889767,1,1,0.2924383582177031,0,Home,0,32,17,2286,816,21476,51734,5032.916666666667,0.8940342938048205,1,3433,0.210439,0.18799630444908452,498.7172034472269,0.2308238503413647,0,45.0
2023-12-21,37,23796,547,Employed,High School,16,24604,72,Single,3,Mortgage,440,0.3178125187030201,2,1,0.2546554455998587,0,Home,0,16,10,3513,1599,165094,25330,1983.0,0.6449242994744296,7,139764,0.266104,0.3054727397069232,748.8930715649171,0.5995426482929487,0,50.0
2023-12-22,18,49882,597,Employed,Master,0,14332,60,Married,0,Other,555,0.13819748708904686,2,0,0.1541892043697103,0,Debt Consolidation,0,14,17,1563,3278,31590,151179,4156.833333333333,0.8261837556735077,3,5124,0.22083200000000003,0.207847461078168,385.9953699805595,0.22637312938067267,0,50.0
2023-12-23,47,30597,609,Unemployed,Bachelor,24,6943,84,Married,3,Rent,996,0.18622153003680852,1,1,0.26616305000390544,0,Home,0,21,10,11918,1851,99278,105674,2549.75,0.8255026891059131,2,8507,0.227443,0.22544461565532084,164.9883594165108,0.45533419331954533,0,52.0
2023-12-24,52,23067,628,Employed,Associate,29,14974,96,Married,1,Rent,187,0.28366996787622395,1,2,0.21500023842159302,0,Home,0,27,8,3211,905,35919,8241,1922.25,0.8081453025098937,7,27678,0.23597400000000002,0.217104865713736,329.90854335280454,0.26890807301485475,0,52.0
2023-12-25,38,52939,579,Employed,Bachelor,13,4825,48,Divorced,1,Other,774,0.3941074875420765,5,1,0.39242279736576563,0,Debt Consolidation,1,17,1,938,411,53769,70180,4411.583333333333,0.6288891590820878,4,5514,0.210325,0.1920606456946815,144.79325452929993,0.20826836650393094,0,64.0
2023-12-26,32,59473,471,Employed,Bachelor,10,19060,36,Single,0,Rent,605,0.10540783761380819,2,0,0.2625460426247312,0,Debt Consolidation,0,23,16,3106,325,28409,16817,4956.083333333333,0.7432969785805188,6,11592,0.26856,0.3004794372546971,809.6276441574761,0.28543257831099345,0,51.0
2023-12-27,55,104203,570,Employed,Doctorate,33,17587,36,Married,2,Other,299,0.12551740658999783,4,1,0.17629918367473713,0,Auto,0,20,21,1896,4173,85164,10331,8683.583333333334,0.8168712416494557,8,74833,0.217587,0.23452356208019703,684.9412951937287,0.11331051449886034,1,36.800000000000004
2023-12-28,38,72269,558,Employed,Associate,16,8358,36,Married,1,Own,732,0.42973313162759885,5,2,0.16113160156401382,0,Debt Consolidation,0,27,27,2861,4013,52367,5091,6022.416666666667,0.7927518426612954,4,47276,0.214358,0.1964141287658201,309.0882498060796,0.17286885106578137,1,40.800000000000004
2023-12-29,39,46361,604,Unemployed,Bachelor,15,19649,60,Divorced,1,Other,542,0.3209338902693877,1,1,0.6201034098899278,0,Auto,0,32,21,5511,736,54212,21040,3863.4166666666665,0.829549503475382,3,33172,0.22264899999999999,0.19708626453112082,517.3978620790671,0.2742126862006602,0,59.0
2023-12-30,27,46899,621,Employed,Doctorate,4,26712,36,Divorced,4,Mortgage,199,0.4929721592078053,2,2,0.4094090707632579,0,Auto,0,24,14,4770,282,80656,10910,3908.25,0.7593261243319853,4,69746,0.20121200000000003,0.209801713892181,1006.1044706083019,0.30834886985435983,0,53.0
2023-12-31,24,53446,583,Employed,Associate,3,6360,72,Single,1,Mortgage,520,0.3193792881166391,2,0,0.2509967336627044,0,Home,0,23,9,1265,5513,41243,78622,4453.833333333333,0.7893847541092969,6,9153,0.22986,0.22655012526689725,162.2842464261561,0.15319034085083774,0,53.0
2024-01-01,22,20008,561,Self-Employed,Associate,0,14184,36,Single,1,Mortgage,311,0.4725794856162929,2,1,0.20143112882047035,0,Home,0,26,17,1213,384,44972,62217,1667.3333333333333,0.7900309839389271,8,6935,0.218684,0.1912859458205742,520.8516513059718,0.49891142621309786,0,58.0
2024-01-02,18,100878,617,Employed,Doctorate,0,17349,120,Widowed,2,Rent,864,0.3057401415228941,5,0,0.06552338524991619,0,Home,0,25,2,919,560,85773,4403,8406.5,0.9739802474316638,2,81370,0.263849,0.26316753668414045,410.89455872756974,0.1516558090439029,0,48.0
2024-01-03,48,35543,558,Employed,High School,25,11580,36,Divorced,3,Rent,220,0.08613524112923115,0,0,0.1736221076827551,0,Education,0,20,14,8461,859,57010,24677,2961.9166666666665,0.8823578837264748,4,32333,0.21758,0.24902066999737935,459.81920382735575,0.22952003055252143,0,50.0
2024-01-04,18,29958,582,Employed,Doctorate,0,14966,24,Married,0,Mortgage,229,0.1361438638018783,3,1,0.15834848230112067,0,Education,0,21,14,3986,965,197325,18760,2496.5,0.8270866782658752,4,178565,0.198966,0.2241768579600436,779.4988839100374,0.4039651047106098,0,47.0
2024-01-05,38,42483,619,Self-Employed,Master,16,18303,48,Married,0,Other,291,0.16225872626285393,4,1,0.2364664172958301,0,Education,0,25,18,1069,4122,35676,8238,3540.25,0.8671851352449091,6,27438,0.20380300000000004,0.21564579004604553,572.3378398481418,0.2438635237195514,0,52.0
2024-01-06,42,22335,616,Employed,High School,19,24831,48,Single,0,Mortgage,484,0.34950988377855063,1,0,0.5535207493984707,0,Home,0,24,10,13736,1231,43125,18679,1861.25,0.7433708119618073,1,24446,0.21183100000000002,0.17249641851065187,719.7106454755916,0.6467216362528364,0,57.0
2024-01-07,21,32180,560,Employed,Bachelor,0,37315,96,Single,0,Mortgage,582,0.28194893136928545,0,3,0.10047743500907354,0,Education,1,25,29,10720,836,24177,31688,2681.6666666666665,0.7829882146696195,4,5001,0.292315,0.2894970285112615,1001.8200936117078,0.590610351875093,0,57.0
2024-01-08,18,74953,543,Employed,High School,0,7265,60,Single,1,Mortgage,336,0.1820084147357741,5,3,0.37673886964834824,0,Auto,0,24,10,4408,2905,17043,7950,6246.083333333333,0.9805609126037879,7,9093,0.240765,0.2798748889288207,226.14690574815268,0.08999990486008341,0,53.0
2024-01-09,43,28870,618,Employed,High School,23,26361,36,Single,5,Rent,478,0.2820697459944705,4,1,0.24477109386586585,0,Debt Consolidation,0,31,28,11668,1344,14052,18135,2405.8333333333335,0.7941805161922807,4,8046,0.202361,0.22036827411028,1007.2408337785747,0.6173498443139208,0,51.0
2024-01-10,40,37544,536,Employed,Bachelor,15,13953,12,Divorced,0,Mortgage,291,0.2233146905961724,6,2,0.22108052312265303,0,Home,0,18,24,7709,238,38733,26928,3128.6666666666665,0.9558133339664687,4,11805,0.210953,0.2139195179978502,1301.842649471527,0.5091122894113127,0,53.0
2024-01-11,44,54951,547,Employed,Associate,20,17430,120,Married,2,Rent,421,0.48841244633262626,1,1,0.4680481669309579,0,Debt Consolidation,0,28,17,4189,753,40193,58939,4579.25,0.8978810301554863,11,7514,0.29893000000000003,0.3343882539311032,504.335032854931,0.20207130706009302,0,57.0
2024-01-12,37,34875,436,Employed,Bachelor,15,22741,96,Married,1,Mortgage,450,0.2769657360174423,4,2,0.5545287791340396,0,Education,1,26,20,979,3310,53429,11337,2906.25,0.6886177052621997,3,42092,0.339741,0.3476154511189045,704.1645054130064,0.39713187283028173,0,65.0
2024-01-13,42,26598,539,Employed,High School,15,9273,24,Divorced,3,Rent,433,0.31614545241568204,4,0,0.5047240354082565,0,Auto,0,26,23,5411,2027,56992,17457,2216.5,0.6263568977389566,6,39535,0.214773,0.24000459315719475,490.27581065211956,0.41654672260415954,0,60.0
2024-01-14,63,43301,609,Employed,High School,41,30425,48,Married,1,Mortgage,181,0.2567152861327929,6,2,0.7068393527743662,0,Education,0,24,26,6687,2567,13787,106155,3608.4166666666665,0.8668789212659118,5,7347,0.220925,0.17674,888.559836896986,0.29640696618470314,0,56.0
2024-01-15,36,80904,427,Employed,Associate,14,46132,96,Married,1,Own,267,0.2620558779126765,3,4,0.2926270258024261,0,Other,0,30,8,613,443,61168,122721,6742.0,0.8158225446505878,2,9017,0.367632,0.2941056,1253.25161022792,0.22548970783564523,0,52.0
2024-01-16,30,106121,633,Employed,Bachelor,9,32669,36,Single,0,Own,422,0.0026156483780630942,3,0,0.3347571718918762,1,Debt Consolidation,0,24,19,583,3125,260996,165998,8843.416666666666,0.8525666343961542,4,94998,0.20116900000000001,0.19054511871718058,1198.416100719684,0.18323416862483588,1,47.2
2024-01-17,32,32292,537,Employed,High School,7,19738,48,Single,3,Mortgage,510,0.3082130485239348,3,1,0.3064068294918762,0,Other,0,29,5,5554,345,39032,19514,2691.0,0.8471243509379516,3,19518,0.246238,0.2463167961442597,650.4072062704048,0.43121783956536786,0,57.0
2024-01-18,23,15000,524,Employed,Associate,1,32788,60,Single,3,Mortgage,240,0.259937893647289,6,2,0.08421140745230694,0,Education,1,19,3,959,2372,226898,4850,1250.0,0.7359464224657924,7,222048,0.275788,0.2206304,906.7444824997997,0.9173955859998397,0,57.0
2024-01-19,37,109763,462,Employed,High School,18,7258,36,Divorced,1,Other,492,0.5738006415328842,5,1,0.4178229491435783,0,Debt Consolidation,0,24,3,10584,4773,15357,19245,9146.916666666666,0.5410575135222238,6,3383,0.261258,0.26293786334996005,293.56638653984345,0.08588319049659833,1,47.2
2024-01-20,38,28540,565,Self-Employed,Bachelor,15,39688,24,Single,2,Other,224,0.31118717710939964,4,1,0.0668243975651975,0,Debt Consolidation,0,24,19,1348,4145,439636,22108,2378.3333333333335,0.9515501369904914,6,417528,0.23218799999999998,0.2384577875578148,2095.294440500391,0.9751763590050697,0,49.0
2024-01-21,40,109637,582,Employed,High School,17,21398,36,Single,0,Mortgage,217,0.2141428511055494,6,1,0.23530487587514634,0,Other,0,15,17,1893,840,104538,59011,9136.416666666666,0.9107003974738971,3,45527,0.215398,0.21473015473578888,811.3772314408598,0.11255804862674387,1,40.800000000000004
2024-01-22,18,40303,605,Employed,Bachelor,0,26244,120,Single,0,Mortgage,412,0.19734730149896634,6,0,0.47637041512331274,0,Education,0,22,13,1141,1623,77969,10819,3358.5833333333335,0.9371302072789834,6,67150,0.278744,0.2229952,547.8173388310036,0.2857804150056334,0,51.0
2024-01-23,49,59145,652,Employed,Master,28,9015,48,Single,4,Own,328,0.21926065978660436,4,0,0.23961391941620636,0,Home,0,22,14,4213,1388,25363,65640,4928.75,0.752020205920504,1,3035,0.178015,0.18702334920418923,268.1355910202632,0.12095066518290909,1,36.800000000000004
2024-01-24,42,51030,580,Employed,Bachelor,16,24506,60,Married,4,Rent,665,0.35159098213701734,5,1,0.3365406161718085,0,Other,0,29,9,1078,1862,105929,17932,4252.5,0.8308006023495392,5,87997,0.239506,0.2094738337537434,662.2445081728949,0.312109231786689,0,53.0
2024-01-25,29,19125,498,Employed,Bachelor,7,15651,48,Married,0,Rent,164,0.468724447970773,2,1,0.2566570434273715,0,Debt Consolidation,0,26,8,1422,552,10042,21046,1593.75,0.6666510410323675,4,3115,0.26165099999999997,0.271639236422474,538.0094955892464,0.44047654625207616,0,56.0
2024-01-26,34,32705,614,Employed,Bachelor,13,24860,48,Married,3,Other,318,0.40525857044211183,4,1,0.11113874784224691,0,Debt Consolidation,0,16,19,528,3271,29208,14742,2725.4166666666665,0.6111277727741253,7,14466,0.21286,0.1990528934151805,755.2449066547143,0.3937911291807544,0,49.0
2024-01-27,56,35137,557,Employed,High School,35,24502,60,Married,4,Other,202,0.3909793515176021,0,2,0.4063191907079585,0,Home,0,19,8,4325,4745,150149,36054,2928.0833333333335,0.6492008342602227,4,114095,0.251002,0.21365525403703028,667.9093912868592,0.29709174646219966,0,54.0
2024-01-28,41,42837,523,Employed,Bachelor,16,44689,72,Single,3,Rent,216,0.43721486471873944,2,2,0.35660164761261964,0,Education,0,25,24,1153,719,78710,35892,3569.75,0.6400795753072467,3,42818,0.29818900000000004,0.3225891886951832,1410.1729384433465,0.45554252775218057,0,56.0
2024-01-29,36,50435,619,Employed,Bachelor,14,18986,84,Married,3,Own,425,0.6207120229415021,3,1,0.4180505881850627,0,Home,0,21,19,2352,1676,47869,25335,4202.916666666667,0.847394094427516,4,22534,0.23448600000000003,0.24743864078861044,477.4618501793888,0.21472275606528532,0,55.0
2024-01-30,62,99590,623,Employed,Bachelor,37,11771,48,Married,4,Mortgage,360,0.4256274911518778,1,2,0.30981361905796395,0,Home,0,17,11,793,429,136447,23506,8299.166666666666,0.8678238789774894,6,112941,0.19527100000000003,0.20136482919949272,359.0523089942186,0.08664150725906843,1,37.6
2024-01-31,36,42598,561,Employed,Master,17,31153,60,Single,0,Own,1002,0.18438239813512228,2,1,0.1611919021980819,0,Other,0,26,15,1736,283,210095,38316,3549.8333333333335,0.932742322184189,4,171779,0.25565299999999996,0.2180565893017436,856.9732217304671,0.5236790145256962,0,46.0
2024-02-01,35,171067,636,Employed,Doctorate,13,17807,60,Divorced,1,Rent,739,0.2402095374334674,1,1,0.3950417679249081,0,Education,0,26,5,1943,1711,8077,4124,14255.583333333334,0.9776067271688882,9,3953,0.20480700000000002,0.16384560000000004,436.67853940403097,0.08247144377845154,1,40.800000000000004
2024-02-02,34,61863,546,Employed,Bachelor,13,16676,36,Single,3,Other,353,0.295464243876442,2,1,0.4473235568947068,0,Home,0,22,23,1179,3031,123540,13167,5155.25,0.9184384926661694,4,110373,0.228676,0.23060277568523396,646.0473411267393,0.19379221980054107,1,41.6
2024-02-03,37,34704,597,Unemployed,Bachelor,12,29246,48,Married,3,Mortgage,581,0.2191023879111389,1,1,0.31050516372968745,1,Debt Consolidation,0,23,13,2936,1250,13205,8969,2892.0,0.8653783709996153,4,4236,0.225746,0.18424576618313881,865.6033451341268,0.5002086255650507,0,70.0
2024-02-04,28,32732,549,Employed,Bachelor,5,14820,36,Married,1,Mortgage,615,0.16830370286495241,5,1,0.3243774894234944,0,Education,0,31,9,965,1904,135389,4292,2727.6666666666665,0.5269588662802901,4,131097,0.22532,0.23816746304643918,580.0058755186465,0.4381055391122986,0,51.0
2024-02-05,44,80432,588,Employed,Bachelor,20,45082,24,Single,0,Other,1154,0.16177445248068736,8,4,0.07091276261934774,0,Auto,1,15,20,37413,1562,38975,137137,6702.666666666667,0.8309102987087555,8,1445,0.22608199999999998,0.18758634362195314,2267.238118044962,0.5104293989524014,0,54.0
2024-02-06,54,89938,623,Employed,High School,28,19263,24,Married,1,Rent,163,0.08587432853561543,2,2,0.15996697615176897,0,Home,0,25,7,2562,484,32427,1540,7494.833333333333,0.37812989241734757,3,30887,0.182763,0.16687045357388006,949.512216826336,0.14843721899437426,1,36.800000000000004
2024-02-07,41,57981,511,Employed,High School,17,36425,36,Divorced,1,Own,507,0.30440363500732004,0,0,0.1301301758880444,1,Home,0,34,25,30452,14899,45351,10226,4831.75,0.6811270325217854,4,35125,0.26592499999999997,0.21273999999999998,1377.4440036396181,0.39001272906082024,0,62.0
2024-02-08,53,38467,620,Employed,Master,31,50075,60,Single,3,Rent,482,0.49777285029150864,4,0,0.3076768097181626,0,Home,0,27,24,1583,931,35624,12693,3205.5833333333335,0.8889916662963303,7,22931,0.24507500000000004,0.19606000000000004,1315.7273142563563,0.5608112868452512,0,53.0
2024-02-09,36,68807,633,Employed,Doctorate,13,21207,60,Married,1,Mortgage,440,0.2390095068196334,3,0,0.3059078959011054,0,Auto,1,33,1,15989,1490,30732,3924,5733.916666666667,0.6239631257431191,3,26808,0.20970700000000003,0.25164840000000005,624.5046216781354,0.18565052189657483,0,61.0
2024-02-10,18,16024,609,Employed,Master,0,29254,60,Married,2,Own,378,0.5833346358394115,6,0,0.8089269583200941,0,Debt Consolidation,0,26,27,3798,1702,38462,22139,1335.3333333333333,0.6554315860820811,7,16323,0.229754,0.21564846825364742,800.7424727489599,0.8827327554285771,0,58.0
2024-02-11,30,15000,497,Employed,Bachelor,9,16750,60,Married,3,Own,317,0.2777082566020907,2,2,0.3558254943167688,0,Home,1,25,13,6207,1341,98847,66253,1250.0,0.8434705772514979,8,32594,0.27325,0.2873476269112262,528.9748192601427,0.6767798554081141,0,62.0
2024-02-12,61,31499,580,Employed,High School,39,36088,36,Single,3,Mortgage,293,0.15134825939464236,2,0,0.14699784054885232,0,Debt Consolidation,0,19,10,2172,1718,43771,7367,2624.9166666666665,0.8591581568057515,3,36404,0.23108800000000002,0.22188275687464315,1381.7345545067503,0.6380143704270296,0,50.0
2024-02-13,32,91577,582,Employed,Doctorate,13,18024,72,Married,0,Mortgage,744,0.2589262253658783,4,1,0.27497681601289276,0,Education,0,24,4,848,667,187923,16729,7631.416666666667,0.8277936440842009,3,171194,0.24202400000000002,0.27128929676428365,509.3238716101629,0.16423213753804944,0,50.0
2024-02-14,48,26828,625,Unemployed,Master,25,26284,48,Married,1,Mortgage,190,0.3273353165488195,3,0,0.26595767953891275,0,Home,0,34,14,4318,176,360636,4343,2235.6666666666665,0.8449441110359418,1,356293,0.20878400000000003,0.19140728193917703,787.8479037240638,0.4373853751561341,0,48.0
2024-02-15,29,20907,485,Employed,High School,2,21174,48,Divorced,0,Own,532,0.1853502807824863,2,1,0.19373564223793877,0,Debt Consolidation,0,26,18,4426,990,19882,10721,1742.25,0.8030295464052922,4,9161,0.273674,0.2935110635686303,754.4205430177341,0.738367365772842,0,51.0
2024-02-16,41,48350,585,Employed,Bachelor,16,27458,72,Divorced,0,Rent,415,0.10467757207159428,1,1,0.4518875243492085,0,Debt Consolidation,0,22,7,1927,6732,53905,32414,4029.1666666666665,0.6646892724352972,6,21491,0.249958,0.19996640000000002,657.6432207180112,0.2662196204470762,0,57.0
2024-02-17,67,54646,669,Employed,Master,48,57338,12,Married,1,Rent,728,0.3735910752202166,2,1,0.20727473455537854,0,Auto,0,15,2,512,1805,74526,28896,4553.833333333333,0.7000778961224349,6,45630,0.187838,0.22540559999999998,5381.442641023242,1.3416043569937215,0,50.0
2024-02-18,25,74076,549,Employed,High School,3,26741,36,Single,0,Rent,431,0.23119007252879928,5,1,0.13954505065290435,0,Other,0,32,21,3684,1605,60673,4026,6173.0,0.8716313443437488,4,56647,0.237241,0.1897928,979.9385162076968,0.22856609690712731,1,38.400000000000006
2024-02-19,59,17639,576,Employed,Bachelor,36,26310,60,Married,2,Mortgage,479,0.26403007523478184,5,0,0.1034110205666426,0,Education,0,28,3,4088,1772,36887,22146,1469.9166666666667,0.8765952030617105,2,14741,0.24331000000000003,0.2504761650493804,772.9679567962008,0.8517271660272355,0,55.0
2024-02-20,43,111084,594,Unemployed,Bachelor,21,39271,96,Single,0,Mortgage,582,0.25893833690538287,2,1,0.20359613047331868,0,Home,1,29,16,1612,2017,26276,8499,9257.0,0.6064519415269712,3,17777,0.277271,0.2727472970795655,1009.2675870018163,0.17189884271381833,0,60.0
2024-02-21,42,152689,577,Employed,Bachelor,18,26385,36,Married,1,Own,390,0.48568911780757773,4,2,0.06454001668689108,0,Auto,0,22,27,12720,1409,160841,24512,12724.083333333334,0.6561722877589772,5,136329,0.222885,0.22824887236392874,1018.9494256267027,0.11073091779709364,1,36.0
2024-02-22,40,24574,494,Employed,Bachelor,20,32372,36,Married,0,Mortgage,319,0.06212878243071407,5,3,0.17394524867118646,0,Debt Consolidation,0,23,10,1448,551,42474,143834,2047.8333333333333,0.9447290070424063,2,3003,0.27037199999999995,0.30529878615213496,1383.6544409089977,0.8314419016402691,0,51.0
2024-02-23,47,64393,638,Employed,High School,29,24835,36,Divorced,3,Own,343,0.11190000551935603,2,0,0.618800111181927,0,Auto,0,25,27,3854,6563,351668,15930,5366.083333333333,0.8576878640009545,5,335738,0.190835,0.1852730401972207,904.4277872979445,0.23246522832567726,1,38.400000000000006
2024-02-24,24,71148,499,Employed,Associate,2,43225,108,Single,1,Mortgage,349,0.6825641966876641,5,1,0.3135798956452453,0,Home,0,26,8,941,8108,35529,4156,5929.0,0.5420317070999612,5,31373,0.33872499999999994,0.32803692320476774,1249.5002458967379,0.2696070578338232,0,57.0
2024-02-25,37,88740,634,Self-Employed,Associate,18,43897,60,Married,5,Own,419,0.19691332989426413,3,2,0.24635807106439972,0,Debt Consolidation,0,18,17,645,17242,46745,113527,7395.0,0.7041446239139015,4,4526,0.23189700000000002,0.2509713914742829,1290.9361400664097,0.23122868695962268,0,50.0
2024-02-26,38,72159,629,Employed,Bachelor,16,47086,12,Married,3,Mortgage,414,0.43633907831586416,3,1,0.26529441227031847,0,Education,0,26,9,3623,8841,51105,16606,6013.25,0.8195111003729734,7,34499,0.19758600000000004,0.22714334730933508,4423.188736837955,0.8044216915707737,0,51.0
2024-02-27,45,19634,622,Employed,Bachelor,19,31555,48,Single,4,Rent,1044,0.18221421058731033,4,1,0.5021080969319771,0,Debt Consolidation,0,29,5,2111,981,25823,5592,1636.1666666666667,0.8288934482548961,10,20231,0.21555500000000002,0.21338766459149783,982.8812889840235,1.2387987912706673,0,58.0
2024-02-28,38,100304,516,Employed,Bachelor,14,39992,48,Married,0,Own,411,0.4376307932696429,9,1,0.17302382608003242,0,Debt Consolidation,0,23,15,3829,850,113155,3465,8358.666666666666,0.890921932136697,4,109690,0.276992,0.2916386795085282,1420.56867032738,0.21912210922723482,0,46.0
2024-02-29,40,28677,626,Employed,Bachelor,17,13241,48,Divorced,1,Mortgage,292,0.22054248764155984,4,0,0.13750563686300565,0,Home,1,27,17,439,5287,61380,96432,2389.75,0.8485178226099944,5,9847,0.19524100000000003,0.17931948856775803,388.48368204427686,0.28475099154483813,0,55.0
2024-03-01,43,36897,575,Employed,Bachelor,20,11021,48,Married,1,Rent,330,0.15183042331822008,3,1,0.3855607381036851,0,Home,0,30,13,6261,659,104144,47430,3074.75,0.8015753595310674,3,56714,0.21852100000000002,0.23379397485780684,355.53410248018747,0.222956046013558,0,52.0
2024-03-02,33,24580,576,Unemployed,High School,9,14740,36,Married,1,Own,284,0.4417189679134336,4,0,0.19398912572695012,0,Home,0,28,8,8920,577,134688,3720,2048.3333333333335,0.8986899852358194,3,130968,0.21174,0.20243103487287353,549.6187360669693,0.40697415918647806,0,53.0
2024-03-03,31,39520,478,Employed,High School,6,26532,72,Single,2,Rent,211,0.13328511532364629,2,3,0.2535525611654037,0,Education,0,20,2,16525,637,41134,31772,3293.3333333333335,0.9297974672941908,7,9362,0.302532,0.3123427833459865,819.4230458754429,0.31288149166258383,0,56.0
2024-03-04,35,19582,513,Employed,High School,13,19889,24,Divorced,2,Mortgage,224,0.3695082056445933,1,0,0.10327876421135392,0,Other,0,27,12,923,2386,41791,15837,1631.8333333333333,0.8224458598093943,2,25954,0.238389,0.2786834492119262,1090.343475909763,0.8054397768827063,0,52.0
2024-03-05,51,87096,556,Employed,High School,28,8702,48,Married,2,Other,724,0.7544933719394726,3,0,0.22501202468020684,0,Home,0,26,19,1886,2918,10553,3113,7258.0,0.8673898972470088,4,7440,0.22570199999999999,0.2260174628054946,277.016584351852,0.137919066457957,1,42.400000000000006
2024-03-06,24,70162,574,Employed,Master,1,32269,60,Widowed,0,Rent,1128,0.14776898612614509,2,1,0.14176407317787143,0,Home,0,28,20,3543,4321,93859,142068,5846.833333333333,0.8243919282104293,5,10476,0.250269,0.2757131990594543,996.3930229455865,0.36334078668434533,0,49.0
2024-03-07,24,100408,477,Unemployed,Bachelor,2,6545,48,Single,0,Rent,517,0.20527331933077378,4,0,0.1505195455563437,0,Home,0,22,20,1064,635,79936,25042,8367.333333333334,0.6967143228285321,2,54894,0.263045,0.2715954064734839,224.9707392181953,0.08867469594672081,1,40.0
2024-03-08,61,53249,638,Employed,Associate,41,40835,36,Married,1,Rent,356,0.42125689337371586,2,1,0.27858366090807385,0,Home,0,19,23,732,214,16807,80443,4437.416666666667,0.6202708282953385,4,7026,0.20683500000000002,0.1810057682604764,1478.34418920509,0.4133811014377938,0,50.0
2024-03-09,63,68595,607,Employed,High School,38,35630,60,Single,3,Rent,400,0.42230980678530333,6,0,0.19214932398752405,0,Education,0,25,2,10284,2387,61319,131473,5716.25,0.9330439997828645,6,9461,0.23713,0.22884497254870947,1002.0634603265579,0.2452767916600145,0,52.0
2024-03-10,41,33945,589,Employed,Associate,18,33426,60,Divorced,2,Rent,233,0.1705667825569337,5,0,0.21439790506817555,0,Auto,0,27,9,2548,776,22076,8774,2828.75,0.7060148397206651,2,13302,0.24392599999999998,0.2522045735569683,985.4222182794229,0.4307281372618375,0,53.0
2024-03-11,41,96477,492,Employed,High School,21,20391,60,Married,0,Mortgage,258,0.20174151016581202,1,0,0.6330152119192829,0,Education,0,27,11,921,2030,73969,23230,8039.75,0.9089076070326935,5,50739,0.279391,0.23335339930925755,578.7673412858055,0.10407877624127684,1,44.0
2024-03-12,61,139799,608,Employed,Bachelor,37,7989,96,Single,1,Rent,786,0.14954114260890167,6,0,0.1665209858827888,0,Home,0,31,25,1020,857,26961,41670,11649.916666666666,0.7036265605710365,4,9214,0.238989,0.2141778864470569,174.5257791049032,0.08244915449508823,1,35.2
2024-03-13,37,43246,565,Employed,Master,12,15895,72,Married,1,Rent,394,0.5109681823297594,6,0,0.3083505823503271,0,Education,0,21,8,490,1207,73599,50782,3603.8333333333335,0.7791388191637538,5,22817,0.24839499999999998,0.27208366080717195,449.95464646820386,0.23418248526149116,0,57.0
2024-03-14,61,36003,618,Employed,Bachelor,39,24013,60,Married,3,Own,245,0.39015504294570674,4,1,0.28218935490806096,0,Other,0,30,14,1007,2931,197206,9738,3000.25,0.8961849588527445,10,187468,0.22001300000000001,0.21976927500217328,662.8979640832376,0.30260743740796187,0,46.0
2024-03-15,40,59284,528,Self-Employed,Master,16,32703,12,Divorced,3,Rent,338,0.18399255198505113,6,2,0.2691101166396564,0,Debt Consolidation,0,29,8,5926,496,45700,32342,4940.333333333333,0.9299849202871243,6,13358,0.23370300000000002,0.23681140911190443,3087.3383317872763,0.6933415420930996,0,55.0
2024-03-16,37,32187,555,Employed,High School,12,18388,96,Married,0,Mortgage,99,0.1664678063014537,2,2,0.519459173789488,0,Home,0,22,12,4041,537,109652,154354,2682.25,0.8506136722088037,6,3385,0.275888,0.28006685708675005,481.7517848744767,0.2165166501535937,0,58.0
2024-03-17,20,44021,606,Employed,Master,0,24667,60,Married,5,Mortgage,247,0.28782768965107625,3,0,0.4404758894355436,0,Auto,0,23,13,368,1250,15252,22322,3668.4166666666665,0.6012934737108048,5,3774,0.226667,0.18659152040767504,635.2582408353946,0.24050109924864807,0,54.0
2024-03-18,47,29660,629,Employed,Bachelor,22,24876,72,Single,4,Own,166,0.23114135441144945,4,1,0.5998713010444008,0,Debt Consolidation,1,26,21,9622,141,9792,26017,2471.6666666666665,0.9012919665247693,4,1970,0.22537600000000002,0.2193480311572265,624.0752248783609,0.3196528219332546,0,63.0
2024-03-19,31,85263,588,Employed,High School,5,19544,48,Married,2,Rent,309,0.3091531320844406,3,2,0.28207515342095424,0,Home,0,18,24,3802,727,26857,12887,7105.25,0.7545923694362766,2,13970,0.22054400000000002,0.1840140273431439,578.2124756369974,0.12486717225108158,1,40.800000000000004
2024-03-20,30,31237,502,Employed,High School,8,14150,84,Married,1,Mortgage,185,0.19648345293981945,5,1,0.3181539695251785,0,Home,0,23,5,8662,633,113216,7019,2603.0833333333335,0.9317846736912222,3,106197,0.28815,0.27464169744513894,380.7497554293174,0.2173383188254893,0,52.0
2024-03-21,44,47987,629,Employed,High School,24,32987,36,Single,1,Rent,478,0.13699644669304173,3,1,0.583612489063299,0,Debt Consolidation,0,23,28,1990,583,202873,38732,3998.9166666666665,0.45958132207994634,2,164141,0.203487,0.23390394610112844,1283.639313676463,0.4405291383940975,0,51.0
2024-03-22,18,62676,566,Employed,High School,0,12733,48,Married,0,Own,240,0.20949919761733707,1,2,0.3493589928458771,0,Auto,1,24,15,8204,4637,113803,367442,5223.0,0.8457136700249784,4,5389,0.224733,0.26967959999999996,436.2854212990884,0.12948217907315496,0,60.0
2024-03-23,33,22179,581,Employed,Associate,12,28149,72,Married,2,Own,910,0.3315615530538711,4,1,0.20125699218488902,0,Home,0,23,10,687,1353,72577,30875,1848.25,0.5422779131627965,4,41702,0.252649,0.22482023146796648,715.3516097205484,0.8794003028381162,0,54.0
2024-03-24,36,34344,648,Employed,Master,13,30798,72,Married,2,Mortgage,231,0.2522122753202981,3,1,0.22540210761896398,0,Home,0,26,19,3021,1703,23922,40593,2862.0,0.7549336588691954,10,3009,0.221798,0.2265037408084144,785.7683779045486,0.3552649817975362,0,50.0
2024-03-25,19,103515,611,Unemployed,Associate,0,41475,36,Single,1,Rent,536,0.271675058512519,2,1,0.474774185272318,0,Education,0,35,10,2189,698,13590,8753,8626.25,0.8524420292744649,6,4837,0.220975,0.21240981662393968,1567.7097819285018,0.24387303659510237,0,55.0
2024-03-26,40,27793,410,Self-Employed,Associate,19,22979,12,Married,4,Rent,223,0.14437744652922793,1,0,0.4172952038798842,0,Home,0,25,8,3521,453,29116,35051,2316.0833333333335,0.616960876892458,4,9273,0.282979,0.28905012576303857,2227.7980999061792,1.0581649047916435,0,61.0
2024-03-27,49,60210,544,Employed,Associate,29,20563,48,Single,1,Other,785,0.16166565302527044,3,2,0.23189243293066847,0,Education,0,17,5,597,1260,21244,13187,5017.5,0.950713409525424,7,8057,0.243563,0.23912077781737937,669.3924404948019,0.2898639642241758,0,53.0
2024-03-28,35,25743,552,Employed,Associate,13,11201,84,Married,2,Own,592,0.2634041015554381,4,2,0.18910498792022346,0,Auto,0,24,23,2655,1776,37166,2550,2145.25,0.8831491786374539,7,34616,0.260201,0.2684663492341388,296.87296641209446,0.4143446994113015,0,52.0
2024-03-29,49,276640,645,Employed,Bachelor,25,9306,24,Married,1,Other,502,0.1221695428636155,4,2,0.24139370370151228,0,Education,0,27,15,719,784,85659,41506,23053.333333333332,0.8309623197229931,6,44153,0.161806,0.15873656365692915,455.0891204447925,0.04151630077117377,1,36.800000000000004
2024-03-30,21,28369,531,Employed,Bachelor,2,36802,84,Married,3,Rent,338,0.19141817854090387,4,1,0.4094082511273861,0,Home,0,25,11,3598,795,114950,40307,2364.0833333333335,0.9038462863689519,4,74643,0.296302,0.32372232147576135,1111.6139693432308,0.6131822634607765,0,55.0
2024-03-31,40,105024,597,Employed,High School,16,25622,48,Divorced,0,Own,1292,0.4484603444783461,1,0,0.2021920929994838,1,Home,1,21,22,1557,2137,120363,14949,8752.0,0.8153327357727882,9,105414,0.222122,0.22381452509510535,812.5640827740624,0.2404666456551717,0,66.0
2024-04-01,35,38647,422,Employed,Associate,14,36894,12,Married,2,Own,123,0.30477734300389286,2,1,0.2850639476032318,0,Education,0,22,29,2875,417,15082,18492,3220.5833333333335,0.8611815098656543,4,2545,0.290894,0.2742155579430681,3550.0589953255335,1.1404949399411701,0,53.0
2024-04-02,59,27850,643,Employed,High School,37,44477,60,Married,1,Rent,575,0.36545730414257394,1,1,0.23428557861254998,0,Auto,0,23,21,607,369,35128,16034,2320.8333333333335,0.7011415580670687,1,19094,0.22797699999999999,0.21833415922887012,1224.1974535829518,0.7752376819747009,0,51.0
2024-04-03,58,51114,591,Employed,Associate,31,11424,24,Divorced,1,Rent,208,0.4195801842241472,4,2,0.3315813129785157,0,Debt Consolidation,0,31,1,705,985,15783,20199,4259.5,0.613499901523461,5,2018,0.19092399999999998,0.19556540722942012,578.9617706024245,0.18475449480042833,0,59.0
2024-04-04,30,32765,568,Employed,Bachelor,9,20053,24,Married,1,Own,210,0.20796791450605975,6,2,0.2783639611189977,0,Auto,0,23,22,2400,3642,108109,14811,2730.4166666666665,0.856568163255847,6,93298,0.21105299999999996,0.248264945280356,1068.5141950368368,0.4682487514250585,0,51.0
2024-04-05,35,62292,584,Employed,Doctorate,12,29599,60,Single,4,Rent,321,0.13058916673192922,1,0,0.07752011530004035,0,Other,0,23,1,11933,156,225003,10370,5191.0,0.843943634433076,6,214633,0.242599,0.27701070777236086,916.2586489618546,0.2383468790140348,0,49.0
2024-04-06,28,73790,550,Employed,Bachelor,4,23830,48,Married,0,Rent,490,0.13147924551483664,1,1,0.21131739214846917,0,Debt Consolidation,0,29,15,21079,2406,64534,8443,6149.166666666667,0.9661748868744345,4,56091,0.24383,0.24123627512116064,778.5313154218683,0.2062932075492942,0,49.0
2024-04-07,29,55152,584,Employed,High School,7,22551,48,Widowed,1,Rent,725,0.6205238089657648,4,3,0.057580925637488636,0,Debt Consolidation,0,22,13,2652,742,31801,18008,4596.0,0.8814184405766653,9,13793,0.22555100000000003,0.2170590114463992,706.897851527484,0.31155305733844296,0,52.0
2024-04-08,53,80942,547,Self-Employed,Bachelor,28,54488,48,Divorced,4,Rent,383,0.4197068268725237,3,2,0.4039492348792792,0,Home,0,24,18,2754,1400,402278,17758,6745.166666666667,0.8678186845453228,7,384520,0.275988,0.2678814140597408,1861.431111098923,0.3327465757355523,0,53.0
2024-04-09,40,142049,497,Employed,High School,17,15051,12,Single,0,Mortgage,448,0.20129908590886925,0,0,0.10710156203945237,0,Debt Consolidation,0,25,19,2309,420,114743,1415,6044.583333333333,0.8303462434729538,3,113328,0.231551,0.2571535504581294,1435.7402458089434,0.3116410415621055,1,35.2
2024-04-10,30,15000,593,Employed,High School,12,13790,108,Widowed,1,Rent,265,0.0921487932512979,3,0,0.1353854000510769,1,Other,0,31,28,3597,767,288730,51045,1250.0,0.8335520502234666,5,237685,0.26229,0.24491736497207597,317.238018293898,0.4657904146351184,0,59.0
2024-04-11,24,57650,519,Employed,Bachelor,1,21880,120,Married,4,Rent,335,0.26271777440568234,2,1,0.046964048672182436,0,Debt Consolidation,0,26,27,18185,3977,55760,8047,4804.166666666667,0.8481636620053387,7,47713,0.31738,0.30218989053208395,580.3382698148512,0.19053008218175566,0,50.0
2024-04-12,43,30019,503,Employed,Bachelor,19,27835,60,Married,0,Rent,336,0.18500738957320667,0,1,0.23492443364101775,0,Education,0,23,13,1897,690,163291,40159,2501.5833333333335,0.7201350037945276,3,123132,0.281335,0.30820531125214257,914.6359813938216,0.499937765306168,0,48.0
2024-04-13,49,129458,616,Employed,Doctorate,23,18690,72,Single,0,Rent,646,0.09668875419517463,1,3,0.23673801360837976,1,Education,0,30,29,2786,6674,15916,19797,10788.166666666666,0.8716557274891132,7,3139,0.22569,0.23352989384848677,484.7336143720856,0.10481239763062174,1,46.400000000000006
2024-04-14,50,89790,523,Employed,Associate,29,11786,12,Married,3,Own,252,0.44453164663449424,4,1,0.19936371871683492,0,Debt Consolidation,0,24,25,3034,653,80794,45454,7482.5,0.7829470727228546,4,35340,0.215286,0.2122180812485286,1098.6939920408456,0.18051373097772744,1,40.0
2024-04-15,44,50976,572,Employed,Master,21,14909,84,Married,1,Own,320,0.30067457678432985,2,1,0.11346541222840255,1,Home,0,16,8,4731,1388,17416,25788,4248.0,0.8479639602683092,3,4565,0.25390900000000005,0.21597620740342421,345.5620266998174,0.15667655995758412,0,63.0
2024-04-16,38,66469,640,Self-Employed,Associate,14,22032,48,Single,0,Mortgage,341,0.2691221770304545,1,1,0.3929167499391255,0,Home,0,19,10,4437,1215,119749,3267,5539.083333333333,0.7841887342888995,4,116482,0.197032,0.18868446767819805,657.2309428369213,0.18021590988345026,1,40.0
2024-04-17,35,86429,601,Employed,Master,13,34398,60,Married,2,Mortgage,646,0.12365632817889174,0,1,0.5453140812775193,0,Home,0,34,10,4557,2714,12663,24320,7202.416666666667,0.7798561637188335,10,3519,0.238898,0.26443727242355514,1038.9476852698087,0.23394198964742974,0,53.0
2024-04-18,59,59147,643,Employed,Associate,38,32113,48,Single,4,Mortgage,433,0.26074980227289124,1,0,0.47354099407541145,0,Auto,1,20,13,4069,420,86952,43082,4928.916666666667,0.5842786836323896,2,43870,0.20561300000000002,0.2149108657256562,1002.9031543228567,0.29132226236113884,0,59.0
2024-04-19,33,71605,541,Employed,High School,12,32145,48,Divorced,0,Other,188,0.3612525959453696,1,1,0.4386213025476138,0,Home,0,24,18,2007,1843,37841,150095,5967.083333333333,0.9528183566057306,3,6978,0.256645,0.2655217831315048,1093.8526690640913,0.21482064141846374,0,56.0
2024-04-20,32,22871,523,Employed,High School,9,16506,60,Married,0,Rent,303,0.2765356515588379,2,3,0.47285726610424017,0,Auto,0,27,8,4428,1598,120529,45899,1905.9166666666667,0.6059592407218201,1,74630,0.260006,0.23075893281330287,466.0319196063689,0.40349713765364115,0,57.0
2024-04-21,39,97850,510,Employed,Doctorate,15,27607,24,Single,1,Own,160,0.2258224499330594,2,1,0.23535409830821485,0,Debt Consolidation,0,21,18,2858,4422,359736,36201,8154.166666666667,0.852932354901502,4,323535,0.247607,0.2203223619503417,1432.6397336564423,0.19531606340191424,1,36.0
2024-04-22,40,81134,583,Employed,Associate,15,29510,120,Married,3,Own,343,0.12289629140445221,2,2,0.33725082319707933,0,Debt Consolidation,0,28,22,264,1428,123655,47674,6761.166666666667,0.664822000551185,5,75981,0.29301,0.31799111988764917,817.4264808390252,0.1716311012654165,0,50.0
2024-04-23,51,42155,624,Employed,Master,32,10774,36,Married,0,Mortgage,434,0.2170994497151635,3,1,0.0624704878972729,0,Education,0,24,27,5538,260,57356,77806,3512.9166666666665,0.9738879244065648,6,6441,0.18377400000000002,0.17548312089695456,387.06899256938584,0.23372857100777206,1,38.400000000000006
2024-04-24,59,78680,582,Employed,Associate,39,14375,84,Single,0,Rent,411,0.07543704155948587,9,2,0.36701939154960317,0,Education,0,21,17,5972,485,40245,18441,6556.666666666667,0.7843559445902568,7,21804,0.248375,0.19870000000000002,318.08983949420116,0.11119824699962397,1,42.400000000000006
2024-04-25,49,32223,581,Employed,Associate,27,13720,36,Single,2,Mortgage,231,0.4971756654969932,3,0,0.11572580580859823,1,Home,0,19,25,1254,5007,165017,8734,2685.25,0.7787331632441256,7,156283,0.20822000000000002,0.19890372773089685,509.1183151833606,0.27562361611893144,0,60.0
2024-04-26,56,88930,643,Employed,Associate,38,8242,84,Divorced,1,Rent,408,0.6271815777946049,5,0,0.34873044229970135,0,Home,0,19,9,4073,7427,53263,13205,7410.833333333333,0.9835869807581403,2,40058,0.211742,0.192073700250641,179.11029142960018,0.07922324859052292,1,42.400000000000006
2024-04-27,32,68101,572,Employed,Bachelor,14,20275,48,Married,0,Rent,521,0.18387449519072988,1,2,0.02345382085160057,0,Debt Consolidation,1,32,13,3187,101,287991,5791,5675.083333333333,0.8813201081263271,5,282200,0.22927500000000003,0.21874965259076426,637.4102407577017,0.2041221551679479,1,39.2
2024-04-28,49,85668,557,Employed,High School,27,25312,36,Widowed,3,Rent,593,0.6031242090913276,3,0,0.1618900376713744,0,Debt Consolidation,0,21,1,3797,1419,41135,18018,7139.0,0.7104561316179548,3,23117,0.231812,0.21453441043058855,959.5344358459619,0.21747225603669448,0,55.0
2024-04-29,52,40584,546,Employed,Associate,31,30090,36,Divorced,3,Mortgage,591,0.6205104674389329,3,1,0.14333700406777078,0,Debt Consolidation,1,26,19,5843,863,59286,62654,3382.0,0.6307263017401623,4,1937,0.24209,0.22087866075518572,1150.518951760995,0.5149375966176803,0,59.0
2024-04-30,25,39477,429,Employed,High School,0,62124,72,Single,5,Mortgage,833,0.2672564099189481,6,0,0.28523291520366895,0,Debt Consolidation,0,27,8,5884,1024,241965,24600,3289.75,0.7829104513422209,6,217365,0.362624,0.37786100594164446,2191.2942632118384,0.9193082341247324,0,50.0
2024-05-01,46,20823,572,Self-Employed,Master,19,11545,36,Single,2,Own,310,0.2853444625811002,1,2,0.3250492835665934,0,Home,0,29,9,1410,1249,170688,15348,1735.25,0.6620107082542902,5,155340,0.210545,0.2097968008785484,434.8382125179824,0.4292397133081587,0,56.0
2024-05-02,47,79105,618,Employed,Bachelor,26,13161,60,Widowed,0,Rent,591,0.2360228575632692,3,2,0.12602889762601557,0,Debt Consolidation,0,33,14,2383,1713,86912,41048,6592.083333333333,0.9039237971085161,6,45864,0.20916100000000004,0.21373628580417195,358.8209638054503,0.14408509658890592,1,37.6
2024-05-03,44,37819,584,Employed,High School,20,20597,60,Divorced,1,Mortgage,397,0.2589420823680072,3,2,0.2968557129082385,0,Home,1,22,25,2037,375,30850,42245,3151.5833333333335,0.874997547452278,2,1470,0.233597,0.1868776,530.7650725444093,0.2943806253611389,0,59.0
2024-05-04,39,29881,594,Employed,High School,17,22143,72,Married,3,Mortgage,382,0.0915812609839237,0,2,0.31098081164126085,0,Auto,0,15,6,2921,480,18071,67440,2490.0833333333335,0.7574129649690847,10,6916,0.240143,0.27127971334672923,625.7056477611806,0.4046875195988811,0,57.0
2024-05-05,34,32262,626,Employed,High School,10,9701,72,Divorced,1,Mortgage,783,0.48449710257977885,3,3,0.1800880544752117,0,Auto,0,15,29,1700,3283,32076,54902,2688.5,0.8420513019487887,6,1453,0.211701,0.25404119999999997,263.72831712161343,0.3893354350461645,0,49.0
2024-05-06,18,22638,447,Employed,Associate,0,19440,60,Single,0,Rent,457,0.3565619633194291,5,2,0.3677777278368541,0,Other,0,18,16,2107,385,1940379,40804,1886.5,0.8330043041539889,6,1899575,0.30094,0.35796744950312737,699.8776596837091,0.6132402118652049,1,38.400000000000006
2024-05-07,77,59000,522,Employed,High School,56,23735,24,Single,1,Rent,239,0.17655702984787547,6,1,0.055635352506333,0,Home,0,19,22,1457,527,132104,30874,4916.666666666667,0.6396086767649395,5,101230,0.237735,0.24414712616704243,1259.8136893203994,0.30484346223465747,0,45.0
2024-05-08,53,34180,591,Employed,High School,31,34724,60,Divorced,3,Mortgage,944,0.13194733940236122,5,1,0.16500558520619427,0,Home,0,25,26,2328,1066,58996,40370,2848.3333333333335,0.9379964779833303,1,18626,0.244224,0.2678674888034374,1055.8873209015862,0.7021254491169993,0,50.0
2024-05-09,23,15000,571,Employed,Master,0,46891,24,Married,3,Rent,280,0.5211269210055095,3,1,0.1925104100339393,0,Home,0,25,22,24424,3030,305019,13851,1250.0,0.6537609350094479,7,291168,0.236391,0.2341211556760817,2465.4412912663283,2.1963530330130627,0,47.0
2024-05-10,22,43909,448,Self-Employed,High School,1,13456,60,Married,1,Own,375,0.2047203900769736,1,0,0.3741733797934475,0,Auto,0,23,26,752,1508,491842,21373,3659.0833333333335,0.889254266327606,1,470469,0.294456,0.2863181437026046,424.1074211813821,0.21839005794202976,1,41.6
2024-05-11,52,42244,640,Employed,High School,33,29053,48,Married,0,Own,660,0.18397165369878732,6,0,0.2574935472407875,0,Debt Consolidation,0,23,9,829,49,50014,5289,3520.3333333333335,0.7383661666912191,5,44725,0.204053,0.18206223730119978,856.565829181228,0.4308017694861929,0,50.0
2024-05-12,52,29349,608,Employed,Associate,30,9886,48,Single,5,Mortgage,1123,0.2934365875705496,1,2,0.16845775569634772,0,Debt Consolidation,0,31,13,1487,545,34638,5845,2445.75,0.4549744741385321,5,28793,0.200886,0.18985983045202884,295.5194511434088,0.5799936424996049,0,49.0
2024-05-13,22,26411,590,Employed,Bachelor,1,18486,108,Married,5,Own,222,0.45855146721107165,1,0,0.19357572495197986,0,Auto,0,24,8,1333,138,62746,7928,2200.9166666666665,0.8865147415830748,9,54818,0.268486,0.2483790664460827,429.63748437890416,0.29607549174763736,0,52.0
2024-05-14,25,56563,575,Employed,Bachelor,0,13455,60,Single,0,Mortgage,522,0.39527938044715955,3,2,0.12628236620800784,0,Debt Consolidation,0,27,19,1873,1162,23738,5733,4713.583333333333,0.7655619269407967,6,18005,0.23095500000000002,0.21536867889842654,368.07815027491677,0.1888325902674717,1,40.0
2024-05-15,50,61572,636,Unemployed,Bachelor,26,49193,60,Married,3,Own,326,0.2933803333112694,3,0,0.23502079391242037,0,Home,0,33,10,4576,324,17854,41930,5131.0,0.6032838223260204,3,10772,0.236193,0.2669323674972139,1493.1179423788858,0.3545347773102486,0,52.0
2024-05-16,38,76017,512,Employed,Bachelor,12,21445,24,Divorced,4,Rent,381,0.47652818779854417,6,1,0.20767849839506033,0,Education,0,25,24,13510,933,113218,15393,6334.75,0.7117530619506514,1,97825,0.240445,0.24089856214667724,1134.7826737657847,0.2392805830957472,1,40.800000000000004
2024-05-17,29,59184,486,Employed,Bachelor,11,47029,12,Married,1,Mortgage,574,0.1574016951832529,3,0,0.04798164059747079,0,Debt Consolidation,0,25,23,1163,3246,29578,48210,4932.0,0.9686754864899236,7,4612,0.269029,0.25719921994938694,4486.279968746652,1.0260097260232466,0,49.0
2024-05-18,44,102370,577,Employed,Bachelor,19,18729,48,Single,2,Rent,356,0.257799484212389,4,0,0.0950127006478604,0,Debt Consolidation,1,19,20,3887,2378,17926,71508,8530.833333333334,0.8271464947500803,9,9931,0.225229,0.1944477527468659,564.404539226447,0.10789151578311383,1,44.0
2024-05-19,44,76111,636,Employed,Master,25,29483,48,Married,2,Mortgage,171,0.31735226336604005,4,1,0.26238696734793265,0,Education,0,20,12,2484,1643,11709,391089,6342.583333333333,0.9504868059229584,6,1119,0.20648300000000003,0.20661428577887012,907.6011111780804,0.17005706578729704,1,39.2
2024-05-20,21,36790,593,Employed,High School,0,20318,12,Married,0,Mortgage,425,0.4086694084876794,0,0,0.2854001403812992,0,Debt Consolidation,0,21,28,6353,1219,35573,11697,3065.8333333333335,0.764261737004974,7,23876,0.188818,0.17865287960798867,1861.4517310044039,0.7457847450952119,0,54.0
2024-05-21,32,15000,499,Employed,High School,13,30925,24,Single,1,Own,389,0.08572446099581514,4,2,0.3476748689059065,0,Education,0,24,23,1885,1747,38711,50498,1250.0,0.6916652780094287,7,5008,0.256425,0.2297616607258096,1619.278579959901,1.6066228639679208,0,55.0
2024-05-22,69,62125,686,Employed,Bachelor,46,24645,84,Married,2,Mortgage,1088,0.0901630348761342,5,1,0.4791494926936562,0,Home,0,31,29,944,1784,62128,45199,5177.083333333333,0.7929322387797709,6,16929,0.20664500000000002,0.21176611540576745,564.8649092267567,0.3192656565106009,0,49.0
2024-05-23,38,37889,530,Employed,Bachelor,12,19467,84,Single,5,Mortgage,481,0.035539502027328904,4,2,0.15502308253678052,0,Auto,0,23,16,272,601,196386,47777,3157.4166666666665,0.890627580389465,4,148609,0.279467,0.25983260237188793,505.0456366055575,0.31229506292767534,0,46.0
2024-05-24,30,19967,562,Employed,Bachelor,7,14642,36,Married,1,Rent,409,0.3312973680705737,3,2,0.1503801662739852,1,Auto,0,29,8,754,1238,47585,21554,1663.9166666666667,0.7345678716776513,3,26031,0.21864199999999998,0.20190620535277823,545.5723529045694,0.5736900002431428,0,65.0
2024-05-25,47,55204,593,Employed,Bachelor,29,13959,24,Married,1,Rent,579,0.17647853049368573,1,1,0.1934767559705055,0,Debt Consolidation,0,22,3,1360,1433,43437,18655,4600.333333333333,0.9066886518498749,3,24782,0.192459,0.20516518513394766,713.9817208245762,0.28106261593172444,0,52.0
2024-05-26,51,29736,621,Self-Employed,Bachelor,28,22631,36,Married,0,Rent,414,0.20085118536682853,2,2,0.2104338950482027,0,Education,0,20,13,2440,2581,42505,24568,2478.0,0.6058648035953983,2,17937,0.19713100000000003,0.17129063511061965,808.3112791064211,0.4932652458056582,0,54.0
2024-05-27,37,81293,632,Employed,Doctorate,16,26001,24,Married,1,Rent,760,0.1915298451857044,3,0,0.20887122450839446,0,Debt Consolidation,0,19,25,1258,1485,68007,13174,6774.416666666667,0.7808938530912911,5,54833,0.185001,0.17151804723123412,1287.4456695875924,0.3022320253287627,1,36.0
2024-05-28,37,87970,619,Employed,Master,16,22534,72,Married,2,Other,328,0.14518535261156174,6,0,0.38736517274154936,0,Home,0,25,17,4975,4596,60214,15011,7330.833333333333,0.8678616972781692,7,45203,0.22803400000000001,0.2438682802261931,598.5514974653252,0.12639101932003982,1,39.2
2024-05-29,45,53185,645,Employed,Bachelor,23,17590,48,Single,1,Other,788,0.05605120155534595,2,2,0.09389515357362488,0,Home,0,26,29,1805,1976,77254,27224,4432.083333333333,0.7932180119532344,5,50030,0.19009,0.19890945748485855,534.2485650779406,0.29833567323371796,0,44.0
2024-05-30,57,67019,525,Employed,Bachelor,35,13337,60,Single,1,Rent,314,0.25093303368543113,4,1,0.4494619614720213,0,Auto,0,28,9,5804,1977,137923,11122,5584.916666666667,0.7297787307473569,5,126801,0.255837,0.26357321016600727,402.14219466418757,0.12822791053239008,0,53.0
2024-05-31,26,47836,610,Employed,Associate,5,19118,60,Married,0,Mortgage,664,0.08071194575959442,6,0,0.492832288576562,0,Debt Consolidation,0,25,16,1526,407,62963,76512,3986.3333333333335,0.6663514466296229,7,9870,0.21911799999999998,0.24631962967121096,557.0210743000064,0.3063017997240588,0,53.0
2024-06-01,28,15000,476,Employed,High School,5,16080,120,Divorced,1,Mortgage,642,0.25482279686135945,2,2,0.26528491498298024,0,Debt Consolidation,0,21,6,1759,2944,22793,11857,1250.0,0.957653311431837,6,10936,0.33308000000000004,0.33609057144825,467.3470527600455,0.8874776422080364,0,56.0
2024-06-02,34,50667,592,Employed,Bachelor,12,29562,36,Married,1,Mortgage,424,0.5234424894867881,6,1,0.22449904338588253,0,Auto,0,28,22,840,1181,281149,82990,4222.25,0.6882967757801287,6,198159,0.218562,0.2511185162581616,1177.129476884537,0.37921238128593454,0,49.0
2024-06-03,44,98479,556,Employed,Bachelor,22,24957,48,Married,5,Other,369,0.09568536765662049,3,1,0.3986543114320044,0,Debt Consolidation,0,18,1,2501,415,157871,26853,4322.166666666667,0.6578269454395406,3,131018,0.241957,0.2414985890752045,815.7130105434173,0.27410164899010925,0,52.0
2024-06-04,48,45679,612,Employed,High School,29,29292,36,Single,1,Own,1209,0.07798374377848145,4,0,0.10621416730691274,0,Home,1,31,26,3304,1277,62488,21514,3806.5833333333335,0.9124790227250041,4,40974,0.208292,0.2237274117223037,1124.3310360804905,0.6129725351466951,0,53.0
2024-06-05,52,33384,602,Employed,High School,30,70590,48,Divorced,1,Rent,594,0.29864897192879614,4,2,0.43887928558416445,0,Debt Consolidation,1,28,25,13620,705,35036,259754,2782.0,0.8411618188382005,14,6537,0.26459,0.2781606145319525,2452.7890979172594,1.0951794025583248,0,60.0
2024-06-06,52,103844,594,Self-Employed,Master,32,9282,72,Divorced,0,Mortgage,297,0.09849257648120267,5,0,0.21209075671310954,0,Debt Consolidation,1,35,6,1472,610,25815,3934,8653.666666666666,0.7436374800448404,7,21881,0.227282,0.2305731486794917,239.08139948597608,0.06194846879773231,1,48.800000000000004
2024-06-07,34,124999,527,Employed,Bachelor,14,10263,36,Single,0,Rent,569,0.1599285886611673,3,0,0.39262156756547517,0,Home,0,19,29,988,213,46804,103108,10416.583333333334,0.9225325489277489,5,7289,0.231763,0.22049047386425075,392.2090792048067,0.09227680981813999,1,40.800000000000004
2024-06-08,32,33482,483,Employed,High School,9,22633,120,Single,3,Mortgage,278,0.1775953681576651,3,0,0.21572572471239,0,Debt Consolidation,0,38,1,1445,1354,32796,47981,2790.1666666666665,0.8184484451405158,5,5034,0.336133,0.2978596264204256,593.0713885785834,0.3121933176913865,0,56.0
2024-06-09,70,69882,491,Employed,High School,51,21731,60,Divorced,2,Mortgage,355,0.10709917272320527,3,1,0.07404507360991748,0,Home,0,20,9,2623,1516,146733,82458,5823.5,0.8771077830713533,4,64275,0.281231,0.28299149009696917,680.5397499632869,0.1778208551495298,0,48.0
2024-06-10,42,54993,582,Employed,Bachelor,23,27716,36,Married,0,Mortgage,351,0.2875035135218392,4,0,0.24514162574106327,0,Home,0,28,20,5614,900,25621,10456,4582.75,0.7218247071073088,3,15165,0.221716,0.22522177980093938,1065.9884178285683,0.30920046213050423,0,52.0
2024-06-11,54,24604,639,Employed,High School,35,11901,36,Divorced,0,Rent,671,0.12514665835118055,2,1,0.16375964981221236,0,Debt Consolidation,0,26,5,4055,824,28827,24775,2050.3333333333335,0.862856912433858,9,4052,0.177401,0.16958579613024,424.0578204900582,0.5340877030515647,0,50.0
2024-06-12,41,38421,505,Employed,Bachelor,18,15276,60,Single,2,Rent,464,0.39760897303796844,3,1,0.18146226769677834,0,Debt Consolidation,0,25,11,487,928,15193,7281,3201.75,0.8511974897010424,1,7912,0.267776,0.2547935687449771,452.6739652376905,0.2863040416140206,0,51.0
2024-06-13,24,28947,542,Employed,Associate,0,33741,72,Single,2,Mortgage,413,0.3114517002411289,3,3,0.40763363864285357,0,Other,0,30,17,17602,978,45513,8931,2412.25,0.7959785861697369,4,36582,0.277741,0.3254633885181323,1071.092043229125,0.6152314408660483,0,58.0
2024-06-14,43,99349,621,Employed,Bachelor,24,27767,24,Married,2,Own,448,0.20466698860456017,2,1,0.2709927832341179,0,Other,0,19,16,3823,287,286441,9239,8279.083333333334,0.8348556497154894,6,277202,0.192267,0.18625925994532144,1394.6547655330614,0.22256748619912364,1,33.6
2024-06-15,20,24744,496,Employed,Bachelor,0,18506,36,Single,0,Mortgage,326,0.1972059153383187,5,3,0.2964670214123986,0,Auto,0,26,13,4179,133,36883,62105,2062.0,0.8546858452176085,6,3467,0.255506,0.28114969626341907,766.624472432736,0.5298857771254781,0,53.0
2024-06-16,67,41058,660,Employed,Bachelor,46,9559,48,Single,0,Own,456,0.1614561320118002,3,1,0.6266494360338761,0,Home,0,26,15,649,2010,33587,59214,3421.5,0.9503775615610252,6,7960,0.17455900000000002,0.19126455172140594,286.45348229006896,0.21699648759025833,0,52.0
2024-06-17,50,38809,511,Employed,Bachelor,24,24281,36,Married,1,Rent,719,0.354672980718328,5,0,0.30645494194867573,0,Home,1,28,3,2035,354,288384,18348,3234.0833333333335,0.8652556730033659,2,270036,0.25378100000000003,0.2609854297507198,979.5716041206344,0.5252095969864622,0,58.0
2024-06-18,54,65279,638,Employed,Master,34,32733,60,Divorced,0,Rent,211,0.2436612510275935,4,2,0.27262162372573046,0,Auto,0,24,3,8447,1307,10457,121351,5439.916666666667,0.8260521943656834,4,5862,0.218733,0.2087990764202428,883.3277829396666,0.20116627698457387,0,52.0
2024-06-19,56,39343,616,Employed,High School,37,29898,48,Married,1,Mortgage,1438,0.2105096810183686,2,2,0.27392543012809967,0,Debt Consolidation,0,17,3,3083,155,33764,5693,3278.5833333333335,0.9224865696990923,5,28071,0.21689800000000004,0.2350686363206289,966.5967329288638,0.7334255342791949,0,53.0
2024-06-20,31,41218,566,Employed,High School,6,26669,96,Married,2,Mortgage,522,0.25267994885132905,3,1,0.19955810120886922,0,Home,0,28,8,1475,2313,91914,33000,3434.8333333333335,0.8579430855809932,5,58914,0.278669,0.2720676327125102,684.164064203792,0.35115650372277896,0,50.0
2024-06-21,24,15305,556,Employed,High School,2,20063,48,Divorced,3,Mortgage,420,0.21303217029775956,2,0,0.12794639758858667,0,Debt Consolidation,0,22,11,1467,1519,72217,37594,1275.4166666666667,0.7994292246911744,7,34623,0.237063,0.25102725677471266,666.3814803194845,0.8517855448437645,0,52.0
2024-06-22,29,111499,553,Self-Employed,Master,5,33839,72,Divorced,5,Rent,612,0.21993884086713753,2,0,0.04593466687659673,0,Home,0,23,24,6862,1651,32972,77310,9291.583333333334,0.6441256731618881,4,7254,0.272339,0.29135818609469566,999.2409804780659,0.1734086562725835,0,52.0
2024-06-23,57,76459,635,Employed,Doctorate,32,10265,24,Married,0,Rent,529,0.1294248657097426,4,1,0.2448144817773937,0,Other,0,12,4,1705,521,26983,77951,6371.583333333333,0.8511168908347624,6,4740,0.167765,0.17505230559316426,510.0203049717542,0.16307097476635912,1,40.800000000000004
2024-06-24,48,16404,637,Employed,Master,23,12627,24,Married,4,Own,340,0.33661242262834734,4,0,0.06883748898239665,0,Home,0,33,9,2795,7053,442092,19776,1367.0,0.8265663415321777,7,422316,0.169127,0.18628483825844214,634.2327420438967,0.7126794016414753,0,44.0
2024-06-25,50,33692,514,Employed,Bachelor,23,23451,48,Married,0,Own,430,0.5550700202743587,7,1,0.15693951238483142,1,Education,0,22,29,8100,507,51693,15862,2807.6666666666665,0.8511423944190073,6,35831,0.261451,0.2899113232516121,830.6719755166351,0.4490105575863594,0,64.0
2024-06-26,38,102641,562,Employed,Bachelor,15,14110,24,Married,0,Rent,500,0.1956193032516848,3,1,0.19293366860549563,0,Other,0,20,27,1539,314,9269,13059,8553.416666666666,0.5718860936022139,9,8764,0.20811,0.20421213702254,721.0465292258548,0.1427554130484919,1,38.400000000000006
2024-06-27,55,227208,500,Employed,High School,34,47052,72,Single,2,Mortgage,669,0.39527150971804487,3,1,0.23166766274273679,0,Home,0,22,22,1975,77,118902,30911,18934.0,0.682629291148239,4,87991,0.312052,0.2876124924236839,1378.1600389486994,0.10812084287254142,1,38.400000000000006
2024-06-28,40,32594,617,Self-Employed,Associate,18,25983,60,Single,3,Own,785,0.43853416292047687,1,1,0.10434223308360543,0,Home,0,23,14,6886,474,27225,3554,2716.1666666666665,0.8988934627737734,14,23671,0.22248300000000004,0.23768188357182235,743.9860784405623,0.5629205664013852,0,52.0
2024-06-29,40,107670,601,Employed,High School,19,17937,12,Married,1,Rent,384,0.30714306361999005,4,0,0.17634331551252977,0,Debt Consolidation,0,18,21,367,433,17339,13618,8972.5,0.8041501510048069,8,3721,0.18243700000000002,0.20108281353628465,1662.5148268909975,0.22808747025812176,1,36.800000000000004
2024-06-30,53,15707,643,Employed,High School,31,14790,24,Single,0,Mortgage,773,0.559335588646234,4,0,0.2953424522873613,0,Home,0,25,16,3991,2114,172359,7095,1308.9166666666667,0.8810550257200366,7,165264,0.16829,0.17236604593879118,732.9336389486449,1.1505191104210692,0,48.0
2024-07-01,40,25614,623,Employed,Bachelor,17,22000,48,Single,3,Mortgage,389,0.16061146147489702,3,0,0.5810641529296963,0,Auto,0,23,8,754,1761,63988,3581,1357.5833333333333,0.7081243230857461,3,60407,0.20550000000000002,0.168782188114927,633.4256613815106,0.7531218425252059,0,55.0
2024-07-02,31,26254,547,Unemployed,Associate,10,14928,84,Married,0,Mortgage,206,0.3327769232528757,4,0,0.33198602910382446,0,Home,0,25,29,3425,1276,246516,45076,2187.8333333333335,0.6955939289973363,7,201440,0.266428,0.3093023411585769,436.213798436476,0.29353872100395034,0,55.0
2024-07-03,51,33811,650,Employed,Bachelor,30,9676,72,Married,4,Rent,610,0.236566959808879,1,0,0.1036960891754039,0,Debt Consolidation,0,16,20,1493,1452,2945,10648,2817.5833333333335,0.8479321296548802,6,8225,0.199676,0.1600644965459282,209.9246107675911,0.2910027898971072,0,45.0
2024-07-04,43,132487,615,Employed,Associate,20,13937,36,Married,1,Other,665,0.23092093412860712,5,1,0.2318441758541542,0,Education,0,22,27,1612,1061,128033,22056,11040.583333333334,0.8504953901077493,7,105977,0.191437,0.1851953115631463,507.4956664751837,0.10619870627082056,1,34.4
2024-07-05,46,19921,608,Employed,Bachelor,21,15990,48,Single,2,Other,505,0.002615698894902841,2,1,0.40943034394612454,0,Home,0,16,9,1542,3474,103179,15386,1660.0833333333333,0.4979029811997131,5,87793,0.20699,0.21708393257144504,501.25418777402587,0.6061467924947699,0,53.0
2024-07-06,29,77694,446,Employed,Bachelor,7,5296,36,Married,0,Mortgage,289,0.2918216640422367,5,1,0.1574173938993607,0,Debt Consolidation,0,16,27,16916,2067,43834,12450,6474.5,0.8342962232058228,4,31384,0.267296,0.3072122114357957,226.92071451529935,0.0796850281126418,1,40.0
2024-07-07,49,28979,509,Employed,High School,25,12894,12,Married,3,Mortgage,693,0.3846100672880689,3,0,0.1843868718559145,0,Home,0,24,13,992,861,66087,165628,2414.9166666666665,0.7384528351199435,3,2502,0.223394,0.21256344016524265,1202.1959020921108,0.7847872882123376,0,52.0
2024-07-08,35,102015,603,Employed,High School,11,26712,12,Married,2,Other,819,0.21492774906064446,7,2,0.31946867521439415,0,Home,0,28,3,8277,706,17621,10009,8501.25,0.8668234980219008,4,7612,0.190212,0.21871093707572917,2498.436172585267,0.3902292218891653,0,53.0
2024-07-09,39,191463,633,Employed,Doctorate,14,13959,36,Single,3,Rent,317,0.1539123210189468,1,4,0.29774554094075795,0,Debt Consolidation,0,29,7,1463,4295,22698,46525,15955.25,0.6903299206383268,3,7749,0.182459,0.16855003025006704,496.66968788282105,0.05099698769262914,1,37.6
2024-07-10,57,22378,618,Employed,Master,34,17084,36,Single,4,Other,364,0.3121615400978781,3,0,0.2993449916615859,0,Other,0,25,2,361,1605,120501,275320,1864.8333333333333,0.8865554233781292,3,1909,0.193084,0.19640593911013965,631.778444737804,0.5339771801257328,0,55.0
2024-07-11,37,48075,527,Employed,Master,15,21235,36,Widowed,5,Mortgage,267,0.20638629816469325,4,1,0.35676343740388117,0,Home,0,24,14,1114,1102,152878,19417,4006.25,0.7822951564050852,3,133461,0.242735,0.25579182238175074,850.8182518173397,0.2790185963974639,1,40.800000000000004
2024-07-12,59,157118,662,Self-Employed,Doctorate,40,22445,96,Married,2,Rent,263,0.09167163921503249,7,0,0.2513584878403232,0,Other,0,27,16,6434,1104,171180,69065,13093.166666666666,0.8824657243831159,3,102115,0.226445,0.2274028342126506,509.34761800916374,0.058988603572537615,1,33.6
2024-07-13,44,114014,563,Self-Employed,Bachelor,22,24808,60,Divorced,0,Mortgage,392,0.23918522046234966,2,0,0.32994327093777304,0,Education,0,31,20,9266,538,151155,119151,9501.166666666666,0.7112165127860836,5,32004,0.24830799999999997,0.25944998185699275,741.9555804202336,0.11934908840179982,1,44.800000000000004
2024-07-14,40,94580,514,Employed,Bachelor,21,26491,36,Married,3,Mortgage,1030,0.3011441945044923,5,0,0.37080407839252316,0,Auto,0,32,4,2824,3095,345573,19028,7881.666666666667,0.9272495809432154,4,326545,0.254491,0.2553079124221112,1060.7285825790348,0.26526478104195833,1,40.0
2024-07-15,59,37629,610,Employed,Associate,37,39695,60,Single,0,Rent,579,0.12722198803366677,3,1,0.5916159544755034,0,Auto,0,21,5,5034,2891,212289,36479,3135.75,0.8394164407186431,5,175810,0.239695,0.2097367518595768,1073.295382402069,0.5269219109948399,0,53.0
2024-07-16,60,30555,631,Unemployed,High School,36,30256,60,Divorced,0,Mortgage,505,0.2547904656438917,3,0,0.6354368436067712,0,Other,0,25,20,2578,1406,32878,32501,2546.25,0.7883723729520371,7,6317,0.219756,0.22279970852761846,840.4611370002006,0.5284088903289939,0,59.0
2024-07-17,51,84338,517,Employed,Master,24,26628,36,Married,2,Mortgage,567,0.257144841176509,1,4,0.20450365158750117,0,Debt Consolidation,0,25,12,350,6122,82014,54266,7028.166666666667,0.45238008237725436,5,27748,0.253128,0.26083950350209045,1074.0498099459455,0.23349614313063324,0,51.0
2024-07-18,20,26558,601,Employed,Bachelor,0,17774,60,Single,0,Mortgage,737,0.36090052185392,1,0,0.3533336507584414,0,Education,0,26,3,871,5145,40455,22051,2213.1666666666665,0.6774020495268187,8,18404,0.22227400000000003,0.26172687020553675,533.9805076369178,0.5742814252444843,0,56.0
2024-07-19,39,54148,582,Employed,High School,15,17075,24,Divorced,2,Other,330,0.5954994558729322,1,0,0.23009327630736257,0,Home,0,26,1,1901,2512,242885,21984,4512.333333333333,0.5350305828919371,3,220901,0.201075,0.20300327273854354,871.5530440995859,0.2662819777128431,0,53.0
2024-07-20,34,206996,564,Employed,High School,9,10460,60,Single,1,Rent,941,0.5631668867229702,1,1,0.488844298737893,0,Auto,0,32,10,633,299,26169,23572,17249.666666666668,0.8505264021105925,1,2597,0.23346,0.19813957309543773,276.0443485351739,0.07055465894230847,1,44.0
2024-07-21,76,61702,620,Employed,High School,53,13710,60,Divorced,1,Rent,297,0.10733598549078763,2,0,0.24820437709532286,0,Home,0,25,16,8191,2279,79667,17282,5141.833333333333,0.9332286038821295,6,62385,0.20871,0.19065548165408885,356.13961958808744,0.1270246577915959,1,36.800000000000004
2024-07-22,18,60528,600,Employed,Bachelor,0,50299,60,Single,3,Mortgage,278,0.7569518051174081,4,0,0.3333957767537986,0,Debt Consolidation,0,22,6,2009,158,41143,31160,5044.0,0.6965139314334271,7,9983,0.255299,0.23297205049200806,1426.5545248648211,0.3379370588550399,0,55.0
2024-07-23,49,23093,490,Self-Employed,Bachelor,21,10602,24,Married,2,Own,311,0.3816926326017333,0,0,0.3100930434470993,0,Home,0,20,4,3184,2091,48239,37749,1924.4166666666667,0.8641816698206113,2,10490,0.24060199999999998,0.21539100577270762,547.6021057623582,0.4461622686159571,0,62.0
2024-07-24,27,24992,547,Employed,High School,6,9155,48,Single,3,Other,1003,0.12003627342148523,2,1,0.12837343603827456,0,Home,0,23,20,4953,52,12390,11701,2082.6666666666665,0.7693885911099534,2,10298,0.230655,0.2663881893394758,311.9813173112048,0.6313930780943685,0,51.0
2024-07-25,56,46882,588,Employed,High School,34,8250,60,Married,2,Own,406,0.4444268915945833,5,1,0.2839848841743269,0,Other,0,20,14,2558,288,92482,98486,3906.8333333333335,0.8531153222183844,8,1094,0.21925,0.21919405998519195,227.47814456766451,0.16214619117810616,0,54.0
2024-07-26,58,25377,614,Unemployed,High School,35,7996,72,Divorced,0,Mortgage,305,0.16646411831038124,3,0,0.30049074446975166,0,Home,0,22,19,476,352,35279,8666,2114.75,0.7601540973893502,10,26613,0.215996,0.22463601738410124,203.1147452391324,0.240271779283193,0,55.0
2024-07-27,62,106548,678,Unemployed,Doctorate,42,7787,48,Married,1,Rent,319,0.7007584361797429,0,0,0.45713614024474575,0,Home,0,22,25,3482,1199,163892,2626,8879.0,0.513201120798961,8,161266,0.163787,0.15871641575396334,220.1741919408954,0.06072465276955687,1,40.0
2024-07-28,55,40018,658,Employed,Doctorate,30,18742,24,Married,3,Other,522,0.06248361534717132,5,2,0.30078261434625414,0,Auto,0,20,20,1044,3068,307894,16933,3334.8333333333335,0.9830780779962504,5,290961,0.164742,0.1723924323672603,928.802851350612,0.43504508511688095,1,33.6
2024-07-29,35,76849,459,Employed,Master,11,22362,108,Widowed,0,Mortgage,335,0.32790188217632527,2,1,0.567773876651005,0,Home,1,22,9,5680,2682,58267,38733,6404.083333333333,0.7588952173020784,5,19534,0.337862,0.33479720173533756,657.5655990921139,0.154989488335637,0,65.0
2024-07-30,51,32301,523,Employed,Associate,30,11676,72,Divorced,2,Rent,398,0.3871602721621559,3,0,0.4029495425612964,0,Education,0,25,29,1459,1478,75085,81498,2691.75,0.9218078031477912,9,3549,0.26517599999999997,0.25008063220370663,314.5762526471443,0.26472601565789705,0,57.0
2024-07-31,27,23117,531,Employed,High School,4,10938,60,Single,0,Own,662,0.1512600244366312,4,2,0.12491348931904064,0,Debt Consolidation,0,27,17,13422,371,197529,12995,1926.4166666666667,0.6742430772696504,4,184534,0.250438,0.25463765480439304,324.02549338987404,0.511844353535428,0,47.0
2024-08-01,46,93950,567,Employed,Bachelor,21,21875,36,Single,3,Rent,594,0.5340264615675999,1,2,0.5815347554432158,0,Auto,0,31,7,11856,839,103304,22235,7829.166666666667,0.7740332054753287,6,81069,0.223375,0.23260163494875363,849.7442238223076,0.18440586147810206,1,45.6
2024-08-02,25,38252,513,Employed,Bachelor,0,46895,36,Married,1,Own,571,0.13612018675376533,1,1,0.2132802308729503,0,Debt Consolidation,0,23,9,1624,296,35748,100296,3187.6666666666665,0.8525441418840801,5,4434,0.275395,0.2801430049961565,1940.107768074526,0.7877573255488421,0,53.0
2024-08-03,25,93470,495,Employed,Associate,6,15460,60,Single,1,Rent,472,0.18355915702101114,2,1,0.38564915327000765,0,Home,0,28,29,6684,426,250654,56068,7789.166666666667,0.8476105624411278,6,194586,0.27296,0.30326032893462357,503.28396952611837,0.1252103095572207,1,38.400000000000006
2024-08-04,36,57388,514,Employed,Associate,12,45425,72,Single,2,Rent,968,0.35759839482464434,1,2,0.3859838668159307,0,Debt Consolidation,0,29,13,2594,533,528103,12961,4782.333333333333,0.5912772459353922,4,515142,0.303425,0.24800853443048873,1218.076188209412,0.4571149762757536,0,46.0
2024-08-05,46,54752,485,Employed,Associate,21,12540,120,Single,2,Rent,582,0.07113439704059733,5,0,0.08954933581453021,0,Other,0,29,21,3975,247,137985,38839,4562.666666666667,0.8602161817424082,2,99146,0.32504,0.36930405681964046,396.3555823373919,0.21442626731532552,0,47.0
2024-08-06,55,27941,656,Employed,Master,35,25229,84,Married,0,Own,257,0.46746403975713796,2,0,0.14321004012501037,0,Education,0,31,26,28202,2604,47397,16585,2328.4166666666665,0.767035254872888,2,30812,0.222229,0.26072508421542934,655.9888553590914,0.39210716382051813,0,47.0
2024-08-07,45,26072,662,Employed,Doctorate,24,28398,72,Single,4,Mortgage,584,0.30825482740907184,2,1,0.13726555643662047,0,Debt Consolidation,0,14,29,9086,609,45345,33264,2172.6666666666665,0.625076975831408,9,12081,0.212398,0.20803085399223914,693.496423359772,0.5879854664129053,0,46.0
2024-08-08,27,91798,518,Unemployed,Bachelor,1,16558,48,Single,1,Own,340,0.1806606225518175,4,1,0.5714235528767716,0,Debt Consolidation,0,23,1,10769,3730,26608,48705,7649.833333333333,0.8927754228025753,4,5377,0.252558,0.25474222066304664,553.4043045548702,0.11678742080065407,0,63.0
2024-08-09,41,82626,477,Unemployed,Master,18,72669,72,Single,1,Rent,451,0.38995976911141317,2,1,0.1426358747483089,0,Other,0,23,15,1090,1238,24468,4392,6885.5,0.9368540712623307,4,20076,0.349169,0.3509167250789532,2430.0845542579355,0.41842779090232163,0,52.0
2024-08-10,42,54440,615,Employed,High School,19,31259,36,Married,4,Own,820,0.056633878623693255,5,2,0.2802234304621995,0,Auto,0,22,15,544,1887,105464,7213,4536.666666666667,0.6691841799252704,8,98251,0.208759,0.19322186713659312,1150.928902208838,0.43444428410187463,0,46.0
2024-08-11,46,80862,460,Self-Employed,High School,25,37672,60,Single,5,Rent,475,0.2002753794176898,1,1,0.14069359955498767,0,Other,0,13,14,1388,787,11174,16992,6738.5,0.8744606926539299,8,9062,0.312672,0.30429284179164334,1228.7692572494252,0.2528410265265898,0,52.0
2024-08-12,55,47179,590,Employed,Master,35,78462,24,Married,1,Own,656,0.26023084354364634,2,0,0.04308431891734161,0,Auto,0,21,13,747,1192,53015,11288,3931.5833333333335,0.8907042718762107,4,41727,0.258462,0.247172321094575,4176.512669589355,1.2291517843759354,0,51.0
2024-08-13,46,70691,568,Employed,Bachelor,22,11826,36,Married,0,Own,427,0.27179021072390724,2,0,0.27906755175034004,0,Auto,0,36,8,1304,3049,97996,6708,5890.916666666667,0.6576593061764128,4,91288,0.212826,0.2134645561987312,447.6517645082532,0.14847464562814275,1,40.800000000000004
2024-08-14,54,39216,639,Employed,Bachelor,27,16781,72,Divorced,1,Own,362,0.11522304703403632,1,0,0.4139464439006498,0,Other,0,31,6,6303,141,39770,29945,3268.0,0.9191911499061424,1,9825,0.212281,0.2547372,456.9229637005361,0.25058842218498656,0,55.0
2024-08-15,38,27645,547,Employed,High School,14,27293,24,Married,2,Rent,234,0.40031664904372627,1,0,0.4551904321328463,0,Home,0,18,28,4744,1392,64001,17572,2303.75,0.8654544793801253,3,46429,0.228793,0.2508996564696413,1457.9011725864711,0.7344117949371551,0,59.0
2024-08-16,72,38634,589,Employed,High School,50,17940,60,Single,0,Rent,456,0.15584891015337224,1,3,0.19067052509366,0,Education,0,26,16,6611,1264,93999,24571,3219.5,0.9129930068421972,7,69428,0.22844000000000003,0.21455070020340178,489.9409768069379,0.29381611331167506,0,48.0
2024-08-17,57,23895,607,Employed,Bachelor,35,11420,12,Divorced,2,Own,430,0.20196809048437975,0,1,0.4545335662301414,0,Debt Consolidation,0,22,16,5803,3645,30693,40290,1991.25,0.5318126910464421,9,1713,0.17292000000000002,0.1501254003907446,1030.81750346486,0.7336183319346441,0,55.0
2024-08-18,38,45076,535,Employed,High School,16,35692,48,Divorced,4,Other,767,0.3640600211344472,7,1,0.046337169039352956,0,Home,0,32,10,873,1523,71043,13569,3756.3333333333335,0.5751551342290122,8,57474,0.263192,0.25332719815289595,1190.0773032438588,0.521007357328208,0,49.0
2024-08-19,38,15000,558,Employed,High School,13,20920,60,Single,0,Own,579,0.33432796755960476,3,0,0.3507546662753323,0,Debt Consolidation,0,25,11,12535,255,98026,97934,1250.0,0.9163297276452833,9,2668,0.24691999999999997,0.22297230794255654,581.3285749569965,0.9282628599655971,0,56.0
2024-08-20,26,27058,489,Self-Employed,Associate,2,56790,48,Divorced,4,Mortgage,670,0.20372271964525204,2,1,0.09403573540706879,0,Auto,0,25,14,3436,1024,151348,38942,2254.8333333333335,0.8302821537041071,5,112406,0.30728999999999995,0.27049017445885837,1948.4732742242675,1.1612713168264917,0,51.0
2024-08-21,28,20025,499,Employed,High School,10,31078,60,Single,0,Rent,475,0.40416254869736057,1,0,0.5331192183095418,0,Education,0,31,10,1640,1839,96450,62141,1668.75,0.8719305381749355,5,34309,0.286578,0.24969451147694857,911.6239141814211,0.830935678910215,0,61.0
2024-08-22,70,64126,557,Employed,High School,47,19619,72,Married,0,Rent,537,0.27070112224849485,3,0,0.20968691133794334,0,Debt Consolidation,0,25,20,190819,800,191619,4756,5343.833333333333,0.8754357103109828,6,186863,0.256119,0.26747512457841505,549.7110514534058,0.20335796116147695,0,48.0
2024-08-23,34,104053,551,Employed,High School,11,50782,60,Single,2,Mortgage,154,0.33611660599903703,0,2,0.4637189531646286,0,Debt Consolidation,1,28,12,7058,233,217063,72379,8671.083333333334,0.4504621217758022,4,144684,0.280282,0.2669493470783374,1541.3990453794222,0.19552332508003675,0,57.0
2024-08-24,49,49709,626,Self-Employed,Bachelor,27,16780,36,Married,2,Mortgage,224,0.36181053679830016,5,0,0.31807983436183573,0,Auto,0,21,21,1418,3081,116035,8703,4142.416666666667,0.7060611091122216,2,107332,0.18878,0.20696128858626878,629.572655151669,0.2060566871556464,0,51.0
2024-08-25,56,75396,593,Employed,High School,36,25376,36,Single,1,Mortgage,556,0.3631269967129172,2,0,0.27849245829127683,0,Debt Consolidation,1,31,25,1113,837,76352,93994,6283.0,0.9225954096274585,2,4775,0.213876,0.22726898936795728,978.6895032632543,0.24426062442515586,0,58.0
2024-08-26,37,22197,555,Employed,High School,18,16164,36,Married,4,Own,345,0.34255748269672426,3,1,0.6205399119710927,0,Home,0,25,11,2637,7221,175323,82043,1849.75,0.9911779166565751,2,93280,0.223664,0.22684763563308546,623.0512625058252,0.5233416745537641,0,58.0
2024-08-27,56,64613,662,Employed,Bachelor,33,21839,48,Single,0,Own,865,0.42290863493193376,2,1,0.3771218925071473,0,Education,0,25,26,3880,639,8065,58280,5384.416666666667,0.7085574716681956,6,1630,0.185839,0.19832262905334266,662.6185083247921,0.28371105040622635,0,49.0
2024-08-28,53,47679,645,Unemployed,Bachelor,30,32818,48,Married,0,Rent,229,0.6540866728076529,0,1,0.2911457025286659,0,Education,0,26,23,4499,518,8805,74302,3973.25,0.6543624380493316,6,6526,0.20531800000000003,0.2022247394413983,1002.5577754722302,0.3099623168620727,0,55.0
2024-08-29,42,43016,594,Self-Employed,Bachelor,18,33332,60,Married,2,Own,750,0.46689888228850335,5,2,0.4396667446873342,0,Home,0,24,19,1320,720,108235,90699,3584.6666666666665,0.830538207592011,6,17536,0.241332,0.2104649590586489,902.6146109010807,0.4610232316071454,0,61.0
2024-08-30,49,33609,527,Employed,Associate,24,29633,84,Single,3,Own,440,0.458041676690436,1,1,0.019233498699982306,0,Other,0,21,28,1975,3662,5637,25534,2800.75,0.5642310209335213,5,3433,0.291133,0.2971511437297058,841.6263040410436,0.4576011082892238,0,52.0
2024-08-31,42,89258,528,Employed,High School,17,24838,60,Divorced,2,Rent,354,0.042673724787563386,4,2,0.5824114186794768,0,Home,1,23,22,2479,4280,26608,1387,7438.166666666667,0.9102055309088165,6,25221,0.265838,0.31518696941683394,826.9168884389383,0.1587645103101936,0,62.0
2024-09-01,31,76411,602,Employed,Associate,8,49762,12,Single,5,Mortgage,340,0.3768486654800189,3,0,0.22043546754065507,0,Education,0,29,11,10487,1731,61326,5112,6367.583333333333,0.5055585362063038,7,56214,0.213762,0.19283428498115573,4592.629544079162,0.7746470341829049,0,47.0
2024-09-02,36,35955,574,Employed,High School,12,27848,36,Married,0,Mortgage,586,0.3367657337271167,1,1,0.21628434838822128,0,Home,1,22,16,3359,1589,39773,21717,2996.25,0.8402448330514775,6,18056,0.22584800000000002,0.1969323883379485,1030.583882675436,0.5395357138674797,0,59.0
2024-09-03,28,88452,473,Employed,Bachelor,5,26649,48,Single,1,Rent,147,0.4144861167828182,2,1,0.3545319634803043,0,Debt Consolidation,0,32,3,2438,615,43432,414277,7371.0,0.9446386189967267,5,7909,0.285149,0.30145828302433747,961.7853023339684,0.15042535644199817,0,57.0
2024-09-04,40,38397,497,Employed,Associate,17,9519,48,Married,3,Mortgage,198,0.06123496830725909,1,1,0.12131069354125379,0,Home,0,19,6,1629,3275,90675,45522,3199.75,0.7434361831749255,3,45153,0.256019,0.2664287410636226,324.40743581126696,0.16326507877530025,0,52.0
2024-09-05,68,21537,571,Employed,High School,47,6088,60,Single,2,Mortgage,142,0.20498789158869962,0,0,0.16465037971775617,0,Education,0,31,12,14044,2438,240354,70036,1794.75,0.9010507567726924,6,170318,0.225588,0.23746225638639246,174.2437617489789,0.1762049097361632,0,48.0
2024-09-06,48,73953,425,Employed,High School,25,25462,48,Single,2,Rent,146,0.09189376492223637,2,0,0.11934506395714435,0,Auto,0,20,1,2207,1508,20039,2043,6162.75,0.7304156815154798,7,17996,0.30796199999999996,0.29955944586151617,916.1323103276324,0.17234713566632304,0,53.0
2024-09-07,55,33345,616,Employed,Bachelor,34,38972,36,Married,2,Other,619,0.08873178981498335,3,0,0.5562045091327081,0,Home,0,26,6,1381,227,45760,9213,2778.75,0.8983391838504523,4,36547,0.21597200000000003,0.24510775308459457,1539.4539698825358,0.7767715591120236,0,57.0
2024-09-08,18,31724,599,Employed,Bachelor,0,13452,60,Married,4,Own,487,0.06765340720090632,5,0,0.40669002003693006,0,Education,0,26,28,2003,4564,44134,64795,2643.6666666666665,0.911275764905163,6,2303,0.21895199999999998,0.21022903486245567,364.09513037127647,0.32193738382471687,0,56.0
2024-09-09,32,46968,461,Self-Employed,Doctorate,8,16742,48,Single,1,Own,113,0.5415324884059463,3,0,0.5677691737314188,0,Education,0,26,4,7941,2766,163483,30475,3914.0,0.9178444517413796,6,133008,0.281242,0.3012860810472728,604.065298209073,0.18320523715101508,0,62.0
2024-09-10,26,20782,626,Employed,Doctorate,3,16222,36,Married,2,Rent,371,0.5103990243441955,2,1,0.020286834208412367,0,Other,0,34,23,12760,797,160040,159138,1731.8333333333333,0.8404403647781339,5,9205,0.18822200000000003,0.21066200451998018,611.7164640876175,0.567442862527736,0,50.0
2024-09-11,44,103321,572,Employed,Associate,18,44876,36,Widowed,2,Rent,309,0.39669774938298336,2,0,0.32814265831582584,0,Home,0,29,10,40529,3526,71761,7435,8610.083333333334,0.6789554336282775,5,64326,0.243876,0.2356960794409027,1750.4884074585352,0.2391949447789164,0,51.0
2024-09-12,32,36670,572,Employed,Master,13,48940,72,Divorced,0,Rent,325,0.20272181931049907,2,3,0.19743919701823823,0,Debt Consolidation,0,18,4,903,431,46952,19119,3055.8333333333335,0.6894453654212679,7,27833,0.27794,0.30471814526625185,1487.2369782939347,0.5930418254575188,0,54.0
2024-09-13,59,109941,637,Employed,Bachelor,35,13976,84,Married,4,Mortgage,502,0.06821984717510422,1,2,0.3068734682319649,0,Education,0,25,19,9971,3179,13150,16317,9161.75,0.5539368243326118,7,1667,0.220476,0.1763808,290.7880113830374,0.08653237769891532,1,39.2
2024-09-14,52,49799,582,Self-Employed,Bachelor,26,18590,48,Married,1,Mortgage,321,0.13876866807048016,3,1,0.13083632705885564,0,Home,0,21,4,706,1542,120307,12464,4149.916666666667,0.5960674768026395,6,107843,0.22259,0.24276858532174714,608.9169647351231,0.22408087666060517,0,52.0
2024-09-15,33,82961,508,Self-Employed,High School,10,15674,24,Divorced,0,Own,427,0.3189702822770544,4,1,0.4432903147529003,0,Home,0,32,16,14917,761,16440,42719,6913.416666666667,0.9519892121486052,4,3302,0.236674,0.2509775629079617,837.3141819447012,0.18287834263492983,1,46.400000000000006
2024-09-16,30,23949,582,Employed,High School,9,21033,24,Married,3,Mortgage,275,0.22495207681165696,3,0,0.2797983617092902,0,Home,0,13,3,1819,613,43183,10748,1995.75,0.6170803459798604,8,32435,0.205033,0.20343549308676553,1074.024690832373,0.675948736481209,0,57.0
2024-09-17,49,29911,628,Employed,High School,27,35022,48,Married,0,Rent,309,0.5668364904017673,5,1,0.45184125766937583,0,Other,0,22,20,19836,3360,23196,32826,2492.5833333333335,0.6901247512347398,7,10123,0.21602200000000002,0.2247088890320761,1112.3784265687316,0.5702430917998321,0,56.0
2024-09-18,48,38838,661,Employed,Bachelor,27,15317,48,Single,0,Rent,296,0.42448285186295426,7,1,0.3110034213612998,0,Home,1,23,7,1378,807,75134,39245,3236.5,0.8607211437243368,5,35889,0.179817,0.1941601709731446,461.34939277061346,0.2340025931625563,0,57.0
2024-09-19,31,54241,566,Employed,Associate,10,47031,36,Single,0,Other,364,0.25411062851003696,0,3,0.0833801086304602,0,Home,0,19,17,1103,733,151344,4206,4520.083333333333,0.7897085710593956,5,147138,0.24903099999999997,0.24767430895520332,1864.1642854610486,0.49294761205605697,0,46.0
2024-09-20,51,43208,575,Employed,Bachelor,29,20858,24,Married,0,Other,298,0.18146750831894737,3,0,0.4492626897138923,0,Debt Consolidation,0,23,9,10528,1768,153923,35880,3600.6666666666665,0.823110511519869,8,118043,0.20835800000000002,0.20455715839687538,1066.2339380176425,0.37888370802193366,0,53.0
2024-09-21,46,21749,602,Employed,Bachelor,25,34170,60,Married,1,Rent,285,0.12447073922276095,7,1,0.09777683848191103,0,Debt Consolidation,0,18,1,3459,852,12375,14412,1812.4166666666667,0.8950903567938272,5,9578,0.23817,0.2574452767508889,1017.9042244377649,0.718876761839771,0,52.0
2024-09-22,31,27214,562,Employed,Master,8,34174,24,Married,1,Rent,417,0.5152962195298351,4,1,0.23056001477104326,0,Debt Consolidation,0,22,9,1547,4079,1719533,4461,2267.8333333333335,0.7282552692018278,6,1715072,0.228174,0.19138509252227262,1724.9646966343084,0.9444982861619644,1,38.400000000000006
2024-09-23,25,25137,465,Unemployed,High School,1,10232,24,Single,0,Mortgage,573,0.5896502747910418,0,0,0.05604605036634205,1,Home,0,20,23,11439,366,17564,14229,2094.75,0.762949705798454,4,3335,0.252732,0.21319334145334676,527.384251361555,0.525305765061012,0,68.0
2024-09-24,27,138985,618,Employed,Master,6,13523,24,Divorced,3,Other,1603,0.07820351965807477,0,1,0.15467806847112747,0,Debt Consolidation,0,24,23,2902,885,211622,47434,11582.083333333334,0.9175552397698911,4,164188,0.17952300000000002,0.1638461272841313,664.6159759946373,0.1957865360429949,1,32.0
2024-09-25,34,44984,509,Unemployed,Master,11,17908,96,Married,1,Rent,311,0.052667834196632415,2,1,0.35947226845346875,0,Education,0,26,23,1177,1953,8784,95437,3748.6666666666665,0.924981758288916,6,3269,0.298408,0.29945041214637497,493.15585715617937,0.21451783491628473,0,57.0
2024-09-26,40,28304,509,Employed,High School,18,69785,48,Single,3,Other,232,0.24694249371794075,4,0,0.22506149950989512,0,Home,0,20,2,2494,4018,53554,14736,2358.6666666666665,0.6317908580694592,4,38818,0.310285,0.3106283222237907,2555.999361174222,1.1820234713853401,0,58.0
2024-09-27,29,83953,607,Employed,Bachelor,6,56482,96,Single,0,Rent,527,0.17388424512489703,4,0,0.7176429931416206,0,Other,0,20,21,1969,3628,184566,13881,6996.083333333333,0.8517479884126192,4,170685,0.287982,0.2856175577176251,1501.3025410799085,0.28991972285634704,0,49.0
2024-09-28,45,28997,493,Employed,High School,23,18187,96,Single,4,Rent,396,0.41188972609331626,6,0,0.2787905662913233,0,Education,1,20,11,3811,1387,14173,16295,2416.4166666666665,0.87998524918861,5,10516,0.306687,0.33313301925497096,544.1626171599718,0.38907305603750947,0,61.0
2024-09-29,36,41478,598,Employed,Associate,13,15446,60,Divorced,0,Rent,406,0.20760153438528176,2,0,0.23899206192426709,0,Education,0,21,27,4830,773,137853,30275,3456.5,0.6864729271543683,6,107578,0.22144599999999998,0.22607203786887412,431.9512982633419,0.24242768646415214,0,49.0
2024-09-30,43,35158,548,Employed,Bachelor,20,23284,96,Single,1,Mortgage,126,0.5795312344975581,1,0,0.2465832568091772,0,Education,0,31,5,2391,865,21807,36079,2929.8333333333335,0.7376187764757507,9,2848,0.284284,0.30546161777138847,650.9842260961038,0.2651974149028172,0,56.0
2024-10-01,40,85612,630,Employed,High School,19,29086,60,Married,1,Other,792,0.3822596249476238,1,1,0.30836029531512266,1,Home,1,29,10,7480,2339,21086,20208,7134.333333333333,0.8656943026845111,2,8320,0.219086,0.20374222529735228,776.6699766079896,0.2198761823026664,0,68.0
2024-10-02,49,37067,615,Employed,Master,27,20687,60,Single,0,Own,300,0.445239776274737,4,2,0.18250509037345816,0,Debt Consolidation,0,23,1,2605,1798,46780,4686,3088.9166666666665,0.9682884244819434,10,42094,0.21818700000000002,0.21568627531933737,566.2902319426938,0.2804511501689461,0,53.0
2024-10-03,39,33687,530,Employed,Bachelor,16,19567,120,Married,4,Other,234,0.19503136773535398,3,0,0.4992005878288395,0,Home,0,21,8,2619,1181,67214,18627,2807.25,0.8583174711086617,8,48587,0.30956700000000004,0.267275682820696,469.1821848625067,0.25048790982723546,0,57.0
2024-10-04,27,87238,563,Employed,High School,4,9997,12,Divorced,1,Rent,355,0.328646682098149,2,1,0.015544887796418758,0,Auto,0,18,11,1170,1158,38317,69413,7269.833333333333,0.8704723110388847,3,10517,0.193497,0.20960448445280416,930.6686410746622,0.17684980963451646,0,49.0
2024-10-05,29,33133,523,Employed,Master,8,49320,72,Married,2,Mortgage,412,0.2642172588309751,5,0,0.06687742345336596,0,Debt Consolidation,0,29,21,3699,877,180049,59607,2761.0833333333335,0.8884293950225325,2,120442,0.30282,0.2928096340976935,1460.9647802926106,0.6783441693632127,0,47.0
2024-10-06,36,37183,624,Employed,Doctorate,13,35412,36,Single,2,Rent,573,0.11622269650858397,1,1,0.47017819753977413,0,Auto,1,27,14,2126,290,39630,26918,3098.5833333333335,0.9328606656095368,7,12712,0.20841200000000001,0.18940729696725878,1297.0020388899663,0.6035022582007797,0,59.0
2024-10-07,51,91630,597,Employed,Associate,30,29045,48,Married,1,Rent,327,0.30060067106846217,5,1,0.540931319153422,0,Other,0,20,14,814,1857,98297,11060,7635.833333333333,0.6607046187477754,8,87237,0.22554500000000002,0.2077950274109108,895.9575112944623,0.16016032015206316,1,44.0
2024-10-08,41,87584,605,Employed,Bachelor,20,14889,48,Single,0,Rent,734,0.23361025629110996,2,0,0.3419620129798972,0,Education,0,23,1,4842,468,10094,7207,7298.666666666667,0.5936736302157603,2,2887,0.20738900000000002,0.1946103427113577,448.81318731903485,0.16205880352379906,1,43.2
2024-10-09,38,28672,598,Employed,High School,16,25008,60,Married,3,Rent,376,0.16520762065152042,4,2,0.33023637470307454,1,Home,0,31,22,828,551,44194,12198,2389.3333333333335,0.7224982630284869,5,31996,0.231008,0.2772096,774.4401602348398,0.4814900224197153,0,67.0
2024-10-10,38,89998,448,Employed,Associate,14,29700,36,Single,4,Own,379,0.17435931676527608,2,0,0.08644127164599219,0,Home,0,17,8,5882,472,52278,8913,7499.833333333333,0.8456314580781886,5,43365,0.29069999999999996,0.2890662658034456,1243.0916325175206,0.21628369063990585,0,49.0
2024-10-11,42,23944,522,Employed,Master,18,25282,48,Single,0,Mortgage,669,0.196460450595039,6,1,0.36205339027658,0,Home,0,26,18,16339,936,66511,18595,1995.3333333333333,0.5265779804898405,6,47916,0.259282,0.21778243895906105,793.496069834562,0.732958270882674,0,55.0
2024-10-12,40,113635,624,Employed,Master,17,14334,36,Married,4,Mortgage,194,0.39381152182114215,4,1,0.12833388571705304,0,Education,0,31,12,23464,768,185481,49475,9469.583333333334,0.8474734538437522,4,136006,0.18733400000000003,0.1598948744202742,503.86652019693634,0.07369558887986304,1,33.6
2024-10-13,40,84775,556,Employed,Bachelor,18,14578,36,Married,2,Mortgage,483,0.3454999927031949,3,0,0.15874170631038936,0,Debt Consolidation,0,29,6,9784,523,44098,21627,7064.583333333333,0.8312976358707761,6,22471,0.221578,0.1793645910927503,526.5650614222611,0.14290511043429235,1,40.800000000000004
2024-10-14,61,32281,559,Employed,High School,36,33635,60,Married,3,Mortgage,467,0.18822113088803605,3,2,0.5962564263141211,1,Auto,0,27,6,34013,1458,36972,10861,2690.0833333333335,0.6963855197482047,6,26111,0.259135,0.2306007240234727,949.3477313624031,0.5265070095830003,0,72.0
2024-10-15,27,53530,575,Employed,Bachelor,3,19633,36,Married,1,Own,322,0.29807530328512866,4,2,0.1433652621598023,0,Education,0,22,16,5165,454,142752,68769,4460.833333333333,0.7456539595534234,9,73983,0.21713300000000002,0.22402585023528931,753.8882946080176,0.24118549477482182,0,48.0
2024-10-16,36,26069,541,Employed,High School,9,30970,48,Married,1,Own,332,0.4313068479441771,0,4,0.1752823621942485,0,Home,1,28,7,5112,372,32360,93332,2172.4166666666665,0.7753697419623141,2,9569,0.25547,0.2982103033852619,1111.8842352235533,0.6646442449914703,0,60.0
2024-10-17,36,42775,586,Employed,High School,13,21825,48,Single,1,Mortgage,424,0.18920399910074018,5,1,0.10163784554781351,0,Education,0,28,15,1861,624,217819,9369,3564.5833333333335,0.7518529259175245,5,208450,0.22382500000000002,0.2592320402329013,734.9375641141694,0.3251256754966694,0,46.0
2024-10-18,21,22401,541,Employed,Bachelor,0,35210,72,Married,4,Mortgage,933,0.15599292162446796,5,1,0.5021230829049426,0,Education,0,24,7,14731,254,163193,10336,1866.75,0.9058137396854324,2,152857,0.27971,0.30049361466810387,1060.3841624221798,1.0678367014448533,0,56.0
2024-10-19,33,35335,566,Employed,Bachelor,9,17048,72,Single,3,Mortgage,804,0.2405062357056642,5,0,0.028185317744204533,0,Debt Consolidation,0,18,2,2012,987,17857,18950,2944.5833333333335,0.8307106393900092,2,5760,0.249048,0.29005470151646506,501.9947397894202,0.4435244623595031,0,55.0
2024-10-20,21,65950,596,Employed,Doctorate,0,35306,48,Married,1,Mortgage,736,0.15663725932946637,4,1,0.05000292636037817,0,Other,0,30,2,2427,331,162594,12836,5495.833333333333,0.8776901720741151,2,149758,0.232306,0.18584480000000003,1047.9278525244697,0.3245964250234062,0,49.0
2024-10-21,41,42820,612,Unemployed,Bachelor,21,20958,60,Married,1,Mortgage,254,0.22361819630353544,3,0,0.1317605989524209,0,Home,0,21,23,1211,378,48928,37462,3568.3333333333335,0.7917228910835632,4,11466,0.219958,0.20930648252975112,566.167004916294,0.22984596120961065,0,51.0
2024-10-22,18,18495,590,Employed,High School,0,18594,36,Divorced,1,Other,325,0.26427954710724444,3,0,0.5562840516816366,0,Auto,0,29,16,2346,1765,59946,24717,1541.25,0.9150735196092704,3,35229,0.208594,0.21179647511750102,702.2464434888799,0.6665021531152505,0,60.0
2024-10-23,21,17325,539,Employed,Associate,0,19433,48,Married,1,Mortgage,235,0.2525182750446954,1,0,0.21342383796370057,0,Home,0,20,26,4211,3844,21984,37996,1443.75,0.8409266772320467,3,10795,0.244933,0.21380663797803862,605.7422720936737,0.5823323096752718,0,54.0
2024-10-24,19,57865,561,Employed,Associate,0,42480,36,Married,2,Mortgage,280,0.2260044465350372,1,1,0.11339807038499297,0,Other,0,14,12,3005,588,18195,14743,4822.083333333333,0.8009221343003942,3,3452,0.24697999999999998,0.2514724648657976,1692.3073712108153,0.40901561314317436,0,50.0
2024-10-25,43,55393,585,Employed,High School,19,14838,60,Divorced,3,Own,348,0.22496515842871537,1,1,0.07034671398007816,0,Auto,0,29,1,4318,2573,308757,2707,4616.083333333333,0.72951820242923,9,306050,0.22733799999999998,0.2225677133178541,411.97857838866423,0.16463710108974006,1,38.400000000000006
2024-10-26,35,36442,408,Employed,Bachelor,10,34712,60,Married,3,Own,738,0.3185292804769797,1,1,0.308519841504605,0,Auto,0,23,26,438,372,93598,31749,3036.8333333333335,0.7196439060936305,8,61849,0.335712,0.3025835570735515,1128.5658258886367,0.6146421686697667,0,53.0
2024-10-27,58,70498,553,Employed,Associate,34,32718,36,Married,0,Own,304,0.5641331244472906,2,3,0.12538019930250488,0,Home,0,21,5,767,618,40393,6631,5874.833333333333,0.8972269667990812,4,33762,0.241218,0.25461831879998953,1308.8669100906418,0.27453832620907975,0,53.0
2024-10-28,47,128877,636,Unemployed,Master,22,15562,36,Single,3,Mortgage,309,0.20417523978455113,2,2,0.3418671918809392,1,Debt Consolidation,0,22,3,1945,283,142284,3668,6438.5,0.9273173944657964,2,138616,0.182562,0.20212548697078053,580.0264148318718,0.13807974137328133,0,63.0
2024-10-29,28,103807,563,Self-Employed,Master,10,28010,108,Married,4,Mortgage,329,0.3843177830390431,5,1,0.4433938975424219,0,Home,0,25,19,1783,1471,5423,112718,8650.583333333334,0.8347224726303243,4,7085,0.29151,0.30800527576339126,768.717687181226,0.12689522138367076,0,58.0
2024-10-30,45,55370,582,Employed,Bachelor,22,24639,60,Married,2,Rent,575,0.26188493566678434,5,2,0.0631561448068438,0,Auto,0,28,16,7622,1852,83775,57169,4614.166666666667,0.896400931398708,10,26606,0.238639,0.2216802136058565,682.8582610979375,0.2726078947656718,0,50.0
2024-10-31,30,21591,558,Employed,High School,9,12730,60,Divorced,4,Rent,305,0.43569977155164086,3,1,0.22036055600775395,0,Debt Consolidation,0,19,29,1580,453,311647,40131,1799.25,0.7769584009655308,6,271516,0.23873,0.26307360368162075,383.46197883162324,0.3826383097577453,0,49.0
2024-11-01,29,15000,526,Employed,High School,8,23129,72,Divorced,0,Own,506,0.10072616601957375,2,1,0.2695789579280676,0,Home,0,19,8,1496,1212,24160,9719,1250.0,0.9344277964161838,6,14441,0.275129,0.2871553470923112,676.7781808242073,0.9462225446593658,0,54.0
2024-11-02,35,31569,640,Employed,Bachelor,12,40140,48,Single,0,Mortgage,403,0.30180280375439705,4,0,0.30012944516655676,0,Home,0,29,29,18459,3996,22455,7462,2630.75,0.8406419717467513,2,14993,0.21514000000000003,0.21711514761501371,1258.375726899037,0.6315217055588851,0,52.0
2024-11-03,36,38531,636,Employed,Doctorate,11,16668,96,Divorced,0,Mortgage,158,0.3161577794234901,1,1,0.2531802639281903,0,Auto,0,26,16,5332,303,160850,14666,3210.9166666666665,0.929517719046144,2,146184,0.233668,0.27311255019380615,428.7825707335337,0.1827461225714984,0,46.0
2024-11-04,54,33031,604,Employed,Associate,31,20872,36,Married,3,Other,573,0.6252696989823333,1,2,0.17948220975512139,0,Debt Consolidation,0,29,5,3236,354,14579,13122,2752.5833333333335,0.8524816279340971,1,1457,0.203872,0.2154161285933971,792.170123175657,0.4959595978961546,0,52.0
2024-11-05,41,94495,635,Employed,Master,19,11102,72,Single,0,Rent,239,0.44133392937567434,4,2,0.2571554830727845,0,Debt Consolidation,0,16,23,1417,1201,79505,31478,7874.583333333333,0.9727156114199097,8,48027,0.208602,0.2076795221041042,270.8893429492022,0.06475127906651597,1,39.2
2024-11-06,44,48802,553,Employed,High School,21,27969,48,Single,1,Other,435,0.34298540705982683,6,1,0.335663998092907,0,Education,0,26,22,7783,2104,25533,14988,4066.8333333333335,0.8558460401401551,8,10545,0.246469,0.26375733600360823,948.9612840851322,0.3403044016438176,0,55.0
2024-11-07,43,15588,598,Employed,High School,21,20625,36,Divorced,0,Rent,364,0.24948782023431848,0,1,0.3586617427176095,0,Home,0,24,7,2311,1283,71924,8049,1299.0,0.9497271253700921,5,63875,0.206625,0.19612125935406644,762.4288290793455,0.8671507537177411,0,55.0
2024-11-08,38,32012,597,Employed,Doctorate,15,35567,60,Married,3,Rent,241,0.25061937365008924,1,1,0.11196744899341894,0,Home,0,20,27,5634,3482,42055,23272,2667.6666666666665,0.9300831646618081,8,18783,0.24206699999999998,0.29025660219026406,1129.518783923159,0.5137518870135546,0,51.0
2024-11-09,49,123034,618,Employed,Associate,27,16968,72,Married,1,Mortgage,268,0.3831948045703674,3,0,0.3485544811455474,0,Home,0,21,27,3065,25252,238114,30522,10252.833333333334,0.7459020364275902,4,207592,0.22296800000000003,0.22097906865790337,427.32678267070196,0.06781801284237221,1,36.0
2024-11-10,63,190851,682,Employed,Bachelor,41,16519,48,Single,2,Mortgage,161,0.08090847244001052,1,1,0.16567356706761566,1,Education,0,21,1,22848,1853,46780,41918,15904.25,0.5628461295586455,4,4862,0.170519,0.156801403428337,465.4514288529741,0.039388932445916916,1,45.6
2024-11-11,46,75343,436,Self-Employed,Associate,23,11064,36,Single,2,Mortgage,246,0.612677700180627,3,1,0.21402709185648974,0,Home,0,30,7,769,3370,54345,26339,6278.583333333333,0.9954837874306389,4,28006,0.278064,0.25922448849315977,445.31848328792825,0.11010739948575368,1,46.400000000000006
2024-11-12,38,33538,551,Unemployed,High School,14,38741,24,Married,1,Own,257,0.23378873480033222,1,0,0.4649602590664769,0,Debt Consolidation,0,14,20,1159,1010,31619,2565,2794.8333333333335,0.8910323548522973,2,29054,0.23824099999999998,0.2549996164386423,2077.3969006088814,0.8352544220677016,0,60.0
2024-11-13,18,70369,580,Employed,Associate,0,37240,96,Married,1,Other,716,0.543306105741698,3,0,0.06977405204386598,0,Home,0,24,19,6523,806,36816,10890,5864.083333333333,0.7724190573148937,1,25926,0.28224,0.2547901757134547,912.0531908614036,0.2776313190515261,0,51.0
2024-11-14,35,60360,589,Employed,Master,15,27302,84,Married,0,Mortgage,558,0.3866432679202556,2,1,0.1426566026520708,0,Debt Consolidation,1,27,12,5207,517,22306,1974,5030.0,0.7956225976933455,2,20332,0.257802,0.2800545265092133,744.3691003265869,0.25892029827566343,0,56.0
2024-11-15,26,59428,593,Employed,Bachelor,0,25570,36,Married,5,Mortgage,404,0.553928134383734,3,0,0.27729500045737887,0,Education,0,29,11,451,1013,12875,12228,4952.333333333333,0.9010181549674321,4,6372,0.21407,0.19410748027497643,942.613119714959,0.27191487912397366,0,53.0
2024-11-16,19,33107,517,Employed,High School,0,24677,48,Widowed,0,Mortgage,122,0.40746103917680376,2,0,0.223458495714052,0,Home,0,22,14,3765,1539,130989,23898,2758.9166666666665,0.34147116962178437,4,107091,0.261177,0.3107468005611522,904.0103733736697,0.3718888597723755,0,50.0
2024-11-17,25,15000,572,Employed,High School,3,15867,96,Single,0,Mortgage,152,0.515924806424385,3,2,0.5545791525580405,0,Home,0,30,27,10420,669,57352,22377,1250.0,0.7832783383543911,5,34975,0.264867,0.2749535208356486,410.1643065688361,0.44973144525506886,0,61.0
2024-11-18,45,25914,628,Employed,High School,24,23264,72,Married,1,Other,385,0.2728430775798767,3,3,0.30504946513446124,0,Auto,0,25,24,4080,857,141935,165874,2159.5,0.8542225676149628,6,1132,0.22426400000000002,0.2206790754232532,585.4723250924126,0.44939677012846146,0,53.0
2024-11-19,31,55468,545,Employed,High School,8,20434,48,Single,5,Mortgage,402,0.17436686576291308,5,2,0.3013466977047663,0,Home,0,21,24,5712,129,44385,7067,4622.333333333333,0.8786631090297972,0,37318,0.242934,0.2640304527445372,693.6210113497714,0.2370276940974482,0,53.0
2024-11-20,39,24773,483,Employed,Master,15,73373,36,Divorced,0,Rent,196,0.5445786427247068,3,2,0.1514672888459749,0,Education,0,25,11,4360,5255,90588,27290,2064.4166666666665,0.9602078335429086,0,63298,0.31687299999999996,0.27823506060884,3027.978580035338,1.561689862367257,0,51.0
2024-11-21,38,94039,576,Employed,Associate,15,13628,120,Married,1,Own,419,0.2943044524203216,2,2,0.4757403375062402,0,Auto,0,24,22,607,1504,70103,41664,7836.583333333333,0.9310693548736366,6,28439,0.280628,0.2784092462738017,337.7205345199103,0.09656255823901705,0,55.0
2024-11-22,27,34205,597,Employed,Bachelor,5,41644,36,Single,1,Rent,627,0.09366877735485592,5,0,0.2648887205149586,0,Auto,0,20,8,658,1294,80159,3477,2850.4166666666665,0.6189167563327719,5,76682,0.22814399999999999,0.24202852740746247,1638.251664089408,0.7947089597740944,0,51.0
2024-11-23,27,21724,524,Employed,Bachelor,1,31872,60,Married,0,Mortgage,1214,0.34907484011252143,6,0,0.46142615148274935,0,Auto,0,20,15,11824,3604,138998,13813,1810.3333333333333,0.39990649000201395,13,125185,0.274872,0.281090784505664,994.4592766519609,1.2199185840463787,0,54.0
2024-11-24,36,121416,502,Employed,High School,15,44726,48,Single,2,Other,379,0.4137455796299516,2,1,0.1896059771536674,0,Education,0,24,8,1051,3465,9955,68060,10118.0,0.7780642008711897,6,5102,0.288726,0.30115301743933937,1613.404836088312,0.1969168646064748,0,50.0
2024-11-25,45,32374,548,Employed,Associate,23,30596,72,Single,1,Rent,519,0.3546616900930992,2,0,0.0276334766808779,0,Education,1,15,22,6003,3284,101654,150363,2697.8333333333335,0.7914473382839121,0,8534,0.271596,0.30035920091317725,921.1637379430449,0.533822352978209,0,57.0
2024-11-26,32,54743,603,Employed,Master,9,10972,60,Divorced,2,Own,297,0.17984927901520922,2,0,0.6421035072159634,0,Home,0,28,13,4330,413,19085,8277,4561.916666666667,0.7519864390135143,7,10808,0.214472,0.21400832248098825,299.308760279321,0.13071452283126336,1,43.2
2024-11-27,27,48479,511,Employed,Master,8,53120,36,Single,2,Mortgage,284,0.45979726771411616,3,2,0.496250406596911,0,Debt Consolidation,1,21,7,5959,4379,61771,18488,4039.9166666666665,0.9801593435002414,2,43283,0.28262,0.28849771113499884,2221.69267010631,0.6202337515475921,0,65.0
2024-11-28,24,40742,549,Self-Employed,Associate,2,17647,108,Married,0,Mortgage,206,0.402920191201683,2,0,0.5472499961839005,0,Debt Consolidation,0,33,25,2373,232,31174,33958,3395.1666666666665,0.7530815367093642,5,6051,0.288147,0.2534946842324807,416.3297934706567,0.1832987462973806,0,63.0
2024-11-29,37,66418,576,Employed,High School,15,41579,24,Single,1,Mortgage,574,0.5236294253559616,6,4,0.14569825165615077,0,Home,1,16,10,2571,1401,51659,16364,5534.833333333333,0.44668030137645653,4,35295,0.228579,0.23255805012498545,2182.9138224592084,0.49810241003207717,0,57.0
2024-11-30,52,52438,566,Employed,High School,31,22020,60,Single,2,Other,265,0.27291738070440086,4,0,0.32453973675974884,0,Debt Consolidation,0,26,14,1875,212,196594,27278,4369.833333333333,0.7545050708732853,8,169316,0.24402000000000001,0.2609102165640328,660.4762274400834,0.21178753440789128,0,50.0
2024-12-01,51,85076,569,Employed,Bachelor,28,23083,24,Married,2,Mortgage,296,0.7219618121992273,4,0,0.09594345049700384,0,Debt Consolidation,0,44,23,4602,3434,25871,20608,7089.666666666667,0.7077432999209443,3,5263,0.213583,0.22651622343707367,1204.9442871902638,0.21170872450847672,1,40.800000000000004
2024-12-02,45,110860,498,Employed,High School,20,18492,60,Divorced,2,Rent,698,0.38566307559885826,6,0,0.38439652785116185,0,Debt Consolidation,0,26,28,9695,523,85731,74493,9238.333333333334,0.9003632460339935,5,11238,0.274492,0.2743332405508767,569.4583359212069,0.13719556225017573,1,42.400000000000006
2024-12-03,30,15000,543,Employed,High School,9,19318,48,Married,2,Other,427,0.24680615358360544,3,0,0.5227468890619046,0,Other,0,26,27,6643,3232,61395,60462,1250.0,0.6964380941818895,5,1867,0.242818,0.22650937606546886,615.4816865968719,0.8339853492774976,0,60.0
2024-12-04,52,59600,637,Unemployed,Bachelor,28,16727,36,Divorced,2,Other,335,0.03498561477291528,7,3,0.19975166280472392,0,Debt Consolidation,0,26,15,1521,7538,87556,13957,4966.666666666667,0.8414366988879937,2,73599,0.183227,0.1888485776040567,612.1719120998108,0.19070575411405585,0,47.0
2024-12-05,26,56986,476,Employed,Bachelor,5,34166,36,Married,2,Rent,335,0.11838009235190715,4,2,0.397990546916374,0,Home,0,21,10,4759,812,30172,28714,4748.833333333333,0.8114644863440542,3,1458,0.281166,0.283295253128259,1419.3177829980905,0.36942079451053045,0,53.0
2024-12-06,42,45362,520,Employed,Bachelor,19,32639,60,Married,1,Rent,434,0.08408296017667082,4,2,0.3169495878836598,0,Home,0,26,10,1111,655,30476,162973,3780.1666666666665,0.754871646544539,4,7138,0.277639,0.2618068359788905,980.7213251685708,0.37424839958605993,0,54.0
2024-12-07,25,15821,568,Employed,Associate,6,41147,72,Single,5,Rent,406,0.30484750441251873,2,1,0.5141801828440419,0,Home,0,22,13,247,1289,137085,13676,1318.4166666666667,0.6685274523204923,2,123409,0.272147,0.32657639999999993,1309.2128717725843,1.3009641907130403,0,56.0
2024-12-08,27,31742,588,Employed,Associate,3,18988,24,Divorced,3,Mortgage,346,0.6310939626837452,3,0,0.1957286240053379,0,Debt Consolidation,0,29,23,13418,80,26734,17670,2645.1666666666665,0.727176729723054,4,9064,0.199988,0.1971315513995439,963.7508135635047,0.495148691410814,0,53.0
2024-12-09,37,15000,464,Employed,Associate,14,20947,48,Married,2,Mortgage,385,0.25502573495152364,7,3,0.309815837672784,0,Debt Consolidation,0,25,4,6803,407,197372,4426,1250.0,0.8048893567455615,4,192946,0.283947,0.2721114980805283,720.6238660680567,0.8844990928544454,0,55.0
2024-12-10,29,53303,505,Employed,Master,4,37786,60,Divorced,4,Mortgage,513,0.25784419359637084,1,2,0.1931775370892405,0,Debt Consolidation,0,35,19,835,2549,227364,13973,4441.916666666667,0.7293787373227181,4,213391,0.290286,0.28187543391576886,1180.776992723289,0.38131669723429196,0,46.0
2024-12-11,36,26776,569,Employed,Associate,17,5736,24,Married,1,Rent,248,0.12092870510095559,8,1,0.27668300571163323,0,Debt Consolidation,0,32,22,779,4468,5247,15819,2231.3333333333335,0.5286959406979198,3,9688,0.196236,0.1827123625298767,287.11694698335975,0.23981936673888246,1,42.400000000000006
2024-12-12,27,144284,579,Employed,Doctorate,5,20138,60,Divorced,3,Rent,386,0.4094427554349615,2,2,0.043331854888717644,0,Education,0,23,17,2468,505,55282,28911,12023.666666666666,0.727295876611963,7,26371,0.23563800000000001,0.23977613840740158,579.0676565036857,0.08026400625186597,1,39.2
2024-12-13,35,61027,630,Employed,Doctorate,10,14867,108,Married,0,Own,761,0.45775394503672007,4,0,0.11018868278823253,0,Auto,0,14,22,796,3647,122913,24679,5085.583333333333,0.8774118349038605,3,98234,0.244867,0.25368618874902454,350.939594261607,0.2186454377757269,0,46.0
2024-12-14,39,25354,655,Employed,Bachelor,14,23125,72,Divorced,2,Mortgage,202,0.3776070562166868,0,1,0.07090929134011105,0,Auto,0,30,15,1982,732,36206,42855,2112.8333333333335,0.5196297263552322,11,3506,0.210625,0.20919199659905371,566.2992484599902,0.3636345736972423,0,46.0
2024-12-15,36,29141,616,Employed,High School,13,17585,72,Married,0,Rent,362,0.46880623407101724,3,0,0.284024364703304,0,Education,0,19,14,948,2908,91314,33749,2428.4166666666665,0.6363982340769236,4,57565,0.224585,0.23446915776528635,457.0710052721986,0.33728602529996854,0,50.0
2024-12-16,46,136292,583,Employed,Doctorate,25,14843,72,Single,2,Rent,639,0.4440208667802787,4,0,0.05336091678665643,0,Debt Consolidation,0,29,6,1847,763,53752,45786,11357.666666666666,0.4820985226151816,4,7966,0.238343,0.2571891966266971,406.4012775192139,0.09204366602757731,1,40.800000000000004
2024-12-17,59,104152,613,Employed,Bachelor,39,37294,72,Married,0,Other,444,0.3335844749118244,2,0,0.47096524648266114,0,Other,0,25,2,2820,477,75351,14484,8679.333333333334,0.8720608765488861,3,60867,0.24579399999999998,0.2568023236113291,1020.217700254823,0.16870163225917767,0,54.0
2024-12-18,49,77154,650,Employed,Master,30,28277,36,Divorced,2,Rent,289,0.3768018743574839,4,1,0.34697136397072526,0,Home,0,21,20,1927,877,76004,19463,6429.5,0.6882361926014757,1,56541,0.188277,0.15529091222050945,987.573857919236,0.19854947630752565,1,36.800000000000004
2024-12-19,35,38515,504,Employed,High School,12,27132,12,Married,0,Mortgage,399,0.4782658720810276,4,0,0.25634772872368516,0,Other,0,25,18,1619,564,393760,20911,3209.5833333333335,0.9511990134499634,3,372849,0.24013199999999998,0.2414213913292329,2567.4576693914337,0.9242500852316553,0,48.0
2024-12-20,40,36224,600,Employed,Associate,16,30107,36,Married,2,Mortgage,369,0.24299667485427104,3,0,0.370497215230505,0,Home,0,25,13,666,2136,188751,116879,3018.6666666666665,0.7813039302461278,4,71872,0.215107,0.17648289858700278,1083.1356124654635,0.48105199176196894,0,50.0
2024-12-21,29,61549,576,Employed,Associate,6,20458,36,Single,1,Own,608,0.10261123298945204,1,2,0.026664332340845948,0,Home,1,14,10,1297,167,120111,16491,5129.083333333333,0.8986523009890047,4,103620,0.217458,0.17396640000000002,733.4283284660323,0.26153373639851807,0,51.0
2024-12-22,18,29222,504,Employed,High School,0,31416,96,Divorced,3,Rent,226,0.2957170236689181,1,2,0.07243354353198134,0,Education,0,10,19,2752,1046,9099,882,2435.1666666666665,0.8577176632151264,10,8217,0.314416,0.3139961386429293,897.2014706035253,0.461242134256461,0,52.0
2024-12-23,44,56330,620,Self-Employed,Associate,23,17825,60,Single,0,Own,839,0.08692871267402057,3,1,0.29983495214904143,0,Education,1,24,10,2219,1973,48811,8099,4694.166666666667,0.5815011614925772,5,40712,0.21282500000000004,0.18989961497041383,462.29187197282096,0.27721467182094534,0,57.0
2024-12-24,42,102173,572,Employed,Master,22,43791,48,Married,1,Other,603,0.26960323998463176,3,3,0.2274000504629013,0,Debt Consolidation,0,27,28,842,2259,31031,108108,8514.416666666666,0.9208715634030499,4,8979,0.252791,0.2570292128031586,1469.204784111999,0.24337601332391134,0,51.0
2024-12-25,18,23315,522,Unemployed,High School,0,28259,24,Single,0,Own,426,0.790599582205051,2,1,0.21252644111694735,0,Other,0,24,26,2876,1092,189349,3305,1942.9166666666667,0.9642046727360124,5,186044,0.242259,0.23358002000780345,1485.0447375347555,0.9835958331725098,0,55.0
2024-12-26,50,77587,528,Employed,High School,27,39737,48,Single,0,Mortgage,182,0.33975131070336106,2,0,0.33273586241788505,0,Home,1,25,15,499,1698,15551,118454,6465.583333333333,0.9129580931336244,2,4917,0.270737,0.30544756265393264,1443.3877704931826,0.2513907387309497,0,60.0
2024-12-27,46,42206,630,Employed,Associate,24,11100,36,Married,3,Rent,275,0.17422286615976407,3,0,0.29194442780885455,0,Debt Consolidation,0,30,15,2202,1660,29366,153929,3517.1666666666665,0.9454186479232752,5,7287,0.1811,0.17368763031651463,397.7854279107627,0.19128619473366706,0,49.0
2024-12-28,43,51664,487,Self-Employed,Bachelor,20,15891,72,Single,3,Mortgage,410,0.1056661524449146,5,0,0.25958333353122737,0,Debt Consolidation,0,24,23,4581,206,40126,20022,4305.333333333333,0.8101748035107201,6,20104,0.28739099999999995,0.2638196550815339,441.63223794580887,0.1978086647443037,0,54.0
2024-12-29,33,104160,467,Employed,Bachelor,13,57071,60,Married,4,Own,337,0.13324481880924824,5,1,0.2095052404822196,0,Home,1,25,16,2675,3411,74730,40657,8680.0,0.7461124366240524,4,34073,0.328571,0.291786935780653,1817.7539408030957,0.24824354156717693,0,56.0
2024-12-30,37,15000,547,Employed,High School,15,18628,48,Divorced,0,Mortgage,882,0.27716625814216916,2,0,0.05335383718121452,0,Education,0,15,3,4399,1331,72856,17855,1250.0,0.5011027590250516,5,55001,0.240128,0.23689471899148912,604.1135373233924,1.188890829858714,0,53.0
2024-12-31,30,26072,550,Employed,Associate,5,18667,108,Married,3,Rent,463,0.4035895401198342,2,1,0.2436393736161404,0,Education,0,30,3,2012,841,184492,8698,2172.6666666666665,0.7112076222834263,5,175794,0.288667,0.2578290942027868,445.9716202178976,0.41836680893735706,0,54.0
2025-01-01,41,70889,422,Employed,High School,17,24599,84,Married,2,Own,710,0.43991120210025086,4,1,0.44902721291043435,0,Home,1,28,21,15826,1889,188042,70598,5907.416666666667,0.5606731090784076,3,117444,0.338599,0.32946609430968754,752.744656178474,0.2476115599619361,0,59.0
2025-01-02,36,86804,635,Employed,Bachelor,11,20078,72,Single,2,Own,1048,0.07482246537481449,2,0,0.4662801286644051,0,Education,1,16,1,4410,373,46209,15131,7233.666666666667,0.912514370907428,8,31078,0.217578,0.23859629128376705,526.880520707942,0.21771538464235868,0,61.0
2025-01-03,53,66475,648,Employed,Doctorate,31,12246,72,Married,1,Rent,293,0.21270061676216206,4,0,0.5848453467622016,0,Debt Consolidation,0,15,18,13620,1311,100483,7014,5539.583333333333,0.9749497052566468,4,93469,0.203246,0.21297044558134656,302.6056378646998,0.1075181294377796,1,42.400000000000006
2025-01-04,49,57582,572,Employed,High School,26,17428,60,Single,2,Mortgage,275,0.3808383538424435,1,1,0.40951653651527864,0,Home,0,29,24,4525,2531,50744,20358,4798.5,0.8385442516518159,4,30386,0.23642800000000003,0.24282980339574006,504.2347901201265,0.16239132856520297,0,56.0
2025-01-05,48,143040,675,Employed,Doctorate,26,31063,60,Widowed,1,Own,444,0.42871508380830586,0,0,0.30044446358994603,0,Debt Consolidation,0,25,7,6701,358,50780,15242,11920.0,0.5857566937142774,9,35538,0.198563,0.2224522454642271,862.2628802961124,0.10958581210537856,1,38.400000000000006
2025-01-06,35,52853,513,Employed,Bachelor,12,19206,24,Married,1,Own,366,0.05860505685468046,1,1,0.20937124071317453,0,Debt Consolidation,0,32,26,8726,5184,375272,23364,4404.416666666667,0.9163555616046232,10,351908,0.237706,0.2520446737043713,1027.0247902349793,0.31627906614231455,1,36.0
2025-01-07,35,37830,558,Employed,Associate,13,11392,36,Married,1,Mortgage,374,0.32108848927966005,6,2,0.09623171308651592,1,Home,1,22,13,1058,240,127713,7199,3152.5,0.942680578361952,3,120514,0.217392,0.21101298378134825,429.787098110587,0.2549681516607731,0,65.0
2025-01-08,54,103332,532,Employed,Master,33,21318,84,Widowed,2,Other,280,0.25001714628118854,1,4,0.22121841955237914,0,Home,0,21,9,2272,1423,169219,61302,8611.0,0.9095809097595445,6,107917,0.280318,0.2961901258406775,604.0931016717053,0.10267020109995416,0,48.0
2025-01-09,44,25021,547,Employed,Associate,22,55511,24,Married,4,Other,391,0.4458544699589553,1,0,0.21913232211097675,0,Auto,0,25,17,4235,571,123456,13130,2085.0833333333335,0.9953833403207183,7,110326,0.257011,0.28750059747261475,3068.1726363617367,1.6590092976436128,0,51.0
2025-01-10,18,37148,567,Employed,Master,0,15828,60,Married,3,Own,492,0.11647390838562376,2,1,0.39583207177798485,0,Debt Consolidation,1,14,12,1444,7713,210153,37671,3095.6666666666665,0.8223134546358507,5,172482,0.23732799999999998,0.2030981973050548,422.07841794758326,0.29527675824730804,0,56.0
2025-01-11,18,30790,481,Employed,Bachelor,0,25925,48,Married,3,Mortgage,499,0.351688847218117,1,0,0.6532472968627479,0,Home,0,15,27,3905,444,183669,9709,2565.8333333333335,0.900433510150857,7,173960,0.280425,0.2763925253846473,898.1984713468315,0.5445398394336465,0,55.0
2025-01-12,24,32024,475,Employed,High School,0,15508,48,Married,1,Own,318,0.3250650371265176,5,0,0.4015641124225301,0,Debt Consolidation,0,20,24,1750,785,59437,5802,2668.6666666666665,0.8569106826027543,7,53635,0.273008,0.27655372573599024,537.4333440229833,0.3205470936883525,0,55.0
2025-01-13,65,55298,582,Employed,High School,43,34259,48,Married,0,Rent,348,0.2922942817422714,2,1,0.5223082109353765,0,Education,0,29,28,2267,988,10069,15172,4608.166666666667,0.7722530642116435,5,10669,0.23825900000000003,0.19069680386352095,1025.608261211736,0.2980812892788316,0,58.0
2025-01-14,52,42499,599,Employed,Bachelor,26,21505,60,Single,1,Own,403,0.47211344774733427,3,0,0.08500295167013205,0,Home,0,20,25,2601,203,52168,14251,3541.5833333333335,0.7400485547347604,4,37917,0.227005,0.24969319700032616,630.8134624589511,0.2919071401564134,0,52.0
2025-01-15,32,63983,576,Unemployed,Associate,8,19437,96,Married,2,Own,353,0.0354040707736194,3,0,0.7068349517602176,0,Debt Consolidation,0,33,6,842,1364,49307,4615,5331.916666666667,0.7407970055535458,7,44692,0.26643700000000003,0.285425470713123,516.3823380816831,0.16305249921041834,0,62.0
2025-01-16,28,28128,490,Employed,Bachelor,3,16098,24,Married,2,Mortgage,259,0.24997861743401678,5,1,0.3687374096058546,0,Home,0,28,24,4796,1127,31222,3971,2344.0,0.709652335203264,3,27251,0.24609799999999998,0.24643167677585087,856.2953068262741,0.4758085779975572,0,56.0
2025-01-17,48,110303,616,Employed,Associate,25,33602,120,Married,1,Rent,156,0.14796845993089086,3,1,0.31481782199974856,0,Home,0,28,4,4351,3336,33337,4279,9191.916666666666,0.8570568018096466,8,29058,0.280602,0.23209050343993987,722.4110617749282,0.09556342747975248,0,52.0
2025-01-18,39,79821,623,Employed,Bachelor,19,23248,72,Married,3,Mortgage,238,0.13074408837012488,3,0,0.26103358404943705,0,Home,0,15,23,6346,276,28796,220261,6651.75,0.6820586676601104,8,8951,0.226748,0.18808016164842398,540.9097718840258,0.11709847361732262,1,38.400000000000006
2025-01-19,44,83562,532,Self-Employed,Bachelor,21,18401,60,Married,1,Mortgage,240,0.25789291981898904,2,3,0.539172007929701,0,Home,0,21,3,1082,230,107737,61454,6963.5,0.8531402712680598,7,46283,0.257401,0.28477444263443963,578.2419896794047,0.11750441440071871,0,63.0
2025-01-20,38,71300,532,Employed,Master,16,10884,48,Single,0,Own,527,0.2538414465816525,3,1,0.4780577220714649,0,Debt Consolidation,0,27,10,10585,2943,763825,41567,5941.666666666667,0.6870069305686122,5,722258,0.23988400000000001,0.21714739493238808,341.2288049911773,0.14612546507565397,1,38.400000000000006
2025-01-21,38,17013,535,Employed,Bachelor,15,22585,12,Married,1,Rent,922,0.2860695621782818,4,1,0.432559578270745,1,Home,0,18,21,1216,2137,106149,12920,1417.75,0.8236228293420983,4,93229,0.220085,0.2023394930829142,2094.6799344465267,2.1277939936141963,0,68.0
2025-01-22,18,51830,411,Employed,Associate,0,16930,48,Married,0,Other,254,0.43500554393144225,5,1,0.12605529660465137,0,Home,1,30,2,5504,2891,41529,142318,4319.166666666667,0.8443425554331264,8,7517,0.30643,0.30831821104459517,617.7993917000107,0.20184435076982687,0,61.0
2025-01-23,33,42285,625,Employed,Bachelor,10,27905,48,Married,0,Own,935,0.10502017107231494,4,1,0.5917469538164203,0,Education,0,29,2,2555,2494,28847,37696,3523.75,0.914799769339984,8,2127,0.21040500000000004,0.2166098460881771,874.0492365427604,0.5133875094835787,0,59.0
2025-01-24,63,42719,520,Employed,High School,41,23401,36,Widowed,5,Mortgage,407,0.2625591249061409,3,3,0.10681880800959972,0,Education,0,16,10,2185,232,63651,6888,3559.9166666666665,0.6882634599149546,9,56763,0.248401,0.20153624421174177,871.4978274198073,0.35913700997302583,0,49.0
2025-01-25,18,34336,532,Employed,High School,0,15001,84,Married,3,Own,326,0.14488402105909767,2,0,0.17544306848183758,0,Auto,0,19,5,11842,84,34637,23680,2861.3333333333335,0.8935029431392316,4,10957,0.274001,0.2823562904706913,411.27200537817527,0.25766728985723736,0,52.0
2025-01-26,35,24231,582,Employed,Master,12,44035,36,Married,1,Other,1286,0.24827207342663693,3,1,0.4360729390899895,0,Auto,0,20,7,1945,5089,14641,22778,2019.25,0.7839010851892703,5,9136,0.238035,0.23162593356486144,1708.3165453491406,1.4828854997395768,0,59.0
2025-01-27,45,161381,473,Employed,High School,23,28317,60,Married,0,Own,489,0.25204158380730857,6,0,0.04322300715160225,0,Home,0,24,12,3711,629,73412,8425,13448.416666666666,0.906056306402316,7,64987,0.296817,0.3561804,1016.209592639432,0.1119246696431004,0,46.0
2025-01-28,18,15000,548,Employed,High School,0,80096,36,Married,1,Rent,492,0.2816561154947141,1,0,0.1696073995858033,0,Home,0,24,1,10487,470,212696,48136,1250.0,0.7841818421723832,6,164560,0.291096,0.2588862200558041,3222.3672670212854,2.971493813617028,0,52.0
2025-01-29,39,68642,547,Employed,Associate,19,38185,60,Married,3,Mortgage,236,0.12039321118798478,0,1,0.41606290337756546,1,Home,0,27,29,1475,510,73758,113816,5720.166666666667,0.8343353656719366,4,10025,0.269685,0.2591217733558098,1141.2923334345344,0.24077835729166416,0,67.0
2025-01-30,35,34136,565,Employed,Master,11,24893,60,Married,2,Own,887,0.42541776713396706,7,0,0.27218404120319495,0,Education,0,16,24,2760,6434,292312,16612,2844.6666666666665,0.7509107490870816,2,275700,0.24739299999999997,0.24174703854290835,718.6474693547954,0.5644413414652433,0,48.0
2025-01-31,46,60691,511,Employed,High School,23,30780,72,Single,0,Other,344,0.06643180268596298,1,1,0.39119773993780615,1,Debt Consolidation,0,25,15,1438,1117,23812,21860,5057.583333333333,0.7667265412049878,2,1952,0.29028,0.24504026886563252,819.7834655836841,0.2301066317411842,0,65.0
2025-02-01,53,105285,633,Employed,Bachelor,31,24712,48,Married,1,Other,600,0.3710399038062588,3,1,0.3414011655236317,0,Education,1,22,5,15946,864,193175,28603,8773.75,0.8872437057105638,5,164572,0.20321200000000003,0.21089558121899132,766.4151341123489,0.15573900944434807,0,54.0
2025-02-02,36,45385,576,Employed,High School,12,10040,60,Married,1,Own,500,0.47078107732898733,1,2,0.1972753899294028,0,Auto,1,24,23,3143,1007,104604,14010,3782.0833333333335,0.45540653698290046,7,90594,0.22704000000000002,0.1981176109119641,264.9481062367087,0.20225575134605056,0,56.0
2025-02-03,37,35136,570,Employed,High School,19,9612,84,Divorced,3,Other,177,0.07631775750209562,3,2,0.5164054887135202,0,Auto,0,25,26,1524,6199,306628,10258,2928.0,0.47236886153172775,6,296370,0.24961200000000003,0.24084307572361943,237.69650085625852,0.14163131859844896,1,41.6
2025-02-04,44,35233,457,Employed,High School,21,29620,36,Married,2,Mortgage,510,0.3458900242084097,5,1,0.24607591358932687,0,Auto,1,24,16,1993,2939,32331,7270,2936.0833333333335,0.8691788288321667,5,25061,0.28612000000000004,0.2973697053216109,1253.1522598718386,0.6005116543712447,0,59.0
2025-02-05,21,33525,487,Employed,Associate,0,11984,48,Married,1,Mortgage,288,0.1443847571322997,2,1,0.03250646608651816,0,Education,0,30,9,5476,1160,8925,3913,2793.75,0.909923622114517,8,5012,0.263484,0.2603529359039221,404.3062012099117,0.24780535166350307,0,51.0
2025-02-06,27,37418,584,Employed,Associate,5,20536,48,Married,0,Rent,192,0.057276232850999954,6,0,0.30024779041835015,0,Other,0,24,26,1318,189,359117,26277,3118.1666666666665,0.5981327360954296,2,332840,0.223536,0.2233213518604634,650.7174242159057,0.27026054547519557,0,48.0
2025-02-07,34,58744,412,Employed,Associate,10,38111,48,Married,2,Mortgage,199,0.19311773731939927,3,0,0.22594544640048084,0,Home,0,27,10,599,1030,72569,46535,4895.333333333333,0.6473217694703165,6,26034,0.327111,0.33036980890145207,1440.3519470458643,0.3348805557086745,0,51.0
2025-02-08,37,26458,632,Employed,Doctorate,14,37251,96,Married,1,Own,858,0.32046265039268446,2,1,0.2724848526501281,0,Debt Consolidation,0,24,21,938,1599,75323,78785,2204.8333333333335,0.8875079881313245,4,7411,0.256251,0.30671102462972705,1044.7430660514613,0.8629872549934815,0,51.0
2025-02-09,62,88203,627,Employed,Bachelor,38,15406,36,Married,4,Own,117,0.23472599897055868,6,1,0.2769807962700717,0,Auto,0,21,7,716,260,272637,26766,7350.25,0.647813654311352,5,245871,0.18690600000000002,0.16752658744649693,547.3713488438729,0.09038758529898613,1,36.0
2025-02-10,52,46165,666,Employed,Doctorate,26,11337,60,Divorced,3,Rent,235,0.2957837151143745,1,1,0.32941548151537264,0,Home,0,21,15,14942,17891,32833,31806,3847.0833333333335,0.905345061804104,5,1027,0.18333699999999997,0.21748237376065138,311.4949425151633,0.14205435525142335,0,49.0
2025-02-11,32,37869,583,Self-Employed,Master,8,19103,60,Single,1,Mortgage,294,0.28861320695923,3,0,0.3828625345943617,0,Home,0,19,29,1716,4381,34287,18431,3155.75,0.9947432054614747,7,15856,0.232603,0.22666809664923487,534.8719691172599,0.2626545097416652,0,58.0
2025-02-12,32,202022,496,Employed,High School,5,27003,36,Married,1,Mortgage,215,0.4495695956526636,2,1,0.41364722296130835,0,Education,0,25,23,2666,2416,93441,32747,16835.166666666668,0.9226969132138939,5,60694,0.264003,0.2552982923203562,1081.215830400244,0.07699453507441233,1,42.400000000000006
2025-02-13,48,45511,624,Employed,High School,26,11835,12,Married,1,Rent,374,0.328585164464231,5,0,0.2056668392726377,0,Education,0,29,11,2458,1368,55431,33594,3792.5833333333335,0.5992055628915555,10,21837,0.16483500000000004,0.17653488446382207,1083.081967554497,0.38419247238368665,0,50.0
2025-02-14,44,112423,642,Self-Employed,Associate,22,22929,48,Married,0,Mortgage,246,0.12268048911322037,3,1,0.2919304182769012,0,Home,0,23,28,1929,3890,42554,17884,9368.583333333334,0.739606604909108,5,24670,0.19692900000000002,0.21055124815917436,710.6924329687087,0.10211708632241182,1,40.0
2025-02-15,43,114717,563,Self-Employed,Master,20,51981,48,Married,0,Other,766,0.11012577969381147,1,1,0.5823280995993314,0,Other,0,24,12,3621,1696,52060,22148,9559.75,0.7584865584018656,4,29912,0.26548099999999997,0.25925106154931066,1750.4697732041132,0.2632359395595191,0,59.0
2025-02-16,26,33315,582,Employed,High School,2,66088,72,Married,2,Mortgage,365,0.2822251891924985,6,0,0.1307064017601612,0,Auto,0,15,13,1966,334,118001,179285,2776.25,0.8396630362411515,5,9759,0.290088,0.30609294305345774,2014.2334914010519,0.8569954043767858,0,51.0
2025-02-17,49,82669,662,Employed,Master,27,28860,36,Married,5,Rent,880,0.2410600713624065,2,0,0.2660404656671529,0,Debt Consolidation,0,30,2,1325,534,52907,79980,6889.083333333333,0.9811225191246433,3,5696,0.18286,0.18630206530890983,1052.504663498678,0.28051695269065957,0,49.0
2025-02-18,28,22813,553,Employed,Bachelor,2,20761,48,Single,2,Mortgage,213,0.3906261281399609,5,1,0.21452853108551165,0,Debt Consolidation,0,23,1,4260,8384,20229,92455,1901.0833333333333,0.9255518591160491,8,2027,0.239261,0.20827693828385388,640.956276400383,0.44919455208892284,0,58.0
2025-02-19,18,79954,501,Employed,Bachelor,0,31724,48,Married,1,Rent,298,0.2342797699995621,2,2,0.29969726989672746,0,Home,0,19,10,10873,1230,29942,27115,6662.833333333333,0.7906870071727894,5,2827,0.27622399999999997,0.2928571424462707,1129.1125730627189,0.2141900452354182,0,52.0
2025-02-20,36,47722,630,Employed,Bachelor,11,24310,48,Single,0,Own,169,0.3043623532399875,3,2,0.1323956995887367,0,Education,0,21,5,7047,768,165143,38909,3976.8333333333335,0.7139789640183803,8,126234,0.20431000000000002,0.17548677409198557,708.3858635924021,0.22062424800110692,0,46.0
2025-02-21,45,73322,573,Employed,Bachelor,22,26116,48,Married,4,Rent,602,0.46915730445840415,1,1,0.37230443234852556,0,Home,1,21,26,25269,1267,26536,16659,6110.166666666667,0.9509600739201299,4,9877,0.23461600000000002,0.19637516676870573,789.6843199423706,0.22776536154644508,0,61.0
2025-02-22,52,68911,585,Employed,High School,26,17647,12,Divorced,0,Rent,375,0.29141186897188187,4,0,0.19442189750984717,0,Education,0,22,14,3909,266,72990,73525,5742.583333333333,0.8431120231667991,4,7721,0.190147,0.20802861675452397,1641.5095707975643,0.35115024959107793,0,50.0
2025-02-23,41,57964,581,Employed,High School,20,9406,108,Widowed,1,Mortgage,401,0.24873948024280343,4,1,0.2096133188313016,0,Debt Consolidation,0,33,20,379,874,419117,78199,4830.333333333333,0.8790848207587377,7,340918,0.263906,0.23584209897971095,210.5988023329193,0.12661627265190517,1,36.800000000000004
2025-02-24,41,117268,518,Employed,High School,21,30325,72,Divorced,1,Mortgage,520,0.31124609668667974,4,2,0.45105934026425015,0,Other,0,21,13,1783,635,96550,1709,9772.333333333334,0.6524278016153081,7,94841,0.286325,0.30077157328843496,913.8112446886977,0.14672148357833653,0,53.0
2025-02-25,47,26676,609,Employed,Bachelor,24,34762,12,Widowed,0,Other,295,0.3101982061878748,6,1,0.4688987354647607,0,Other,0,32,11,12987,989,582513,55771,2223.0,0.7809193178732833,5,526742,0.195262,0.21803894692647266,3250.247866085713,1.5948033585630739,0,47.0
2025-02-26,32,77839,548,Employed,Bachelor,7,22359,48,Married,2,Mortgage,593,0.1972844877343559,8,0,0.3775536079930366,0,Home,0,22,17,6975,1714,601134,25190,6486.583333333333,0.8821205666834607,7,575944,0.243359,0.24176864891864405,731.1323634272866,0.20413402486064108,1,36.0
2025-02-27,24,30393,567,Employed,High School,0,5974,60,Divorced,2,Own,326,0.09601743482199096,4,0,0.10489656199889077,0,Home,0,28,23,5273,9580,779289,54354,1545.75,0.8589682441979347,4,724935,0.227474,0.2305524602687615,168.59954907718748,0.3199738308763949,1,33.6
2025-02-28,27,28991,592,Employed,High School,2,36902,48,Widowed,2,Mortgage,1015,0.12256672867298399,2,0,0.12897231997757969,0,Home,1,28,23,6490,131,199010,21953,2415.9166666666665,0.85468143204639,5,177057,0.235902,0.2116568185210436,1145.9871298363803,0.8944791679499351,0,53.0
2025-03-01,42,27771,567,Employed,High School,21,34778,24,Single,4,Own,335,0.19849193087500136,6,1,0.28902188681799545,0,Debt Consolidation,1,27,24,932,1988,111384,25676,2314.25,0.7609870774186573,7,85708,0.22627799999999998,0.2100057816267245,1787.1000453390827,0.9169709605008458,0,57.0
2025-03-02,57,21806,634,Employed,Bachelor,32,14450,84,Divorced,3,Rent,818,0.09703335016657834,5,4,0.25536613806030656,0,Auto,0,21,15,4991,2630,52517,18889,1817.1666666666667,0.7188752499338792,7,33628,0.22245,0.18411970812883974,307.20695367849544,0.619209549855175,0,50.0
2025-03-03,38,29323,531,Self-Employed,High School,15,14698,72,Widowed,2,Own,295,0.2013284693508421,4,1,0.3579015096431893,0,Auto,0,27,28,5176,2115,43231,19082,2443.5833333333335,0.8424547633898524,2,24149,0.264198,0.24455918754436612,391.02977104386315,0.2807474423669596,0,59.0
2025-03-04,18,28730,502,Employed,Bachelor,0,14932,48,Single,1,Other,293,0.33246459149988405,1,3,0.1761666704991753,0,Home,0,24,23,4961,887,31908,7600,2394.1666666666665,0.8864075170164105,6,24308,0.258932,0.23240074558674675,480.55876748604254,0.32310146919013266,0,52.0
2025-03-05,18,24952,471,Employed,Associate,0,11955,96,Married,0,Rent,526,0.18950400032361983,2,0,0.22346114398973035,0,Home,0,24,25,3873,1931,154880,56597,2079.3333333333335,0.6556465655967358,3,98283,0.311455,0.3551446917364073,376.7231413954656,0.4341406579330549,0,51.0
2025-03-06,56,38389,600,Employed,High School,32,11262,24,Divorced,0,Mortgage,959,0.24933791129188426,3,2,0.2614804797736774,0,Home,0,21,26,1453,1177,94625,60861,3199.0833333333335,0.5166346059981423,4,33764,0.18626199999999998,0.15600203068633087,549.2736317161224,0.47147056658400766,0,50.0
2025-03-07,46,86316,593,Employed,Master,23,13621,120,Single,1,Mortgage,371,0.1124529426194647,3,0,0.2567393703637976,0,Debt Consolidation,0,33,18,6696,748,33807,9225,7193.0,0.8619189828862093,3,24582,0.272121,0.30634032919696497,365.4689882895427,0.10238690230634544,0,50.0
2025-03-08,27,38102,575,Employed,High School,2,14178,48,Single,0,Mortgage,255,0.23484022568047813,1,1,0.6262180256966937,0,Home,0,35,21,1404,173,93455,22188,3175.1666666666665,0.8009634066699006,2,71267,0.22167800000000001,0.23859832406274645,461.13086354094315,0.22554118845444646,0,57.0
2025-03-09,57,154247,591,Unemployed,Bachelor,32,15353,60,Single,2,Rent,512,0.29213573594530534,1,2,0.44199112270011437,0,Debt Consolidation,0,27,15,9012,248,120409,22452,7003.583333333333,0.8613078981339773,8,97957,0.22485300000000003,0.22841630334749616,431.41248391889735,0.13470425623819673,1,44.0
2025-03-10,66,191121,657,Employed,Bachelor,39,11555,48,Married,0,Mortgage,206,0.21547929355700182,5,3,0.20687950770322447,0,Auto,0,21,8,16809,2618,69074,1156,15926.75,0.6748891579911908,7,67918,0.17805500000000002,0.17926615049354794,338.98518321831034,0.0342182292820764,1,34.4
2025-03-11,53,86547,619,Employed,Associate,33,45937,48,Single,3,Other,287,0.46271266586744586,3,1,0.3380273622019786,0,Auto,0,31,15,818,1400,14439,8680,7212.25,0.9646844359820134,14,5759,0.23143700000000003,0.2735547934432706,1584.1070968249264,0.2594345865471838,0,51.0
2025-03-12,41,37284,585,Employed,High School,16,14282,96,Married,1,Rent,714,0.0766762464600919,1,0,0.31844628842119704,0,Debt Consolidation,0,28,2,855,1499,148584,3751,3107.0,0.8401252932154916,5,144833,0.256782,0.27334877226520776,367.6323174627896,0.3481275563124524,0,54.0
2025-03-13,21,69156,472,Employed,High School,0,15765,24,Married,3,Rent,320,0.113669662992117,1,0,0.18123413290726353,1,Home,0,32,7,331,1253,79707,68573,5763.0,0.9622356427373379,4,11134,0.254765,0.2739954024889771,860.500845208228,0.2048413751879625,0,62.0
2025-03-14,51,125883,567,Employed,High School,31,21360,84,Married,0,Mortgage,469,0.3842448929113295,2,1,0.3886181923813524,0,Education,0,29,25,2557,2660,87538,35137,10490.25,0.9797175291369438,6,52401,0.26286,0.215869566580812,494.943877696984,0.09188950479702428,1,40.0
2025-03-15,26,22207,605,Employed,Doctorate,4,19688,48,Married,0,Mortgage,111,0.27401657779881305,4,0,0.23238951906961602,0,Other,0,19,14,693,2443,122134,8225,1850.5833333333333,0.7572218607479185,4,113909,0.21218800000000002,0.22264230444768757,623.1193332491601,0.3966961768356789,0,47.0
2025-03-16,59,127960,580,Self-Employed,Bachelor,37,35523,48,Single,1,Mortgage,251,0.3384298071765061,4,0,0.21667207318214513,0,Debt Consolidation,0,20,14,1213,914,124294,23496,10663.333333333334,0.8412539605866528,3,100798,0.24052300000000001,0.2326757333674077,1143.778397352153,0.13080135017369363,1,39.2
2025-03-17,43,48207,590,Employed,Bachelor,24,21809,96,Married,2,Rent,720,0.368710867140438,1,1,0.235609885939759,0,Home,0,24,3,2289,792,74995,53286,4017.25,0.7546894074761623,6,21709,0.261809,0.24207530733711755,515.7694183327027,0.3076157616112272,0,56.0
2025-03-18,47,38855,533,Employed,Associate,23,11233,48,Single,1,Mortgage,593,0.4375359310503022,2,3,0.3387464899466659,0,Education,0,18,26,757,4604,14899,9238,3237.9166666666665,0.6124410546645384,3,5661,0.239733,0.2513755394206842,373.3163330194384,0.2984376784515059,0,56.0
2025-03-19,46,40021,527,Employed,High School,25,34376,60,Single,1,Rent,628,0.32983536499812766,6,0,0.1306542286677339,0,Home,1,31,24,774,4158,49138,7976,3335.0833333333335,0.743456973167128,5,41162,0.275876,0.3026227770768374,1117.7247061297667,0.5234426044715824,0,57.0
2025-03-20,35,17245,501,Self-Employed,Master,16,33790,36,Married,2,Other,447,0.017286715962165525,3,1,0.3341142877753847,0,Other,1,21,4,2756,1189,76562,59514,1437.0833333333333,0.8988312722332882,6,17048,0.26829000000000003,0.2887984808870615,1413.7864517203793,1.2948354549518442,0,67.0
2025-03-21,18,26186,529,Employed,Bachelor,0,16470,72,Divorced,2,Mortgage,466,0.24111620106637463,3,1,0.7725989398135485,0,Education,0,31,28,2308,348,17229,12906,2182.1666666666665,0.8461803721935802,1,4323,0.26697,0.27396169235569506,468.17509301492925,0.4280952079805679,0,60.0
2025-03-22,27,65407,584,Unemployed,Master,3,37423,60,Married,0,Mortgage,170,0.2009959332474202,3,1,0.037182498646221473,0,Auto,0,14,8,4739,1469,861250,52208,5450.583333333333,0.8139677700169184,2,809042,0.250423,0.26123017571634405,1123.189248545857,0.23725703644182253,1,36.800000000000004
2025-03-23,33,61924,591,Employed,Bachelor,10,35332,24,Widowed,0,Own,1018,0.30873117212351153,3,2,0.4291509644467866,0,Auto,0,24,13,2755,975,31934,15568,5160.333333333333,0.695945453396883,4,16366,0.214832,0.21197875646152778,1818.9936445150067,0.5497694550445722,0,56.0
2025-03-24,43,59837,512,Employed,Associate,20,20457,36,Divorced,2,Mortgage,230,0.10462621950136695,0,0,0.33009583146795757,0,Education,0,22,28,870,1147,77961,9376,4986.416666666667,0.6306189871587533,5,68585,0.249457,0.2550281340677759,818.8167966376227,0.2103347687827176,1,40.800000000000004
2025-03-25,20,39123,546,Employed,Associate,1,73277,36,Married,0,Rent,353,0.3713810713992692,0,2,0.44550234715461795,0,Education,0,25,9,1470,1785,234034,5223,3260.25,0.9378317601137786,9,228811,0.285277,0.245521321702893,2896.1516222401933,0.9965958506986253,0,54.0
2025-03-26,58,184619,643,Unemployed,High School,36,8115,108,Single,0,Rent,495,0.0572140725208051,3,1,0.3889996621397762,0,Debt Consolidation,0,27,8,9149,368,17284,6520,15384.916666666666,0.6708203339366743,4,10764,0.23161500000000002,0.24355151750222506,185.9304693681423,0.04425961375815982,1,41.6
2025-03-27,55,82760,597,Employed,Bachelor,31,35379,12,Married,5,Mortgage,321,0.24121658604149535,2,0,0.1725752237647839,0,Home,0,22,14,4424,3064,36413,13828,6896.666666666667,0.7973911069838217,4,22585,0.201879,0.1615032,3212.4842254083433,0.5123466735729836,0,49.0
2025-03-28,46,25427,552,Employed,High School,24,13452,72,Single,2,Mortgage,397,0.36455114349145834,0,0,0.22244237927532134,0,Home,0,21,15,2719,879,59280,7204,2118.9166666666665,0.8382824911695114,5,52076,0.252452,0.3029424,407.2473098245996,0.3795558940455105,0,52.0
2025-03-29,44,31846,611,Employed,High School,20,29102,60,Single,0,Other,163,0.08893908228126304,3,1,0.02315226840277412,0,Home,0,24,21,2448,210,78142,1507,2653.8333333333335,0.5263620356375928,5,76635,0.22860199999999997,0.20004079929177726,771.0910708421569,0.3519780459117592,0,45.0
2025-03-30,22,15000,505,Employed,High School,1,22160,12,Married,0,Other,349,0.5358666005045637,1,1,0.1407859234510498,0,Debt Consolidation,0,29,28,8677,4105,290816,140147,1250.0,0.6902019375850775,4,150669,0.23465999999999998,0.23556601226012683,2090.6884914914813,1.951750793193185,0,49.0
2025-03-31,43,126773,596,Self-Employed,Bachelor,17,15330,60,Married,3,Mortgage,337,0.19042814778759348,3,1,0.3170892298678357,0,Debt Consolidation,1,30,6,1053,919,66307,42025,10564.416666666666,0.8782637986954673,7,24282,0.22233000000000003,0.23339848478195624,435.158446559768,0.07309049528462067,1,49.6
2025-04-01,33,35600,602,Employed,Master,8,18824,48,Married,2,Rent,514,0.2810461306397238,3,1,0.45098751677148524,0,Debt Consolidation,0,24,5,2451,2435,97234,9007,2966.6666666666665,0.8051606539621282,4,88227,0.212824,0.19255057452859506,565.3764954508541,0.36383477374747897,0,54.0
2025-04-02,27,36252,582,Employed,High School,3,20585,84,Married,0,Mortgage,493,0.1297344142506991,1,1,0.785535813135147,0,Education,0,28,5,935,1177,47776,8237,3021.0,0.7644298610097225,4,39539,0.254585,0.25227082231620535,524.0324889871478,0.33665424991299164,0,60.0
2025-04-03,22,23413,571,Unemployed,Bachelor,0,19072,60,Single,2,Mortgage,826,0.5048461069393534,1,0,0.5165720598459804,0,Other,0,29,29,16709,1786,150709,9031,1951.0833333333333,0.6587582920313715,9,141678,0.238572,0.258260809231527,569.0625745918729,0.7150194718789764,0,60.0
2025-04-04,43,19207,497,Employed,Doctorate,21,15699,24,Married,2,Own,223,0.3581216134861439,3,0,0.29187755056766146,0,Education,1,19,12,2775,1047,49798,163226,1600.5833333333333,0.7427763274806904,1,3515,0.24219899999999997,0.21879910201313088,813.5044391450742,0.6475791778903989,0,60.0
2025-04-05,56,39532,480,Employed,High School,31,14738,12,Married,4,Mortgage,348,0.43918429584157026,4,1,0.14789312576784638,0,Auto,0,23,8,7488,2437,16026,13035,3294.3333333333335,0.893710357200569,6,2991,0.239738,0.22906582980377688,1385.8324633624823,0.5263075371939134,0,53.0
2025-04-06,18,29061,489,Self-Employed,Master,0,14260,120,Single,3,Own,483,0.4087339183109889,5,1,0.1195466308438266,0,Debt Consolidation,0,24,25,717,763,275741,27440,2421.75,0.9231063837360152,5,248301,0.32476,0.3218592837584611,399.13796417646677,0.36425641134570735,0,52.0
2025-04-07,40,67926,474,Employed,High School,17,20708,60,Married,2,Mortgage,455,0.42374255518763815,6,2,0.17675090371970512,0,Home,0,28,27,667,713,581003,59719,5660.5,0.8398466116895729,9,521284,0.288708,0.2811403260297745,646.185910077144,0.19453862910999806,1,34.4
2025-04-08,47,32409,600,Employed,Bachelor,23,26015,48,Single,1,Own,921,0.6456392821298014,3,0,0.19272013993546222,0,Auto,0,21,13,3043,928,8824,44226,2700.75,0.47115673272084657,10,3485,0.22101500000000002,0.20971276730861782,805.1706972982613,0.6391449402196654,0,50.0
2025-04-09,33,75488,523,Unemployed,High School,13,15843,24,Married,1,Own,225,0.4390630702527062,1,0,0.16712933134505778,0,Auto,0,26,22,5911,718,52687,14167,6290.666666666667,0.838667723930633,2,38520,0.229343,0.20552448142800805,810.6243593462916,0.16462871333398021,1,43.2
2025-04-10,55,66667,590,Employed,Bachelor,33,23578,48,Single,0,Other,117,0.22698094662431736,5,1,0.2286748572527788,0,Education,0,34,8,1236,263,234729,12814,5555.583333333333,0.9260040290317751,7,221915,0.22357800000000003,0.20122541027246782,719.0273727347967,0.15048417467139005,1,39.2
2025-04-11,38,43321,585,Unemployed,Bachelor,14,27119,36,Divorced,2,Other,299,0.09812226493848646,3,1,0.3331854249010761,0,Home,0,24,21,7873,908,208489,61942,3610.0833333333335,0.9392171774232778,3,146547,0.219619,0.22182614599240721,1038.2506431595275,0.3704209902337049,0,53.0
2025-04-12,47,64358,534,Employed,Bachelor,26,41123,24,Divorced,4,Rent,262,0.22271341885144733,3,3,0.17098950072194885,0,Education,1,20,18,5936,7892,26495,16742,5363.166666666667,0.644806597336227,5,9753,0.24912299999999998,0.2989476,2297.075782521689,0.4771576088483213,0,56.0
2025-04-13,42,103849,608,Employed,Associate,21,19196,72,Married,0,Other,416,0.260259930267688,6,0,0.26039115129811946,0,Debt Consolidation,1,18,21,3042,294,84262,53292,8654.083333333334,0.9787426709486107,8,30970,0.23019599999999998,0.22801800516401294,491.49916040073646,0.10486369560427963,1,43.2
2025-04-14,58,168497,692,Employed,Master,38,17970,72,Married,2,Mortgage,444,0.2524178213510809,6,1,0.2316120000288697,0,Other,0,23,13,1538,1055,313234,29280,14041.416666666666,0.9451838726030151,3,283954,0.18697,0.18056611801109426,410.4313154660431,0.060850791323243246,1,30.400000000000002
2025-04-15,50,50290,645,Employed,Master,24,18173,36,Married,1,Mortgage,765,0.1142325915359859,3,1,0.21579915747054118,0,Auto,1,25,6,4592,15926,20518,15806,4190.833333333333,0.592465704721775,6,4712,0.180673,0.18443527291541345,661.0479547782073,0.3402778973421851,0,56.0
2025-04-16,37,29110,567,Employed,Bachelor,14,33202,36,Divorced,1,Own,284,0.4352424286889144,2,0,0.12717520761072965,0,Auto,1,23,22,1875,1961,69880,33433,2425.8333333333335,0.9239421354484365,9,36447,0.234702,0.2310014502504911,1286.9738261770242,0.6476017146727684,0,59.0
2025-04-17,26,110574,589,Employed,Associate,4,18741,48,Married,0,Mortgage,335,0.21837741559940585,1,1,0.21011374425966348,0,Debt Consolidation,0,32,1,1600,1142,2952,16186,9214.5,0.7574413384530929,4,9918,0.21924100000000002,0.20307583790612108,573.3711847076723,0.0985806266978862,1,44.0
2025-04-18,33,40094,458,Employed,High School,11,26053,36,Single,2,Rent,292,0.26407039473563304,5,1,0.6229027906190321,0,Home,0,29,24,2398,4017,84560,3299,3341.1666666666665,0.7421036921468113,3,81261,0.282053,0.26180888828838733,1052.203601322739,0.40231563864600356,0,57.0
2025-04-19,54,24733,544,Employed,High School,32,60049,60,Married,3,Rent,210,0.32366251547899805,3,3,0.3325368421565274,0,Education,0,31,4,3625,643,240991,75125,2061.0833333333335,0.8005684540866557,8,165866,0.293049,0.282334354195962,1878.1405540859676,1.013127669471217,0,55.0
2025-04-20,42,60737,584,Self-Employed,Bachelor,19,17066,24,Married,2,Rent,662,0.3040508067510306,0,2,0.32751754836021424,0,Education,0,24,11,2418,529,82214,16065,5061.416666666667,0.5933586630546652,4,66149,0.200066,0.19190641098255853,861.8549979222381,0.3010728217571967,1,44.0
2025-04-21,51,175078,572,Employed,Associate,26,14523,60,Married,4,Other,216,0.4810774363354381,3,0,0.19610292813971533,0,Auto,0,25,15,2927,629,15390,109048,14589.833333333334,0.8371571744483992,2,7502,0.23352300000000004,0.24824870806212648,424.7794542632362,0.04391958699070605,1,39.2
2025-04-22,23,64035,480,Unemployed,Associate,2,48794,24,Widowed,2,Rent,284,0.16396596843479178,3,0,0.2298401565973816,0,Debt Consolidation,0,23,13,3267,793,108130,8860,5336.25,0.9308001056069065,6,99270,0.283794,0.2683131786117891,2649.258019954162,0.5496852696095876,0,52.0
2025-04-23,41,30633,604,Employed,High School,17,38858,48,Widowed,4,Rent,437,0.43461477575599616,2,0,0.07420517045372743,0,Debt Consolidation,0,21,12,2782,594,468072,22578,2552.75,0.6419866368235411,1,445494,0.231858,0.20949198523173407,1202.2034607093458,0.642132390837076,0,43.0
2025-04-24,45,63278,640,Employed,Master,21,12182,72,Married,1,Rent,145,0.18903098686039255,1,2,0.17650313468876808,0,Debt Consolidation,1,20,26,596,252,10614,158753,5273.166666666667,0.935734412597309,6,8323,0.207182,0.21561346209874518,302.92265770034794,0.08494377022668502,0,52.0
2025-04-25,42,50567,552,Employed,Bachelor,21,8027,12,Married,1,Rent,355,0.06427562319501902,1,0,0.3260817538013522,0,Debt Consolidation,0,29,22,3498,665,52133,54963,4213.916666666667,0.6063531678540045,8,2205,0.197027,0.1853826257838176,737.9731136176373,0.2593722657743518,1,42.400000000000006
2025-04-26,28,33864,567,Employed,High School,4,18567,72,Divorced,1,Mortgage,953,0.20588485122593406,3,1,0.26299554006149795,0,Debt Consolidation,0,29,21,2648,1239,125231,43924,2822.0,0.9242876346817335,8,81307,0.250067,0.24350179422220786,492.7647187943793,0.5123191774608007,0,51.0
2025-04-27,39,81489,593,Employed,Associate,15,15894,48,Married,3,Rent,325,0.5529520616352008,2,3,0.14372835832927383,0,Debt Consolidation,0,38,13,2996,7032,23515,4489,6790.75,0.6868131894733539,9,19026,0.214394,0.20670997605200309,489.3605235166692,0.11992202974880083,1,40.0
2025-04-28,30,93176,539,Self-Employed,Master,4,45044,60,Single,4,Mortgage,701,0.46053693399307793,1,0,0.04925080736314404,0,Home,0,17,6,1718,879,93369,14458,7764.666666666667,0.8890345339997311,5,78911,0.280544,0.2847225560426796,1415.342990195623,0.27256070106408814,0,53.0
2025-04-29,49,34281,586,Employed,Bachelor,27,17245,72,Married,1,Own,356,0.3391676284971827,1,1,0.2736862972074912,0,Other,0,26,21,6988,1368,79181,33718,2856.75,0.8925085908216331,6,45463,0.239245,0.22064446694864398,433.9600012158078,0.2765240224786235,0,53.0
2025-04-30,31,59497,578,Employed,Master,8,44598,36,Married,0,Own,619,0.36809921486165087,1,1,0.3358019457821076,1,Auto,0,26,15,8262,3572,68459,10800,4958.083333333333,0.8480753958900726,3,57659,0.240598,0.2019535809504163,1661.8641189363836,0.4600294036209658,0,64.0
2025-05-01,31,55100,485,Employed,Bachelor,4,21462,12,Married,0,Rent,316,0.22970988931853628,9,1,0.16768779486268282,0,Education,0,21,21,18516,722,121228,25856,4591.666666666667,0.799795440424858,4,95372,0.243962,0.24140228721987075,2030.8948080854193,0.5111204663706902,0,48.0
2025-05-02,54,157575,642,Employed,Master,30,25949,60,Single,0,Rent,317,0.2130778068248575,2,0,0.10303296822955953,0,Other,0,24,10,3599,108,41031,4533,13131.25,0.6050873173827076,3,36498,0.209949,0.2188345752755916,714.9647684557053,0.0785884640423193,1,36.0
2025-05-03,24,37312,505,Unemployed,High School,0,31371,72,Married,3,Rent,446,0.16127941914499574,3,0,0.45214830078281587,0,Debt Consolidation,0,24,11,2140,2432,84682,26970,3109.3333333333335,0.7207056511903265,7,57712,0.293871,0.3276010937441226,1000.2829791407984,0.46514246756243516,0,57.0
2025-05-04,33,35418,562,Employed,High School,7,32448,36,Married,4,Mortgage,655,0.4511672465100168,1,2,0.3162673354965804,0,Auto,0,26,19,1125,2885,78722,12825,2951.5,0.8044488333526575,2,65897,0.236448,0.2019214165163266,1209.063002176387,0.6315646288925587,0,54.0
2025-05-05,23,49377,571,Employed,High School,3,20768,36,Single,1,Mortgage,351,0.15343772557009053,3,1,0.32715644859444565,0,Home,0,24,24,975,1362,57736,34530,4114.75,0.8397402124297546,5,23206,0.22026800000000002,0.2043089926121846,776.3805652321046,0.27398519113727554,0,54.0
2025-05-06,46,165512,580,Employed,Associate,20,31647,72,Single,1,Own,190,0.28568788865534483,2,1,0.14284842040765033,0,Education,0,21,1,11442,829,109016,17361,13792.666666666666,0.8304704194500783,6,91655,0.256647,0.2600897433801541,872.1785845148919,0.07701038603955426,1,40.0
2025-05-07,26,51923,432,Employed,Associate,5,22969,108,Single,2,Rent,390,0.09818980184156681,7,3,0.1984927120259823,0,Debt Consolidation,0,36,22,11503,493,39380,40718,4326.916666666667,0.8712325679139249,5,5859,0.351969,0.3470410993751724,696.2970336792181,0.2510556863846584,0,49.0
2025-05-08,35,144912,607,Employed,Bachelor,16,35712,84,Widowed,0,Rent,269,0.2352833987346649,8,2,0.25831349903756523,0,Education,0,14,7,687,629,29187,8407,12076.0,0.6906026666873436,3,20780,0.257212,0.2626908110235439,933.1067785305246,0.09954511249838725,1,38.400000000000006
2025-05-09,22,42519,532,Employed,Associate,0,8596,60,Single,5,Mortgage,745,0.08052352819623947,1,1,0.48559414764223424,0,Other,0,20,7,2346,1298,7487,16117,3543.25,0.9715703039223565,4,9265,0.24759599999999998,0.23870849498416913,246.64546497731794,0.279868895781364,0,57.0
2025-05-10,40,38638,611,Employed,Doctorate,17,34760,36,Married,1,Mortgage,237,0.2548476826733884,4,2,0.39615242570226405,0,Debt Consolidation,0,25,5,8698,810,33774,98192,3219.8333333333335,0.6046823459785863,1,6832,0.21425999999999998,0.20898949054388216,1307.7825660781054,0.4797709713995876,0,54.0
2025-05-11,56,61849,627,Employed,Bachelor,34,21116,84,Single,1,Mortgage,423,0.1632784817673525,2,2,0.0836549353281337,0,Education,0,26,28,880,854,170986,8661,5154.083333333333,0.9809585170116905,4,162325,0.23261600000000002,0.23557988998544238,515.168256840022,0.1820242701107579,1,33.6
2025-05-12,48,50101,577,Employed,Bachelor,26,17056,36,Single,0,Mortgage,473,0.28713038544931374,1,2,0.7148947452593943,0,Auto,0,26,10,4893,1224,546335,12400,4175.083333333333,0.9453880182195817,4,533935,0.213556,0.19796922253733096,632.0986123995841,0.2646889952055849,1,40.0
2025-05-13,36,43821,627,Employed,Master,14,23146,24,Married,1,Mortgage,910,0.14745840985623407,6,0,0.6562449162627362,0,Auto,0,30,3,8684,1868,154832,12468,3651.75,0.8153301900442269,6,142364,0.184646,0.1908047999810483,1167.663093369338,0.5689499810691689,0,54.0
2025-05-14,50,95180,627,Employed,High School,32,17235,36,Widowed,0,Rent,336,0.20848063475887382,1,0,0.09393938561702922,0,Debt Consolidation,0,19,21,3582,1063,10679,122451,7931.666666666667,0.802407179596085,7,3714,0.188735,0.20492822360719548,644.850373529704,0.12366258123929867,1,36.800000000000004
2025-05-15,36,30390,587,Employed,High School,14,18348,36,Married,2,Own,886,0.08617324026726754,2,1,0.5172811805166897,0,Debt Consolidation,0,30,1,2514,1780,26255,10444,2532.5,0.9837163090300955,8,15811,0.209848,0.18903277935947985,671.6677327066981,0.6150711678999795,0,62.0
2025-05-16,25,18899,534,Employed,Master,5,23580,48,Married,3,Mortgage,346,0.3648199081824303,2,4,0.14315901887547336,0,Auto,0,23,8,13331,720,73109,32771,1574.9166666666667,0.6959003907206601,7,40338,0.25157999999999997,0.24673715824566095,777.5600707816792,0.7134092200317557,0,53.0
2025-05-17,43,101001,642,Employed,Bachelor,23,24725,24,Married,2,Mortgage,825,0.1837131693832542,1,3,0.17235991467234604,1,Home,1,29,3,4195,6725,22054,3775,8416.75,0.6827955992418228,5,18279,0.178725,0.21447,1275.9453043369906,0.24961479244803403,0,66.0
2025-05-18,50,15000,516,Employed,High School,24,20136,72,Divorced,2,Rent,723,0.13478766131423098,3,1,0.08335242390773913,0,Debt Consolidation,1,23,6,4102,201,42860,40752,1250.0,0.7298531237115936,4,2108,0.277136,0.3204395043302378,632.5523887202537,1.084441910976203,0,59.0
2025-05-19,46,52569,532,Employed,Bachelor,21,17327,24,Married,3,Mortgage,281,0.41864174722326764,2,0,0.24162788102252522,0,Other,0,14,13,803,893,53502,68365,4380.75,0.8070063888760354,2,3985,0.226327,0.23789546967294065,914.2785032692468,0.2728479149162237,0,53.0
2025-05-20,43,40457,625,Employed,Bachelor,20,32551,24,Single,1,Mortgage,372,0.02919369319160276,1,1,0.24896114515469137,0,Home,0,20,13,3706,2861,42376,12578,3371.4166666666665,0.5281205737017536,4,29798,0.195051,0.20862616746277643,1670.4586139548376,0.6058161348458376,0,49.0
2025-05-21,24,102806,455,Employed,High School,3,25618,72,Married,1,Mortgage,164,0.37004070115221216,6,0,0.6872610919647323,0,Auto,0,24,1,1981,687,33304,10012,8567.166666666666,0.8040615878463325,4,23292,0.313118,0.3310360441277761,822.665734235387,0.11516826654888475,0,61.0
2025-05-22,44,25089,624,Employed,High School,23,38794,48,Single,2,Own,382,0.3275395901091316,3,0,0.5362841626786549,0,Home,0,21,10,3105,315,232702,17198,2090.75,0.7763501258520762,6,215504,0.22179400000000002,0.22952949326243371,1242.4049536123491,0.7769484412829603,0,53.0
2025-05-23,59,45632,527,Employed,High School,31,20157,60,Single,1,Own,851,0.39986172476719545,3,0,0.09668542761899104,0,Home,0,24,18,27956,526,43705,35029,3802.6666666666665,0.8496733856856029,5,8676,0.26165700000000003,0.2909683971799455,641.0097711603322,0.3923588107890074,0,51.0
2025-05-24,40,59000,613,Employed,Master,21,20305,24,Divorced,0,Rent,185,0.38542610893219076,2,3,0.28931195987065517,0,Debt Consolidation,0,19,17,112,1438,9226,6981,4916.666666666667,0.5338392522547165,4,2245,0.18880499999999997,0.20623189675167314,1039.6314089530147,0.24907757470230804,0,49.0
2025-05-25,28,55575,493,Employed,High School,8,23226,48,Single,1,Rent,751,0.18451314739153182,3,0,0.36169617970999646,0,Debt Consolidation,0,32,7,1690,1551,55656,18275,4631.25,0.8888807765660853,7,37381,0.27172599999999997,0.3033865810111364,840.8561920790211,0.34372063526672525,0,54.0
2025-05-26,41,15000,614,Employed,High School,20,31842,72,Married,0,Rent,162,0.391704555092042,5,0,0.2686100849070228,0,Debt Consolidation,1,38,28,7649,3907,66047,124124,1250.0,0.8551959269991791,3,8122,0.239842,0.24583090178874695,849.6056916637834,0.8092845533310268,0,57.0
2025-05-27,30,27364,615,Unemployed,Associate,10,23798,24,Married,0,Rent,553,0.26081938549400197,3,2,0.4313312617841718,0,Home,0,19,21,1380,2294,89485,114337,2280.3333333333335,0.8353463596840814,7,3141,0.191298,0.19003287233332922,1199.662280536562,0.7685991582531334,0,58.0
2025-05-28,33,48433,582,Unemployed,Bachelor,13,35549,48,Single,0,Mortgage,425,0.11596068191940866,0,0,0.29313995926957137,0,Debt Consolidation,0,24,6,4138,407,67776,36665,4036.0833333333335,0.8995133224158969,7,31111,0.239549,0.2533445565827201,1185.3437758000734,0.3989867509673339,0,57.0
2025-05-29,34,84855,560,Employed,Master,8,19807,12,Single,0,Rent,595,0.5705074767998735,0,1,0.3650710976934832,0,Debt Consolidation,0,26,8,11320,4517,168733,14421,7071.25,0.5654026012291444,4,154312,0.204807,0.203591969850538,1838.2184117227182,0.3441001819653835,1,40.800000000000004
2025-05-30,56,86593,506,Employed,High School,32,15439,36,Married,0,Mortgage,450,0.2114797991722061,3,0,0.2266491308787511,0,Auto,0,29,21,2400,630,110947,5893,7216.083333333333,0.7191543340564898,2,105054,0.247439,0.2336206006718011,600.5567419788929,0.14558545036835213,1,37.6
2025-05-31,38,138252,570,Employed,High School,16,43756,24,Married,2,Mortgage,476,0.5037656537492484,3,0,0.10564393479287346,0,Home,0,21,23,940,2235,46916,4061,11521.0,0.7622319690546443,6,42855,0.233756,0.2479765412366205,2330.884297276907,0.2436320021939855,1,39.2
2025-06-01,56,117894,620,Self-Employed,Doctorate,33,35804,84,Married,1,Rent,544,0.23168488586975453,3,1,0.46535662076002715,0,Education,0,26,10,25297,200,33737,72683,9824.5,0.841671958372017,5,10086,0.250804,0.30096480000000003,1026.0669886908122,0.15981138874149445,0,55.0
2025-06-02,61,71437,670,Employed,Bachelor,37,12160,72,Married,0,Mortgage,476,0.1699281165126531,1,1,0.5467887690888765,0,Home,0,19,4,4337,184,22011,67532,5953.083333333333,0.7036945376867266,12,6450,0.19216,0.1760347791698701,274.6239322220941,0.12608994200015577,1,43.2
2025-06-03,45,248296,674,Employed,Master,22,22212,108,Married,1,Rent,486,0.5777486737304306,3,0,0.1602097007914126,0,Home,0,28,25,1439,2046,89003,91576,20691.333333333332,0.818032178458953,7,8377,0.230212,0.22455500935588366,480.5339205362625,0.0467120172956276,1,34.4
2025-06-04,41,56314,567,Employed,Master,17,19967,72,Single,5,Rent,591,0.36836822610681436,1,1,0.3629265082267231,0,Home,0,18,20,4317,3614,51509,25079,4692.833333333333,0.9365394925104491,4,26430,0.251467,0.26306967014384486,553.977914453105,0.24398435510596406,0,54.0
2025-06-05,55,49779,637,Employed,High School,30,18184,72,Divorced,0,Mortgage,333,0.3520950972072414,3,1,0.2777905615429643,0,Debt Consolidation,0,25,6,7841,1968,52065,104208,4148.25,0.7477804904621713,5,3833,0.214684,0.22437369590604705,461.6261660159901,0.19155696161417227,0,52.0
2025-06-06,18,129103,500,Employed,Master,0,28344,60,Divorced,1,Other,609,0.6171650133962484,3,2,0.14657435580858785,0,Home,0,22,6,3706,813,30233,35996,10758.583333333334,0.8193902115973571,8,3527,0.283344,0.26743207415578857,861.1482999666953,0.136648874151649,1,41.6
2025-06-07,38,140482,411,Employed,High School,15,54221,36,Single,1,Mortgage,802,0.2623639131374457,5,3,0.10871567252227148,0,Debt Consolidation,0,26,13,7886,4841,135091,24074,11706.833333333334,0.8862084771633226,3,111017,0.33372100000000005,0.33440710268309787,2405.1305593527845,0.27395372156029535,0,44.0
2025-06-08,41,15000,621,Employed,Associate,15,49714,36,Married,3,Mortgage,553,0.079540541441576,4,0,0.0949181293668406,0,Education,0,22,4,991,473,53588,21117,1250.0,0.6701894401921189,9,32471,0.22421400000000002,0.2556487083594372,1991.5024747672162,2.035601979813773,0,51.0
2025-06-09,31,58958,514,Employed,Bachelor,8,15898,36,Married,0,Own,298,0.3510186512858047,3,0,0.31431859546498103,0,Home,0,32,21,6708,6248,26313,29651,4913.166666666667,0.7661130696755372,10,3820,0.243898,0.2564394421696357,637.5287392872544,0.19041257965750283,1,43.2
2025-06-10,41,70452,602,Employed,Master,19,29210,36,Divorced,0,Mortgage,156,0.09147868161153996,3,2,0.26022937301714516,0,Debt Consolidation,0,20,9,1171,1902,9332,4925,5871.0,0.782831630955164,1,4407,0.21320999999999998,0.20644794666594962,1095.1687098000205,0.2131099829330643,0,49.0
2025-06-11,28,34729,535,Employed,High School,4,13317,36,Married,1,Rent,452,0.2659298610784155,3,1,0.2532962915218457,0,Home,0,25,13,1176,6786,43106,86755,2894.0833333333335,0.7617336394028756,2,2785,0.230817,0.21497838486876558,505.12925390191816,0.3307193137384612,0,53.0
2025-06-12,34,42155,550,Employed,High School,12,23925,72,Married,0,Rent,713,0.19772567072283442,2,1,0.049234435795688564,0,Debt Consolidation,0,19,9,10462,3471,31802,19728,3512.9166666666665,0.7566889518376012,6,12074,0.26392499999999997,0.23855331936896826,627.7699629047162,0.38166859340188813,0,51.0
2025-06-13,56,100851,512,Employed,Bachelor,34,25774,24,Widowed,3,Mortgage,313,0.0543842783223363,1,1,0.1941205910593556,0,Auto,0,36,7,3332,3557,79199,38761,8404.25,0.88154037822272,6,40438,0.244774,0.25194414375691576,1378.1129598239313,0.201221163081052,1,39.2
2025-06-14,23,116847,649,Employed,Doctorate,5,16369,60,Single,1,Rent,289,0.38655168491388453,5,2,0.2833501269930974,0,Home,0,23,13,744,2353,59192,7809,9737.25,0.4541053673157587,2,51383,0.19686900000000002,0.20924903781675597,442.14524265953133,0.07508744693414786,1,36.800000000000004
2025-06-15,39,24648,454,Employed,Associate,16,33938,60,Divorced,2,Own,119,0.5907610139321088,4,0,0.33347582621758026,0,Auto,0,23,28,8170,252,198813,30945,2054.0,0.6617971645562282,4,167868,0.311938,0.2903188544026459,1077.9144820602173,0.582723701100398,0,53.0
2025-06-16,55,157637,657,Employed,Master,36,27055,36,Divorced,1,Mortgage,540,0.18401422347880567,5,1,0.2665014026079352,0,Auto,0,21,19,10538,6206,37767,26901,13136.416666666666,0.9169338038181155,8,10866,0.183555,0.19756863723325957,1002.1121909311365,0.11739214962967855,1,34.4
2025-06-17,41,65382,560,Employed,Master,17,22953,48,Married,1,Other,838,0.10158032172131512,0,0,0.48751376646957406,0,Debt Consolidation,1,28,22,2710,1020,36333,8890,5448.5,0.8408523213207507,3,27443,0.237953,0.21018187928516138,710.9801565531882,0.284294788758959,0,61.0
2025-06-18,56,25232,656,Unemployed,Bachelor,34,32545,12,Widowed,1,Rent,386,0.08496068135742929,5,1,0.1257611358590465,0,Debt Consolidation,0,31,10,13680,1169,132853,21166,2102.6666666666665,0.7633622436188254,3,111687,0.169545,0.16341237504810044,2958.093706522569,1.5904060113455465,0,44.0
2025-06-19,48,60923,620,Employed,Doctorate,20,25584,48,Married,0,Rent,183,0.16873799957004257,0,1,0.24691064353121128,0,Debt Consolidation,0,22,1,1524,2463,71451,151123,5076.916666666667,0.7798513694962932,10,7127,0.21058400000000002,0.2258829733735524,814.2447564961808,0.19642724550587085,0,52.0
2025-06-20,34,61511,556,Employed,Bachelor,13,12395,60,Single,3,Mortgage,247,0.3276696641153061,6,1,0.5297250029875229,0,Debt Consolidation,0,26,10,629,1409,66265,30296,5125.916666666667,0.7920109505617998,7,35969,0.23939499999999997,0.284456038429913,389.26741711618996,0.12412753825160182,0,58.0
2025-06-21,48,48973,578,Employed,High School,28,22481,72,Divorced,0,Own,464,0.29253065237594844,3,1,0.1751481368828534,0,Education,0,22,13,2497,484,24911,84668,4081.0833333333335,0.8471395256466446,6,7991,0.248481,0.29477949844557966,668.7742726057718,0.2775670526875883,0,51.0
2025-06-22,25,256036,610,Employed,High School,3,18494,84,Single,0,Rent,372,0.2997723586202135,3,1,0.2322248495697704,0,Debt Consolidation,0,24,25,1713,393,154993,184402,21336.333333333332,0.668853800673688,3,9716,0.238494,0.22344382922884534,437.18058041750396,0.03792500650303101,1,37.6
2025-06-23,21,26810,574,Employed,Master,0,27630,36,Married,2,Mortgage,294,0.07149613197715034,1,0,0.05923460941241,0,Debt Consolidation,0,23,25,3916,1322,370825,18617,2234.1666666666665,0.9123015713839909,7,352208,0.22563,0.22404189447140183,1060.988396710527,0.6064849220636451,0,45.0
2025-06-24,57,71040,555,Employed,Associate,35,52042,24,Married,0,Mortgage,208,0.1263083617957748,2,1,0.045258261616215496,0,Home,0,19,23,6874,9400,216395,11554,5920.0,0.6498767218959312,4,204841,0.24954199999999999,0.2722859033185207,2836.090443804825,0.5142044668589232,0,45.0
2025-06-25,47,36801,525,Employed,High School,24,11835,60,Married,5,Mortgage,439,0.05082736694187747,7,0,0.5484155186370755,0,Home,0,20,5,6271,1141,14224,7391,3066.75,0.9143108346803307,2,6833,0.25433500000000003,0.238385114425926,339.36043709772383,0.25380628910009745,0,60.0
2025-06-26,41,100320,536,Employed,Bachelor,21,27217,84,Single,5,Mortgage,376,0.15768287043026413,5,2,0.36113033123796684,0,Other,0,19,6,3234,255,240696,99965,8360.0,0.8341760885044701,7,140731,0.284217,0.26462587524279424,714.5609630691924,0.1304498759652144,1,40.0
2025-06-27,58,36043,644,Employed,High School,36,26005,12,Married,1,Own,186,0.3069657390141438,2,2,0.32717362184554216,0,Debt Consolidation,0,21,16,1895,1572,139569,103685,3003.5833333333335,0.752882958320504,4,35884,0.16900500000000002,0.16739655808413947,2368.567821237158,0.8505067240475515,0,52.0
2025-06-28,27,38567,509,Employed,Bachelor,6,31675,60,Single,3,Mortgage,228,0.48589622676823085,6,0,0.19152414993157077,0,Home,0,24,26,2721,1292,33798,9667,3213.9166666666665,0.848080329005921,5,24131,0.282175,0.29754141413692176,1020.0155718357754,0.3883160956784118,0,52.0
2025-06-29,44,45780,611,Employed,Bachelor,25,47340,48,Widowed,2,Other,567,0.23845592988710354,3,2,0.03587144124111893,0,Home,0,18,25,5981,574,274838,24349,3815.0,0.7950005491945645,5,250489,0.23684,0.23174436712460633,1521.8445901929467,0.5475346239037868,0,42.0
2025-06-30,54,98875,577,Unemployed,High School,31,22483,48,Single,3,Rent,360,0.5957868944144464,3,1,0.16540653851298925,0,Home,0,29,26,1556,425,29063,18745,8239.583333333334,0.7570336599274066,2,10318,0.22898300000000002,0.22928519068395045,719.7330099857759,0.13104218578841273,1,42.400000000000006
2025-07-01,29,76730,492,Employed,Bachelor,5,21855,60,Married,1,Rent,804,0.1939600346382259,5,2,0.40387573373583935,0,Auto,0,20,3,3304,921,79975,82919,6394.166666666667,0.9280724139093043,5,2517,0.28085499999999997,0.2732168318180872,671.557926932074,0.23076625991378713,0,58.0
2025-07-02,32,45261,502,Self-Employed,Bachelor,8,27244,84,Divorced,2,Mortgage,127,0.3336542275543687,7,0,0.21828396247234322,0,Debt Consolidation,0,17,5,12019,845,127732,38387,3771.75,0.771353561669423,6,89345,0.30124399999999996,0.263268683230902,712.8700290316854,0.2226738328446173,0,56.0
2025-07-03,40,67159,521,Employed,Associate,12,28653,60,Divorced,1,Rent,199,0.41842684560693016,2,2,0.1815008330619955,0,Auto,0,24,10,5910,1106,13188,16220,5596.583333333333,0.9106676412993143,9,5767,0.27315300000000003,0.2975068988206693,922.6388710735802,0.20041493251660927,0,51.0
2025-07-04,23,63333,490,Employed,Associate,2,24795,108,Divorced,5,Own,732,0.028342371397949446,0,1,0.43673065750685097,0,Debt Consolidation,0,23,12,8282,797,119394,16936,5277.75,0.653225107943648,7,102458,0.324795,0.259836,595.8171952739681,0.25158774009264706,0,51.0
2025-07-05,42,60027,548,Employed,Bachelor,16,28999,120,Married,0,Own,198,0.1851570433110891,0,0,0.027925632051528076,0,Home,0,24,2,24573,1539,26112,10864,5002.25,0.8806424390307775,4,15248,0.309999,0.3142118743080797,795.076402310084,0.1985259437873125,0,53.0
2025-07-06,56,34046,624,Employed,High School,36,26030,60,Single,3,Rent,338,0.355811118765052,0,3,0.18598417255758784,0,Home,0,23,18,3228,4618,46027,10563,2837.1666666666665,0.7600482140433811,5,35464,0.21903,0.23914564232962052,747.5398746635029,0.3826140661446876,0,48.0
2025-07-07,32,16214,524,Self-Employed,Bachelor,9,32654,36,Single,4,Own,1913,0.41203600316327055,7,0,0.25546872932759157,0,Home,0,21,22,17453,1203,46192,25789,1351.1666666666667,0.8489666397490142,4,20403,0.25565400000000005,0.24884373932079673,1296.3212932788224,2.375222370750331,0,58.0
2025-07-08,42,53845,608,Self-Employed,Bachelor,21,11712,60,Divorced,1,Own,1110,0.46591116792749193,3,0,0.39961971805495206,0,Auto,0,18,6,4923,294,57441,140792,4487.083333333333,0.8120501343997172,6,8595,0.212712,0.17016960000000003,291.1801834021477,0.3122697037947028,0,57.0
2025-07-09,62,66397,616,Employed,Master,40,25978,72,Single,0,Rent,1059,0.40268988969883734,2,2,0.4692557631266066,0,Other,0,15,1,16822,2407,249464,4353,5533.083333333333,0.90216794752757,7,245111,0.23297800000000002,0.20811756036414272,634.5303944955298,0.30607353847231594,0,54.0
2025-07-10,20,56000,588,Employed,Doctorate,0,29256,72,Single,2,Other,536,0.26306100968398216,4,0,0.3964508409526422,0,Debt Consolidation,0,26,9,2643,176,60554,1949,4666.666666666667,0.8344488555301622,2,58605,0.25025600000000003,0.24401194228662745,777.3585089687654,0.28143396620759253,0,53.0
2025-07-11,42,23026,493,Employed,Bachelor,17,23365,36,Divorced,0,Mortgage,813,0.09423573117638862,2,1,0.1802257250160912,0,Home,0,36,2,3535,809,20578,29101,1918.8333333333333,0.9849324370217032,8,1714,0.261865,0.22119826896121847,893.7689881822066,0.8894826656035125,0,55.0
2025-07-12,51,15000,639,Employed,Bachelor,30,11656,60,Married,2,Mortgage,815,0.27972968903940343,3,0,0.08954504470834776,0,Debt Consolidation,0,34,3,6474,3738,38369,2001,1250.0,0.9103893199445652,3,36368,0.197156,0.18943292866860104,301.999484530964,0.8935995876247713,0,52.0
2025-07-13,43,43274,585,Employed,Associate,21,9648,48,Single,3,Mortgage,240,0.19513444639390332,3,0,0.32043526999409017,0,Home,0,24,13,1034,1356,51974,12609,3606.1666666666665,0.6627314193657119,4,39365,0.212148,0.24993982863954808,319.86759506299205,0.15525283405176096,0,54.0
2025-07-14,49,24351,610,Employed,High School,26,11607,48,Married,1,Rent,567,0.21450954114232315,4,4,0.17254866596467905,0,Home,0,24,8,19094,465,80541,10242,2029.25,0.9778487253974328,8,70299,0.201607,0.17355658571575613,337.06003708592306,0.4455143708690024,0,48.0
2025-07-15,41,63890,625,Employed,Bachelor,23,16204,84,Divorced,3,Rent,827,0.265216249111744,3,0,0.1752102491838468,0,Home,0,32,9,30634,1810,163401,6012,5324.166666666667,0.8100660794202449,7,157389,0.22870400000000002,0.23025028238789672,389.914211747971,0.22856425952380108,1,35.2
2025-07-16,50,62896,647,Employed,Associate,23,11679,48,Widowed,0,Mortgage,572,0.4539716257088927,2,2,0.12932640463166112,0,Debt Consolidation,1,30,29,35625,99,35724,47418,5241.333333333333,0.6495563319071838,4,8893,0.183179,0.1633320420025066,332.98256437506706,0.1726626617352583,1,43.2
2025-07-17,59,72651,573,Employed,Bachelor,36,65781,48,Married,0,Rent,481,0.5841142344258449,2,1,0.12819317495695104,0,Education,0,21,28,5810,1561,27941,15318,6054.25,0.8593844978508909,4,12623,0.274281,0.27157977719801474,2261.0264115928076,0.45290934659004956,0,51.0
2025-07-18,18,15961,559,Employed,Bachelor,0,66680,24,Single,3,Rent,809,0.29871453319286567,3,1,0.22760166408725382,0,Home,0,23,1,5931,2015,45944,12113,1330.0833333333333,0.662047390601296,3,33831,0.26218,0.2454974936853579,3543.767231986091,3.272552270148054,0,58.0
2025-07-19,42,51848,626,Self-Employed,Bachelor,21,23258,60,Married,2,Rent,249,0.06229816192044116,1,0,0.1496758544995856,0,Debt Consolidation,0,21,25,1645,468,40507,77450,4320.666666666667,0.8600113853430549,3,7666,0.215258,0.22754937713740564,652.3834505961056,0.20862138186918042,0,49.0
2025-07-20,54,20362,608,Employed,Bachelor,30,20126,72,Married,0,Own,132,0.3078032762618007,2,2,0.2119273712003992,0,Home,0,32,27,337,684,18167,9769,1696.8333333333333,0.5486835167777718,4,8398,0.231126,0.2533306187090367,546.2581010967191,0.3997199299263643,0,51.0
2025-07-21,41,209218,615,Employed,Associate,18,18532,36,Single,1,Own,457,0.1788063580884036,5,2,0.045441649577326326,0,Auto,0,31,20,11479,547,34896,45563,17434.833333333332,0.6828129358765115,5,2802,0.19603199999999998,0.18774723384150702,677.2004367539524,0.0650537011205892,1,35.2
2025-07-22,35,48083,493,Employed,High School,11,13570,72,Single,0,Own,808,0.23286177592658333,4,0,0.3137069030979957,1,Debt Consolidation,0,32,10,14349,205,66193,46692,4006.9166666666665,0.8692017918362774,2,19501,0.28207,0.2912206291556028,400.59283059423984,0.30162664490840585,0,67.0
2025-07-23,37,15000,616,Unemployed,Master,12,14339,36,Married,1,Mortgage,342,0.1330113266065664,2,0,0.31106668831598505,0,Home,0,21,27,4068,959,349635,81997,1250.0,0.8080100994600836,5,267638,0.191339,0.19434498129264197,528.7660034891436,0.6966128027913149,0,49.0
2025-07-24,38,96845,523,Employed,High School,12,24649,48,Single,2,Mortgage,890,0.42289006908004495,0,0,0.0321430936033895,1,Education,0,26,8,3167,2217,68542,20562,8070.416666666667,0.771554764015739,8,47980,0.258149,0.299234307323897,886.4143656851816,0.22011433102609507,0,63.0
2025-07-25,47,139716,513,Employed,Master,25,31675,48,Married,2,Rent,663,0.06386325442525755,7,1,0.37669110356864793,0,Education,0,22,11,522,2560,32543,2642,11643.0,0.8826016864467932,5,29901,0.270175,0.3095925803731745,1158.229559404283,0.15642270543711098,0,51.0
2025-07-26,19,30420,535,Employed,Master,0,21904,60,Married,1,Own,354,0.5178726040390765,3,2,0.1450635410566039,0,Debt Consolidation,0,18,17,2128,450,396121,39753,2535.0,0.9216346708454954,7,356368,0.259404,0.27024048672031975,669.1606886290888,0.4036136838773526,0,46.0
2025-07-27,38,49253,619,Employed,High School,15,40419,48,Married,0,Own,1096,0.1649962247456339,4,1,0.11942176978189932,0,Education,0,16,22,5695,1415,314696,41377,4104.416666666667,0.7783134994050583,2,273319,0.225919,0.2711028,1388.1878432366059,0.6052474797238597,0,41.0
2025-07-28,59,47058,591,Employed,High School,34,27144,24,Single,0,Own,513,0.12388619347910634,3,0,0.4200137245819557,0,Other,0,23,19,1624,781,50421,2188,3921.5,0.9204599750760314,1,48233,0.206644,0.21388476918636892,1399.9969210407223,0.48782275176354006,0,56.0
2025-07-29,26,34507,590,Employed,Doctorate,2,16227,96,Divorced,0,Own,831,0.28271701273465655,4,1,0.43329837395106413,0,Auto,1,27,17,1133,911,133866,14137,2875.5833333333335,0.7017327432898584,3,119729,0.256227,0.2424681397869953,384.17767604187554,0.4225847541803839,0,59.0
2025-07-30,23,52341,505,Self-Employed,High School,1,14522,60,Married,2,Mortgage,706,0.13098216822081205,3,2,0.6826587763784425,1,Home,0,32,15,16815,2362,36657,25830,4361.75,0.8825118058079537,6,10827,0.267022,0.2567499455751285,432.00573260050817,0.2609057677768116,0,72.0
2025-07-31,49,38780,579,Employed,High School,24,49418,36,Married,1,Mortgage,363,0.3530136397696937,2,0,0.3318900630080107,0,Home,0,13,23,2040,1021,3352,50089,3231.6666666666665,0.8044164549877872,3,5701,0.244918,0.24887900643206753,1961.9223713114038,0.7194189906069326,0,55.0
2025-08-01,63,74219,648,Employed,Associate,43,18259,24,Married,0,Other,715,0.358966402157811,2,2,0.2870862519440044,0,Auto,0,17,15,773,293,9416,13418,6184.916666666667,0.8732738993650885,4,8979,0.169259,0.1354072,872.7107860182641,0.25670690028455206,1,39.2
2025-08-02,33,27519,594,Unemployed,Bachelor,9,49094,36,Single,2,Rent,437,0.14053266314233268,3,1,0.09487298221161888,0,Debt Consolidation,0,23,9,435,1043,22586,8494,2293.25,0.9014051387072063,2,14092,0.237094,0.2503428232543051,1952.8591505768313,1.0421276139002862,0,55.0
2025-08-03,34,46428,586,Employed,Bachelor,10,21447,24,Single,0,Mortgage,1005,0.006611260241803728,1,2,0.2844905298672427,0,Auto,0,17,9,11360,1141,43185,12082,3869.0,0.6361575439644265,7,31103,0.203447,0.19658075795113006,1087.9831941511263,0.5409623143321599,0,53.0
2025-08-04,48,45106,654,Employed,Bachelor,25,31216,48,Single,0,Mortgage,554,0.42877980477995303,5,0,0.47093753578384345,0,Other,1,26,27,3311,734,14875,22820,3758.8333333333335,0.9412259246749083,4,10526,0.199216,0.20449243882555324,957.4018996802589,0.402093353349069,0,58.0
2025-08-05,37,63937,615,Employed,Associate,17,18007,48,Single,3,Own,426,0.09160407893105181,3,0,0.37953620828821466,0,Debt Consolidation,0,12,20,314,1477,13936,61700,5328.083333333333,0.8885612716750492,7,5305,0.205507,0.20062069852048542,548.5552114341082,0.18290915334171604,1,40.0
2025-08-06,46,85036,632,Employed,Bachelor,24,26562,36,Single,0,Mortgage,368,0.14907511208308363,5,2,0.21411525528211484,0,Home,0,28,10,3237,4292,134969,29182,7086.333333333333,0.8637661344393348,3,105787,0.195562,0.18680269568890726,969.3686817054615,0.1887250597448791,1,34.4
2025-08-07,44,15000,526,Unemployed,High School,21,31666,24,Married,0,Other,216,0.45849613083933055,2,1,0.4733361447776831,0,Home,0,32,4,26828,2171,28999,3860,1250.0,0.7993269203960318,1,25139,0.243666,0.24367313872772822,1680.0270965672617,1.5168216772538092,0,65.0
2025-08-08,40,49445,592,Employed,Associate,16,36054,60,Married,0,Rent,222,0.1766566363100179,5,1,0.4998423011099135,0,Debt Consolidation,0,20,24,840,1240,84260,5762,4120.416666666667,0.8245633944404577,7,78498,0.245054,0.22133708430073268,998.515095598481,0.2962115713860202,0,54.0
2025-08-09,32,94681,608,Employed,Master,9,23199,12,Single,3,Mortgage,499,0.2800648819058326,2,0,0.31058785456060667,0,Home,0,29,6,313,17597,66525,25207,7890.083333333333,0.771070995172857,4,41318,0.184199,0.1869869097936796,2134.605814243368,0.33378681859000664,1,41.6
2025-08-10,51,109738,641,Employed,Master,29,14548,12,Married,1,Rent,429,0.22722770463053868,5,1,0.47045614701236627,0,Debt Consolidation,0,27,21,4440,434,57733,14457,9144.833333333334,0.9662077933095744,4,43276,0.15904800000000002,0.13053182515282627,1299.7507473765857,0.18904125251525475,1,41.6
2025-08-11,55,44459,514,Employed,High School,34,31245,60,Divorced,0,Mortgage,253,0.41668964095348837,3,0,0.3187231150507299,0,Auto,0,26,11,8793,1824,111048,120031,3704.9166666666665,0.8609977689444365,4,5801,0.279245,0.3184882898749417,1046.6497087699995,0.3507905374668795,0,56.0
2025-08-12,43,116923,601,Employed,Doctorate,21,18747,96,Single,3,Mortgage,536,0.3412121035842348,3,0,0.2598660888059895,0,Home,0,19,24,2947,3798,53925,42391,9743.583333333334,0.8277026971654255,4,11534,0.253247,0.27948026175749996,490.40484816537213,0.10534161951014313,1,38.400000000000006
2025-08-13,41,34312,599,Unemployed,Bachelor,20,12549,36,Married,2,Own,693,0.12043277883129899,2,0,0.30787746725433834,0,Debt Consolidation,0,20,6,3921,2024,61753,22849,2859.3333333333335,0.6129453490717381,3,38904,0.198049,0.22250441817252364,480.87938724562946,0.4105430358751327,0,59.0
2025-08-14,38,56295,534,Employed,High School,13,30373,96,Single,1,Mortgage,215,0.2647916340267685,6,0,0.2962897434594965,0,Debt Consolidation,0,18,24,18945,627,47972,13288,4691.25,0.906216146682291,1,34684,0.298373,0.30077481561193736,839.2263742333184,0.2247218490238888,0,52.0
2025-08-15,33,22010,525,Employed,Associate,12,23031,72,Single,0,Rent,450,0.48433015826259057,4,0,0.048761448494868256,0,Home,0,25,23,3458,5968,77886,35133,1834.1666666666667,0.8695278279336113,8,42753,0.27553099999999997,0.26073899619699237,635.652675912433,0.5919051390708404,0,53.0
2025-08-16,25,62218,493,Employed,High School,0,15886,60,Married,1,Own,343,0.2508909335957871,4,0,0.12592953158861708,0,Education,0,23,17,2084,1461,160757,24909,5184.833333333333,0.9534009770752125,8,135848,0.274386,0.30987379951000155,523.6422478352162,0.1671494900836188,0,46.0
2025-08-17,21,19401,590,Employed,Master,0,28629,60,Married,3,Own,429,0.6988476200177561,4,0,0.1795973270985962,0,Auto,0,17,17,4634,534,80534,58788,1616.75,0.7801760290730221,4,21746,0.23862899999999998,0.24989403171807328,840.1211873957895,0.7849829518452386,0,54.0
2025-08-18,31,39570,603,Employed,Bachelor,8,41575,60,Married,1,Mortgage,604,0.32603910270224545,6,1,0.6008335464951791,0,Debt Consolidation,0,27,4,6539,4225,155958,101568,3297.5,0.8262462822756858,6,54390,0.245075,0.25593567005804174,1234.7911185842852,0.5576318782666521,0,57.0
2025-08-19,18,123936,553,Employed,High School,0,30655,36,Married,0,Own,348,0.027178813071861787,4,0,0.3504442275656593,0,Education,0,28,23,6962,1326,50975,24279,10328.0,0.7705542334617883,5,26696,0.23915499999999998,0.2276362580310921,1182.8731596356768,0.1482255189422615,1,40.800000000000004
2025-08-20,22,69920,531,Employed,Associate,2,31602,60,Married,2,Mortgage,992,0.08378167515098528,4,1,0.4930790744905298,0,Education,0,31,13,2267,2067,181622,44484,5826.666666666667,0.7906663225510001,5,137138,0.271102,0.24600658855094318,920.1764899506826,0.3281767431265473,0,51.0
2025-08-21,30,104354,584,Employed,Bachelor,12,33698,96,Divorced,1,Mortgage,680,0.6074128333334314,2,1,0.3060965501429127,0,Auto,1,27,9,3846,1283,88067,4339,8696.166666666666,0.7222359641719607,5,83728,0.276698,0.2879069466968877,901.0140637484508,0.18180586048432654,0,60.0
2025-08-22,36,77631,548,Employed,High School,14,31794,36,Single,1,Mortgage,348,0.2384486874105274,1,1,0.17706932289275457,0,Auto,0,23,27,3407,727,99409,210138,6469.25,0.7792689008486692,5,4892,0.24279399999999998,0.2632241098203492,1286.4668132502954,0.25265166955215757,0,50.0
2025-08-23,41,36415,589,Employed,Bachelor,15,14734,36,Married,1,Rent,381,0.09195294656536866,5,2,0.30005437373450994,0,Education,0,18,26,1127,3206,58781,3000,3034.5833333333335,0.9464030558740859,10,55781,0.205234,0.18129873699430687,533.6298226395959,0.30140211098929426,1,41.6
2025-08-24,36,45806,569,Employed,High School,14,18278,36,Divorced,3,Other,253,0.14311706587847137,2,1,0.13613073924199987,0,Debt Consolidation,0,29,29,712,2826,127785,38521,3817.1666666666665,0.7111900083361753,6,89264,0.218778,0.20773785767396225,686.5037713352688,0.24612594978874439,1,38.400000000000006
2025-08-25,36,74415,529,Employed,Associate,12,27622,48,Married,4,Rent,965,0.46015533746743337,4,0,0.18551728387661418,0,Auto,0,23,27,940,545,13052,26307,6201.25,0.9314382145087078,4,2768,0.258122,0.23115683009490826,887.0773771897113,0.2986619435097297,0,51.0
2025-08-26,31,25506,540,Employed,Master,9,24933,60,Married,3,Rent,550,0.3045720375466584,3,1,0.34022314154718897,0,Other,0,24,17,505,1951,35126,1685,2125.5,0.7780364740265366,7,33441,0.259933,0.2086033328478979,672.5640099694727,0.5751889014205942,0,56.0
2025-08-27,55,28418,604,Employed,High School,32,14782,60,Married,1,Mortgage,899,0.14198716364615097,5,0,0.4402157656533302,0,Education,0,19,24,36184,580,36764,30637,2368.1666666666665,0.4659613913333884,5,6127,0.21778199999999998,0.24115548790612923,426.24006245843975,0.5596059099690787,0,54.0
2025-08-28,48,104469,594,Employed,Associate,24,27084,12,Single,0,Mortgage,307,0.1375147380534621,1,2,0.3078804778679215,0,Home,0,20,21,4705,1918,55447,18065,8705.75,0.8475329552915505,3,37382,0.195084,0.18519407707102073,2489.760816509071,0.321254437183364,1,41.6
2025-08-29,53,207145,623,Employed,Master,29,12813,72,Married,1,Own,282,0.2600896923121092,2,2,0.0710319013837295,0,Home,0,22,4,3537,2567,8877,11958,17262.083333333332,0.7619341964562105,4,3660,0.216313,0.23375511652430378,332.4849176314165,0.03559737870369547,1,38.400000000000006
2025-08-30,46,52386,611,Employed,Bachelor,23,36107,60,Married,2,Own,242,0.32904394018176686,4,1,0.24311885816490764,0,Debt Consolidation,0,16,25,8564,1249,21971,49137,4365.5,0.8055009185457768,5,7171,0.235607,0.23015330747261994,1018.19139927952,0.288670575943081,0,49.0
2025-08-31,51,191223,532,Employed,High School,27,25054,24,Single,1,Mortgage,517,0.2704665340596976,2,0,0.6134468214792325,0,Education,0,19,29,5069,8020,13089,87639,15935.25,0.6891731165941225,6,2836,0.23405399999999998,0.1872432,1259.584316670802,0.11148769656395739,1,44.800000000000004
2025-09-01,49,45256,537,Employed,Bachelor,23,16106,60,Married,1,Mortgage,540,0.038437653276267775,4,0,0.23937986980943166,0,Debt Consolidation,0,27,23,9820,503,147042,12674,3771.3333333333335,0.9427533791845615,4,134368,0.252606,0.2020848,428.58095974055436,0.25682719455733277,1,38.400000000000006
2025-09-02,41,43511,593,Employed,High School,14,19883,36,Married,1,Other,1019,0.5668645594227261,4,3,0.10048311828381937,0,Home,0,18,27,1870,97,145514,52200,3625.9166666666665,0.6610505068964806,2,93314,0.208383,0.1996031162025785,738.521509535851,0.48471094928708175,0,50.0
2025-09-03,29,43093,470,Employed,Associate,7,32566,60,Widowed,5,Other,952,0.3673890430212157,1,0,0.1800818079853404,0,Debt Consolidation,0,26,27,3234,647,28653,23726,3591.0833333333335,0.8815219576935844,5,4927,0.302566,0.29696747591621264,1047.5627501119516,0.5568132411608246,0,51.0
2025-09-04,43,38883,459,Employed,High School,19,28915,24,Divorced,2,Mortgage,880,0.030220646468382458,3,0,0.36300831738950917,0,Debt Consolidation,0,24,24,4469,1248,11216,32403,3240.25,0.5135453387338069,2,1071,0.274415,0.3099983734435077,1631.637955371384,0.7751370898453466,0,54.0
2025-09-05,30,36763,523,Unemployed,Master,5,29879,72,Single,0,Mortgage,590,0.18028589007368243,4,2,0.06630262080586621,0,Auto,0,22,18,1634,3249,113637,26258,3063.5833333333335,0.8927764003192961,2,87379,0.283379,0.2745123397494633,850.3733709717053,0.470159683694488,0,51.0
2025-09-06,53,82927,668,Employed,Master,29,54615,48,Married,1,Rent,245,0.21360458606448016,2,3,0.3329002093024446,0,Debt Consolidation,1,22,29,2777,453,81465,28513,6910.583333333333,0.745636433241038,7,52952,0.215615,0.1954596062186553,1648.771016470728,0.2740392417143842,0,51.0
2025-09-07,42,78551,612,Employed,High School,17,25193,84,Married,2,Rent,560,0.09640411404283246,1,1,0.18240366555550022,0,Home,0,29,9,1752,470,37561,7704,6545.916666666667,0.9179223176905744,6,29857,0.244193,0.25262587441878553,641.911821245512,0.18361245375547278,0,47.0
2025-09-08,35,34176,520,Employed,High School,13,15338,12,Married,0,Own,746,0.5340637513685649,5,2,0.20415823091176272,0,Auto,0,15,4,1354,642,47630,19081,2848.0,0.7687517517596342,7,28549,0.220338,0.25068457507100117,1458.2975731759773,0.7739808894578571,0,57.0
2025-09-09,18,52318,569,Employed,Master,0,11237,120,Single,3,Mortgage,325,0.0800365284881285,2,4,0.24006624273743515,0,Auto,0,27,11,7282,1291,15293,26368,4359.833333333333,0.7441215286999836,2,4078,0.281737,0.23309995526849692,242.36907178935795,0.13013549565106264,0,51.0
2025-09-10,47,37910,582,Employed,Bachelor,29,23511,120,Married,2,Own,215,0.4156981221945133,4,1,0.16917704083134216,0,Home,0,21,28,5876,581,134220,10129,3159.1666666666665,0.88508559217147,4,124091,0.287511,0.30353836913662097,625.9455123359315,0.26619219593856974,0,48.0
2025-09-11,52,145767,603,Employed,Master,31,15840,96,Divorced,0,Mortgage,354,0.16138620883067692,5,1,0.08437018061624868,0,Home,1,26,8,1300,1099,33586,52160,12147.25,0.8458185160586476,4,5400,0.24934,0.2524849773734776,385.50937428784323,0.06087874821773185,1,40.800000000000004
2025-09-12,39,26205,525,Employed,High School,17,41205,72,Married,2,Mortgage,655,0.22868240430889109,5,0,0.5944900020777538,0,Auto,0,18,19,758,3931,74377,4173,2183.75,0.6751262714753489,3,70204,0.293705,0.28337712112231,1195.8016110965427,0.8475336513321318,0,58.0
2025-09-13,33,90226,577,Self-Employed,Associate,13,9554,60,Married,3,Own,1022,0.15366794939813877,2,1,0.5573392985969027,0,Auto,0,16,10,6808,381,12700,53068,7518.833333333333,0.8617280993734869,5,4028,0.22605400000000003,0.23275065187912827,270.84377640227973,0.1719473911824458,1,47.2
2025-09-14,59,87240,586,Employed,Bachelor,40,23738,36,Divorced,0,Own,531,0.38117494007856517,3,0,0.32684669218709095,0,Home,0,22,7,9909,3234,76685,25695,7270.0,0.8772944107667117,7,50990,0.215738,0.17259040000000003,849.387914257383,0.18987454116332642,1,41.6
2025-09-15,52,41684,608,Employed,Associate,31,24144,84,Married,1,Own,343,0.042166898715620064,1,1,0.5138935683579835,1,Debt Consolidation,0,20,3,533,544,47413,11978,3473.6666666666665,0.6047510792416445,10,35435,0.245144,0.24820188862479747,608.3511461612628,0.27387519801207066,0,70.0
2025-09-16,30,66093,449,Employed,Bachelor,7,15250,48,Divorced,1,Mortgage,258,0.3950067765533012,5,2,0.24050843721250112,0,Home,0,23,13,3914,2396,112801,7771,5507.75,0.642115243340532,5,105030,0.28575,0.2413610640204985,498.3261656168551,0.13732035143513324,1,38.400000000000006
2025-09-17,35,73268,584,Self-Employed,Bachelor,13,19632,60,Married,3,Mortgage,382,0.18344775743827407,3,1,0.3224932033864163,0,Debt Consolidation,0,33,29,977,335,31068,21049,6105.666666666667,0.9368172699306662,1,10019,0.232632,0.21517619681711578,536.8438430798788,0.1504903384418647,1,44.800000000000004
2025-09-18,33,26088,594,Employed,Bachelor,8,73546,108,Married,1,Mortgage,424,0.6356792611613473,0,1,0.2860908384185292,0,Debt Consolidation,0,27,10,2260,2125,88680,23952,2174.0,0.6854150692446936,5,64728,0.321546,0.3256295489166414,2112.9715143033336,1.1669602181708065,0,54.0
2025-09-19,38,71773,628,Employed,Associate,17,13546,84,Single,0,Own,499,0.5152410260715462,4,1,0.43168865069504875,0,Debt Consolidation,0,27,1,2087,2101,22389,34698,5981.083333333333,0.8799116418617353,7,7223,0.22454600000000002,0.23378992654546488,328.9588738325872,0.13842958335294675,0,58.0
2025-09-20,38,31359,607,Employed,High School,17,21813,48,Single,0,Rent,337,0.2234314792793044,4,2,0.564866133315614,0,Education,0,26,26,2041,1509,120057,85247,2613.25,0.7136687120730832,8,34810,0.213313,0.20358929784866403,667.9560654047697,0.3845617776350405,0,56.0
2025-09-21,18,15271,487,Employed,Master,0,70985,48,Single,1,Own,397,0.5548794671086845,3,1,0.11260031443512292,0,Auto,0,18,2,6602,856,38788,13119,1272.5833333333333,0.7074946068945979,8,25669,0.32248499999999997,0.37042474104447626,2854.638164464863,2.555147532812413,0,57.0
2025-09-22,32,53587,608,Employed,Associate,9,31097,48,Married,1,Mortgage,429,0.4044112038640691,5,1,0.3853705950066973,0,Home,0,22,1,1528,651,33607,26342,4465.583333333333,0.8042279548282818,3,7265,0.22209700000000002,0.18676460415545384,924.5032032800926,0.3030966174512683,0,56.0
2025-09-23,37,75302,530,Employed,High School,14,35508,36,Married,5,Mortgage,505,0.3317486592104598,2,0,0.3950226299495399,0,Debt Consolidation,1,20,25,42159,1945,249130,8550,6275.166666666667,0.44953764388141004,9,240580,0.25550799999999996,0.2629793536531883,1436.2808012888106,0.3093592416597929,0,56.0
2025-09-24,41,65974,633,Employed,Associate,19,17983,72,Single,1,Mortgage,413,0.22811140676234948,2,0,0.130062827846409,0,Other,0,24,6,5980,422,227493,13662,5497.833333333333,0.7339208463337366,3,213831,0.216483,0.2206701637318103,452.5587753392602,0.15743634316656746,1,36.0
2025-09-25,42,33111,568,Employed,Associate,23,43387,36,Single,3,Rent,956,0.43463994967152214,4,0,0.3092716327886015,0,Home,0,32,28,596,468,49908,40492,2759.25,0.9340223425043302,7,9416,0.244387,0.24037172992878414,1703.042713469674,0.9636831434156651,0,56.0
2025-09-26,46,22083,577,Employed,Associate,24,23834,120,Single,2,Rent,606,0.3192677581724275,3,0,0.5940208538727721,0,Home,0,20,15,1235,529,270677,23986,1840.25,0.7554026712241777,3,246691,0.290334,0.2786119356842799,590.9895384489407,0.6504494163558977,0,56.0
2025-09-27,40,62825,479,Employed,Bachelor,17,10329,36,Married,3,Own,264,0.027090525240872347,2,0,0.25597111471532574,0,Auto,0,21,10,2674,807,18734,22980,5235.416666666667,0.6914031197443239,12,1114,0.255829,0.24295656436630642,406.8413015375035,0.12813522671627603,1,40.800000000000004
2025-09-28,48,22070,594,Employed,Bachelor,26,20827,96,Married,3,Rent,154,0.028743316650294996,3,1,0.03521779466148076,0,Home,1,30,9,587,3048,48122,79540,1839.1666666666667,0.9160504773685328,4,1180,0.25882700000000003,0.2629260909229652,521.4267381441896,0.36724607420617467,0,58.0
2025-09-29,47,71413,660,Employed,Bachelor,23,38651,60,Divorced,0,Other,342,0.21599250779615908,3,0,0.5093531621995986,0,Auto,0,29,25,436,884,22067,52037,5951.083333333333,0.8355113488229768,6,7214,0.21365099999999998,0.2388556920506214,1109.3449308997324,0.24387911403801535,0,52.0
2025-09-30,59,64107,671,Employed,Master,37,17711,24,Single,1,Rent,372,0.11785470314828585,3,2,0.41057970513410735,0,Home,0,28,11,2066,284,296800,5630,5342.25,0.7728268324828216,6,291170,0.157211,0.18257950564287145,886.4147748692192,0.2355589451765116,1,34.4
2025-10-01,47,15000,581,Unemployed,High School,27,36421,60,Single,2,Rent,582,0.17738667496498256,1,0,0.4994688673067991,0,Auto,0,20,23,5100,134,798538,14851,1250.0,0.7283416637862631,4,783687,0.250921,0.26040293641554035,1091.330802084331,1.3386646416674648,0,52.0
2025-10-02,44,66535,622,Employed,High School,26,46843,48,Single,1,Rent,125,0.1494767739345842,2,1,0.14184096654156175,0,Home,0,23,1,3047,4226,10078,5974,5544.583333333333,0.9261946230927811,3,4104,0.23084300000000002,0.21179701794236638,1455.0574851981773,0.28497316934512856,0,50.0
2025-10-03,34,25246,537,Employed,High School,9,21800,36,Widowed,2,Own,425,0.31363662344466503,3,0,0.08803286255144376,0,Debt Consolidation,0,26,19,2039,501,53593,6748,2103.8333333333335,0.9514962684537346,8,46845,0.23829999999999998,0.24686479285939592,863.1534866208186,0.6122887522557958,0,52.0
2025-10-04,37,66984,606,Employed,Associate,11,20235,120,Single,2,Rent,356,0.18353438695848137,3,0,0.0956414767550601,0,Home,0,20,13,3795,6804,269791,68535,5582.0,0.7696092048062658,4,201256,0.272235,0.2878132760202301,515.3073340418247,0.15609232068108647,0,42.0
2025-10-05,18,53713,612,Employed,Doctorate,0,17926,36,Single,1,Rent,480,0.26545346612390386,3,1,0.12606836045754172,0,Education,0,37,13,341,641,324348,29182,4476.083333333333,0.9060287252383727,6,295166,0.196926,0.20452097546206763,670.3309306144437,0.25699497640000235,1,32.800000000000004
2025-10-06,38,29162,570,Employed,Associate,17,36413,24,Single,3,Other,540,0.3486813504335701,4,0,0.5043161068991701,0,Home,0,18,1,2545,1133,601052,9269,2430.1666666666665,0.7899175081536872,3,591783,0.226413,0.20996947733448826,1871.0511183098786,0.9921340586968845,0,56.0
2025-10-07,46,41484,564,Employed,High School,22,32057,24,Married,1,Rent,732,0.44518782863382655,4,2,0.4649552020272458,0,Debt Consolidation,0,24,5,286,1870,37481,37792,3457.0,0.8685580324148133,10,9306,0.22505699999999998,0.2641705480852987,1733.8072779102486,0.7132795134250068,0,60.0
2025-10-08,44,63839,635,Employed,Bachelor,22,32101,48,Married,3,Mortgage,313,0.3662246358177856,4,0,0.19914204489341408,0,Education,0,22,29,2399,1057,27825,16071,5319.916666666667,0.9483706634262243,4,11754,0.209601,0.18742889337700794,955.4738633516334,0.23843867166183058,1,37.6
2025-10-09,21,15000,507,Employed,Doctorate,0,15575,96,Single,0,Own,287,0.4243837171482804,4,0,0.11162132474953412,0,Auto,0,30,20,985,2414,175404,16957,1250.0,0.630307187381717,4,158447,0.29707500000000003,0.24838760950003283,374.8251080459746,0.5294600864367797,0,49.0
2025-10-10,49,30184,621,Employed,Bachelor,30,12832,72,Married,2,Mortgage,692,0.48825900032214076,2,2,0.2832714562815155,0,Education,1,19,1,573,1503,29097,25763,2515.3333333333335,0.6462580098192101,5,3334,0.21733200000000003,0.21453401096868152,318.26832928640493,0.4016439156982792,0,61.0
2025-10-11,59,77531,581,Employed,Associate,35,19167,48,Married,2,Rent,516,0.3986228219599826,1,0,0.5137844685381672,0,Education,1,16,18,7115,4754,66815,18707,6460.916666666667,0.7494783370648693,3,48108,0.223667,0.22096372944099998,604.8802646080621,0.17348625937104828,0,64.0
2025-10-12,19,71707,562,Employed,Master,0,45855,24,Widowed,2,Rent,469,0.198323554490267,4,0,0.40891540904616885,0,Other,0,27,28,2117,1344,50561,31021,5975.583333333333,0.8631396934663552,5,19540,0.23985499999999998,0.24693594122065615,2440.307197157185,0.4868658062098013,0,55.0
2025-10-13,18,46126,551,Self-Employed,Master,0,20316,120,Married,1,Mortgage,424,0.20064276333241757,0,3,0.31808962813640945,0,Debt Consolidation,1,23,27,13807,2360,136113,34465,3843.8333333333335,0.40042827544083953,7,101648,0.29981599999999997,0.2933580463738318,525.6261256167055,0.24705184727486593,0,60.0
2025-10-14,32,29017,418,Employed,Associate,11,18876,36,Married,2,Rent,598,0.20350711928945517,4,2,0.12498912979614644,0,Education,0,27,22,5569,546,23530,83219,2418.0833333333335,0.8863715652969067,4,4004,0.294876,0.32697738995877507,829.4605459926488,0.5903272754561735,0,52.0
2025-10-15,18,49652,393,Employed,High School,0,31312,36,Divorced,1,Own,241,0.5673475514890975,3,0,0.6118270745109939,0,Other,0,24,16,6073,1199,20193,8337,4137.666666666667,0.6848070118864179,5,11856,0.319812,0.302665772897747,1333.8197480317694,0.3806057555865067,0,60.0
2025-10-16,56,78447,625,Employed,Doctorate,31,19790,36,Single,0,Mortgage,768,0.19327279403668962,5,2,0.14562808700807642,0,Education,0,17,7,2679,74,36441,63238,6537.25,0.7978560988324014,4,2754,0.19229000000000002,0.18773537136559612,723.1587021654767,0.2281018321412638,1,37.6
2025-10-17,35,45331,642,Employed,Associate,13,18380,36,Married,3,Mortgage,236,0.5003419478391267,2,1,0.525459831130453,0,Debt Consolidation,0,19,4,5130,588,377551,27352,3777.5833333333335,0.92225671669436,5,350199,0.18238000000000001,0.17479876285040497,659.695171453776,0.2371079847663919,1,43.2
2025-10-18,54,35186,592,Employed,High School,33,30015,60,Married,2,Rent,740,0.15691526404085193,1,0,0.6152698657003873,0,Other,0,21,17,7746,4738,95333,70226,2932.1666666666665,0.6872961583114375,6,25107,0.23901499999999998,0.23129940970230267,848.3792971927818,0.541708394427141,0,58.0
2025-10-19,38,76711,595,Employed,High School,13,13412,84,Married,5,Rent,345,0.4298006760250739,2,0,0.3060846528107535,0,Home,0,16,27,3792,883,31654,42016,6392.583333333333,0.5457289811291312,2,1559,0.24091200000000002,0.28909440000000003,373.7031285966304,0.11242765109514366,0,55.0
2025-10-20,41,85006,600,Employed,High School,18,17737,36,Married,1,Own,816,0.3722357905061413,3,1,0.1931290933162014,1,Debt Consolidation,1,22,9,1467,1355,117590,15472,7083.833333333333,0.8472595866094288,6,102118,0.202737,0.24328439999999998,698.9355128205557,0.21385815299916086,0,61.0
2025-10-21,34,38069,515,Employed,Associate,12,58567,108,Married,1,Other,1435,0.6975134193848245,4,1,0.4945269010247417,0,Home,0,21,29,2269,5406,141421,18982,3172.4166666666665,0.8763716708808927,3,122439,0.346067,0.36624609950749837,1859.830935553162,1.0385870715447725,0,55.0
2025-10-22,49,73229,588,Employed,Associate,25,16376,96,Married,4,Rent,1114,0.43117872916460576,3,1,0.24518367142387612,0,Auto,0,24,12,654,1120,13542,9439,6102.416666666667,0.6334162977832208,8,4103,0.257376,0.2717616247398506,419.7681803637957,0.25133783288540806,0,53.0
2025-10-23,44,300000,604,Employed,Bachelor,22,22023,60,Married,1,Own,352,0.2067177768664737,2,1,0.24703712944218442,0,Auto,1,17,18,30340,427,30767,158854,25000.0,0.742893950267268,4,4108,0.22502299999999997,0.21779418954754742,605.4925023907758,0.03829970009563103,1,42.400000000000006
2025-10-24,41,39158,592,Employed,Master,22,30440,48,Married,4,Mortgage,337,0.15807076854335417,2,1,0.13016350940111135,0,Other,1,23,23,2553,596,74184,1912,3263.1666666666665,0.5228602199503665,5,72272,0.22944,0.26595388813597715,1036.5773876448136,0.4209338743484796,0,54.0
2025-10-25,38,46328,529,Self-Employed,Master,11,17609,60,Divorced,0,Mortgage,337,0.193047177426299,1,1,0.4579499083964959,0,Home,0,19,15,2352,401,155809,38205,3860.6666666666665,0.8597001010767218,8,117604,0.258109,0.3085322379052102,578.9739374449322,0.23725797032764606,0,55.0
2025-10-26,58,122676,641,Employed,Associate,38,4550,72,Married,3,Other,242,0.28436492171408173,2,2,0.3311844509565711,0,Auto,0,26,5,3125,1463,22842,15866,10223.0,0.7654965348816962,7,6976,0.19905,0.2019771266332335,109.50743918764121,0.03438398113935647,1,40.800000000000004
2025-10-27,34,101825,560,Employed,High School,14,19223,24,Single,0,Other,305,0.1505500551099101,2,3,0.17928866839617516,0,Home,0,31,19,2345,399,36805,190456,8485.416666666666,0.8774989104317668,5,3395,0.21422299999999997,0.21214506000107625,989.8128868314149,0.15259272911344934,1,38.400000000000006
2025-10-28,32,32508,594,Employed,Associate,9,31929,24,Single,0,Own,568,0.12808643674083786,3,0,0.3651751928327152,0,Debt Consolidation,0,16,24,3120,1822,53845,9170,2709.0,0.6792445158225652,5,44675,0.209929,0.19363174363168503,1615.1361939375493,0.8058826851006088,0,54.0
2025-10-29,31,77901,635,Employed,Master,8,25233,24,Married,3,Other,516,0.09430475640108271,1,2,0.0997879082796706,0,Debt Consolidation,0,15,17,1029,1710,24505,17853,6491.75,0.8269768504527245,7,6652,0.182733,0.18238588505512915,1262.645664182217,0.2739855453740851,0,46.0
2025-10-30,32,22216,539,Employed,High School,11,8496,60,Single,3,Own,294,0.36644894883177337,3,0,0.25357018834276107,0,Home,1,25,24,5770,526,88184,106241,1851.3333333333333,0.9347320746032122,4,10165,0.243996,0.26409659230345583,256.43877858680486,0.29732019009009986,0,60.0
2025-10-31,45,37180,545,Employed,Bachelor,19,21593,48,Single,4,Other,304,0.2772016367226103,2,0,0.20532280775242423,0,Debt Consolidation,0,17,29,8115,485,63487,6783,3098.3333333333335,0.8293164009341756,7,56704,0.244093,0.23082537703652614,693.0642525156196,0.3218066441685701,0,51.0
2025-11-01,36,21091,499,Employed,Bachelor,12,7685,36,Single,2,Rent,132,0.6213117402539101,5,2,0.2218786062416292,0,Debt Consolidation,0,19,23,1739,1656,13166,20049,1757.5833333333333,0.8911067427760725,5,5868,0.24318499999999998,0.2643582622810696,311.42036925828523,0.2522898122943162,0,56.0
2025-11-02,35,63282,513,Employed,Master,12,28815,60,Married,0,Mortgage,224,0.16942638865355314,3,0,0.24627752165516495,0,Auto,0,25,11,4102,872,219832,15041,5273.5,0.8857525373584956,5,204791,0.27731500000000003,0.28145107080073534,899.702846293829,0.21308482910663298,0,47.0
2025-11-03,41,31314,549,Employed,Associate,17,19709,48,Single,0,Mortgage,440,0.3444476867111224,3,1,0.34505115337414344,0,Debt Consolidation,0,18,2,4676,1010,65422,50176,2609.5,0.5104926228929564,2,15246,0.240209,0.2302080566570546,631.9271392511926,0.4107787465994223,0,59.0
2025-11-04,30,55083,507,Employed,High School,10,17458,36,Widowed,2,Mortgage,148,0.22691182754674744,1,0,0.3760354158677568,0,Auto,0,39,7,1011,636,47979,5947,4590.25,0.7963941076142019,5,42032,0.248958,0.2770666781745303,719.3616982015384,0.18895739844268578,0,55.0
2025-11-05,30,47216,541,Unemployed,High School,8,23908,36,Single,1,Mortgage,173,0.3094484231454251,4,0,0.4444689015673417,0,Education,0,22,11,1457,650,42337,29931,3934.6666666666665,0.6280446917879322,4,12406,0.23840799999999998,0.24259751540164373,941.2428062543122,0.28318607410733115,0,60.0
2025-11-06,31,70456,549,Employed,Associate,11,33481,48,Divorced,1,Rent,231,0.08568608323562396,2,0,0.3005440778003854,0,Home,0,19,5,1497,2838,100854,23835,5871.333333333333,0.6154140570856318,5,77019,0.25398099999999996,0.270627650453932,1148.9993478559566,0.23504019777267343,0,53.0
2025-11-07,49,33928,463,Employed,Associate,25,7526,72,Widowed,0,Mortgage,430,0.5100704596555606,3,0,0.07688939484407607,0,Debt Consolidation,0,17,16,2896,1251,16708,4411,2827.3333333333335,0.7425962047027513,4,12297,0.291026,0.2800425712719358,216.820227512549,0.22877395455525193,0,52.0
2025-11-08,46,31379,577,Self-Employed,High School,25,32666,96,Single,3,Other,777,0.5532749724585946,5,0,0.39199618215256304,0,Auto,0,31,3,9456,297,138378,166803,2614.9166666666665,0.9506372043179901,5,5086,0.279166,0.2923412165798135,883.4309360643153,0.6349842644052324,0,62.0
2025-11-09,41,65877,600,Unemployed,High School,19,18847,120,Married,3,Mortgage,195,0.34884267479134745,3,0,0.19046791969225188,0,Home,1,22,24,5025,4889,9914,20869,5489.75,0.9705519571049209,3,9712,0.273847,0.2535541239990277,433.48747210184916,0.1144838056563321,0,56.0
2025-11-10,21,23591,488,Employed,Associate,0,11431,36,Divorced,3,Own,560,0.2552687113340689,5,0,0.38038172000400355,0,Education,0,25,8,1876,11683,62631,102166,1965.9166666666667,0.7997986470439795,3,4003,0.25243099999999996,0.22516293234124735,439.6141337936081,0.5084722820365095,0,57.0
2025-11-11,53,36432,613,Employed,High School,28,22484,36,Married,1,Other,299,0.13799963320025868,3,0,0.13490773014260943,0,Education,0,31,18,1456,3703,112756,26958,3036.0,0.8080580010876744,4,85798,0.200984,0.23266163023084993,873.4715468911382,0.3861895740748149,0,45.0
2025-11-12,20,16529,544,Employed,Bachelor,1,9634,48,Married,0,Mortgage,373,0.493761044760039,2,0,0.4440859542255863,0,Home,0,21,27,12300,1562,32226,16720,1377.4166666666667,0.7922856875105482,6,15506,0.232634,0.22804465066130916,307.75269467761666,0.4942242323269042,0,59.0
2025-11-13,21,15735,522,Employed,High School,0,9426,60,Married,3,Mortgage,220,0.1834369694001427,2,0,0.1227758608990062,0,Debt Consolidation,1,37,8,5270,2243,21318,18875,1311.25,0.7055355354665163,8,2443,0.253426,0.22373824332669393,262.34325802898826,0.36784995845871366,0,58.0
2025-11-14,42,105996,616,Employed,High School,17,17691,36,Divorced,3,Own,352,0.34619284020654906,4,0,0.17954018608040465,0,Other,0,23,9,679,2541,68609,22079,8833.0,0.6457627961515823,2,46530,0.19469100000000003,0.18738813384733147,646.1478404810338,0.11300213296513459,1,37.6
2025-11-15,49,45674,583,Employed,Bachelor,27,17309,60,Single,2,Other,287,0.07501273702709656,3,1,0.40942305443314314,0,Debt Consolidation,0,28,16,6500,8760,15260,86209,3806.1666666666665,0.6402876403455636,3,7564,0.230809,0.2634313652649234,521.7615778813397,0.21248716851110208,0,56.0
2025-11-16,39,63493,594,Self-Employed,Master,18,14039,24,Married,2,Mortgage,137,0.17763739929446098,1,0,0.5033094101689648,0,Auto,0,17,24,3106,2209,118958,16959,5291.083333333333,0.890359580835632,4,101999,0.192039,0.19098623012924384,708.3594539584825,0.15977058018209553,1,44.800000000000004
2025-11-17,41,36715,513,Employed,High School,17,11342,60,Married,2,Rent,212,0.07884856515169936,6,0,0.41039720927747997,0,Home,1,27,6,5531,3593,141377,16372,3059.5833333333335,0.9754879034649261,6,125005,0.259842,0.2682288982007806,345.1320602244719,0.18209409567461968,0,60.0
2025-11-18,58,26070,574,Employed,Associate,35,12648,60,Married,4,Other,661,0.16519440445526004,3,1,0.6387858746478496,0,Auto,0,22,27,859,1024,17935,49477,2172.5,0.6105430365624613,2,6374,0.23064800000000002,0.20396187572720878,337.88891764382527,0.4597877641628655,0,59.0
2025-11-19,50,101677,540,Employed,Bachelor,23,28540,36,Single,0,Other,230,0.5931700017701129,3,0,0.1362369348003631,0,Education,0,28,22,957,12892,80087,28374,8473.083333333334,0.8265612945058229,6,51713,0.24354,0.26984413734772555,1164.9130055877074,0.16462873675514117,1,38.400000000000006
2025-11-20,35,47969,465,Self-Employed,Bachelor,15,22372,36,Single,1,Own,146,0.19361224370744956,2,0,0.2518340212350607,0,Debt Consolidation,0,24,14,491,749,37741,13468,3997.4166666666665,0.8942244068732589,7,24273,0.274872,0.32599018144960396,981.8526848518777,0.2821453901107493,0,55.0
2025-11-21,49,22105,624,Employed,Bachelor,23,43166,60,Married,1,Rent,241,0.22425057457517367,7,1,0.1907851449469896,0,Debt Consolidation,0,18,25,10561,383,39386,27940,1842.0833333333333,0.4541342507086849,8,11446,0.23616600000000004,0.1931575867089535,1127.2629542262878,0.7427801606295161,0,49.0
2025-11-22,54,154169,644,Employed,Doctorate,33,47860,48,Single,5,Mortgage,548,0.1927107738487705,1,1,0.18622202146605463,0,Home,0,31,17,7855,1841,17206,3346,12847.416666666666,0.8414772343572191,6,13860,0.22086000000000003,0.19736568269297552,1449.6882065431025,0.1554933772581857,1,35.2
2025-11-23,46,39350,507,Employed,Bachelor,25,48527,96,Married,3,Mortgage,227,0.31496161717726456,6,2,0.1412581880562497,0,Home,0,27,17,6123,3633,176082,18449,3279.1666666666665,0.6610563916904069,9,157633,0.330027,0.2868284985117113,1293.9031882507084,0.46380783377404067,0,47.0
2025-11-24,34,18123,545,Employed,High School,14,18021,96,Married,2,Rent,546,0.345491290912965,4,1,0.39437086356901146,0,Education,0,21,5,27084,353,92531,15043,1510.25,0.8483935205623889,3,77488,0.280521,0.26840102915970177,457.83082874651336,0.6646785821860708,0,56.0
2025-11-25,60,34343,509,Employed,High School,35,24284,36,Married,1,Rent,870,0.31184224102079894,2,2,0.4815858161076369,0,Home,0,24,5,1196,192,72140,54031,2861.9166666666665,0.8962063696707725,7,18109,0.254784,0.256163812002868,973.4617148049907,0.6441353573554987,0,59.0
2025-11-26,41,105392,568,Employed,Associate,19,24314,60,Single,0,Own,267,0.3036394050813712,2,0,0.5120610419874179,0,Other,0,17,5,1815,588,58091,58332,8782.666666666666,0.6907028393313742,3,5207,0.24531399999999998,0.23014591862176564,685.6269681102059,0.10846671111016463,1,47.2
2025-11-27,34,36533,539,Employed,Bachelor,13,22823,60,Single,2,Mortgage,286,0.21474887363549186,0,3,0.2963944032027574,0,Home,0,33,15,3096,366,31197,8456,3044.4166666666665,0.9792056557100638,3,22741,0.258323,0.24260380958514366,660.0251718312877,0.3107410303554445,0,53.0
2025-11-28,42,15000,562,Employed,Bachelor,21,39897,36,Married,0,Mortgage,283,0.41334556340660994,3,1,0.20753188642427053,0,Education,0,21,19,223,2654,52673,11563,1250.0,0.9073974569482586,5,41110,0.243897,0.25488691991904594,1596.6278647528425,1.503702291802274,0,55.0
2025-11-29,42,54127,614,Employed,Associate,18,25224,24,Single,1,Mortgage,234,0.28421663431922284,4,2,0.21007872325694243,1,Home,0,24,21,21382,1047,96053,16025,4510.583333333333,0.8515558523222423,4,80028,0.19322399999999998,0.2260982279337015,1316.183142761225,0.3436768657626453,0,59.0
2025-11-30,53,40344,536,Employed,Bachelor,28,14894,36,Single,3,Own,725,0.371061702630905,1,0,0.028145798929650273,0,Debt Consolidation,1,23,26,2040,696,34820,25520,3362.0,0.8135712600427094,5,9300,0.231894,0.2569701732837044,597.6872349462575,0.39342273496319374,0,57.0
2025-12-01,57,30412,638,Employed,Associate,37,21424,24,Married,0,Rent,987,0.3912908273965041,2,2,0.31861194094990714,0,Debt Consolidation,0,26,4,7378,1215,106041,13561,2534.3333333333335,0.8233744827275827,6,92480,0.177424,0.1767884551119373,1066.252456738796,0.810174585060685,0,53.0
2025-12-02,31,45740,551,Employed,High School,11,22774,36,Married,5,Own,259,0.17354999745676142,3,0,0.518249836298334,0,Auto,0,27,1,836,497,26672,4908,3811.6666666666665,0.7927205030627019,7,21764,0.23227399999999998,0.22792849082526587,879.1182305929606,0.29858807973580076,0,62.0
2025-12-03,45,37298,603,Unemployed,High School,25,33846,36,Married,1,Mortgage,902,0.1729505586165595,4,1,0.21065060275599792,0,Home,0,22,12,6366,1367,46890,11865,3108.1666666666665,0.8689889205941067,7,35025,0.217346,0.21912264245240753,1291.0583693005904,0.7055793992065816,0,52.0
2025-12-04,51,76432,568,Employed,High School,27,7212,48,Married,1,Rent,245,0.24850334459902879,5,3,0.4023999491827574,0,Other,0,29,18,905,1318,39833,69027,6369.333333333333,0.7219399073286541,5,1520,0.218212,0.23328492518943655,232.45513453969292,0.07496155555888,1,44.800000000000004
2025-12-05,43,24344,563,Unemployed,Bachelor,21,26257,96,Single,3,Mortgage,532,0.38051284189987056,1,0,0.2644631507592153,0,Education,0,13,4,4757,707,55838,9907,2028.6666666666667,0.8229892359896042,3,45931,0.279757,0.26864311750671116,667.499808220627,0.5912749629743479,0,60.0
2025-12-06,39,69742,585,Employed,Bachelor,14,26636,60,Single,3,Mortgage,602,0.11441802310403053,3,0,0.08432845872759442,1,Home,1,28,20,3453,154,74537,26227,5811.833333333333,0.7019153082542322,3,48310,0.23913600000000002,0.225649617218165,744.2388030328277,0.23163754461291522,0,67.0
2025-12-07,33,48324,505,Employed,High School,13,10245,48,Divorced,5,Other,286,0.3940934900357534,3,0,0.11042291190775341,1,Home,0,21,22,1574,448,34258,7416,4027.0,0.8782816330552125,6,26842,0.252745,0.2629019086045812,347.1085301654749,0.15721592504729945,0,63.0
2025-12-08,38,25861,627,Employed,High School,16,30485,60,Single,0,Mortgage,810,0.5382329724126348,1,0,0.38682882500386184,0,Auto,0,28,11,8018,1004,136672,36187,2155.0833333333335,0.6930427575578185,1,100485,0.22198500000000004,0.22182188133979405,845.1233964458169,0.7680090003228723,0,50.0
2025-12-09,46,28864,569,Unemployed,Bachelor,24,45890,108,Single,2,Own,328,0.28863050384775857,2,1,0.17261787617975954,0,Home,0,28,12,4967,141,324107,9490,2405.3333333333335,0.948883311761415,4,314617,0.30639000000000005,0.31905354649714485,1296.3096040878077,0.675295012785951,0,49.0
2025-12-10,35,77081,582,Employed,Master,16,35871,60,Married,1,Rent,247,0.11384186680880701,4,0,0.508491672152247,0,Other,0,32,16,4886,192,61588,147493,6423.416666666667,0.8204907252288426,4,7589,0.249871,0.2740062658984503,1103.9382341088767,0.21031458867044434,0,57.0
2025-12-11,62,18790,523,Employed,Master,40,22247,72,Married,4,Rent,1375,0.20525800073160774,1,1,0.2525992686285625,0,Home,0,24,16,8197,2543,20306,13283,1565.8333333333333,0.9303383059255573,3,7023,0.27574699999999996,0.250062434605158,599.3566132444229,1.2608983160688172,0,54.0
2025-12-12,47,38762,510,Employed,High School,22,72803,60,Married,2,Mortgage,611,0.18085384432280344,4,1,0.40360063256755696,0,Auto,0,19,17,4155,681,19850,15059,3230.1666666666665,0.9318597442245753,6,4791,0.322803,0.3434176685934771,2553.201279922589,0.9795783333953633,0,56.0
2025-12-13,47,66019,637,Employed,Associate,24,40509,60,Married,1,Rent,235,0.11840132082850062,4,1,0.1192956387502106,0,Education,0,25,24,1815,1285,121499,3544,5501.583333333333,0.8198205574792558,5,117955,0.22700900000000002,0.22325702588565977,1126.3290109534355,0.24744313199898857,0,42.0
2025-12-14,24,29405,490,Employed,High School,0,40337,36,Married,4,Mortgage,270,0.5049184204808203,2,1,0.24065021832535488,0,Auto,1,25,6,2528,5696,21065,11054,2450.4166666666665,0.8527510529116096,11,10011,0.28033699999999995,0.2572864675715521,1619.3777183718541,0.771043449089007,0,63.0
2025-12-15,28,22245,561,Employed,Associate,4,34021,36,Single,1,Own,675,0.6235611839936002,4,0,0.25477889628213196,0,Home,1,15,2,2362,774,11175,10762,1853.75,0.6114530080845705,7,1256,0.23852099999999998,0.24172381000643997,1337.8220473303638,1.0858109493353278,0,66.0
2025-12-16,34,58101,524,Employed,Associate,15,17566,72,Married,1,Mortgage,484,0.27147513671503903,5,2,0.3662948336010707,0,Auto,0,29,16,2074,157,741533,17677,4841.75,0.6466548305032037,6,723856,0.270566,0.2890062258831955,516.0719342343228,0.2065517497256824,1,36.800000000000004
2025-12-17,34,38355,592,Employed,Bachelor,14,19187,84,Married,2,Rent,271,0.13017784574527191,5,1,0.2334398724582235,0,Education,0,25,14,900,5257,170042,20676,3196.25,0.8551057220476972,5,149366,0.24818700000000002,0.2420072410382609,475.892557670943,0.2336777654035019,0,48.0
2025-12-18,22,20677,552,Employed,Associate,0,26038,12,Single,1,Own,279,0.04460669289976092,2,1,0.17493516937526804,0,Home,0,23,19,16857,957,136986,5843,1723.0833333333333,0.6256286252522888,3,131143,0.215038,0.2006151338397797,2412.783894249109,1.5621901983357986,0,47.0
2025-12-19,30,63086,601,Employed,Bachelor,8,20694,60,Divorced,0,Own,233,0.41018627609606195,3,1,0.14030671211614745,0,Education,0,27,15,22820,528,112408,197439,5257.166666666667,0.9363878080433875,3,7791,0.225194,0.25810632269326994,617.2702187894439,0.1617354504243941,0,48.0
2025-12-20,54,74963,619,Employed,Bachelor,30,12050,48,Divorced,0,Mortgage,369,0.2543807230285957,1,0,0.1411915049594851,0,Home,0,21,12,1549,751,509465,7389,6246.916666666667,0.7832690497942393,7,502076,0.19755000000000003,0.22505867740574728,382.96528157295745,0.1203738294742138,1,31.200000000000003
2025-12-21,63,32400,525,Employed,High School,41,20296,84,Single,3,Mortgage,413,0.16389344022381513,4,1,0.1383730437174737,0,Debt Consolidation,1,23,5,3570,565,112322,31038,2700.0,0.875264986336801,3,81284,0.28279600000000005,0.3393552,634.974563797816,0.38813872733252447,0,56.0
2025-12-22,27,48963,516,Employed,Associate,4,15148,12,Married,1,Rent,479,0.15732089257603252,3,0,0.16791446895595605,0,Auto,0,24,26,5317,1533,21681,17842,4080.25,0.7373154905775808,6,3839,0.222148,0.22416228085199905,1420.8038598570663,0.4656096709410125,0,50.0
2025-12-23,40,124046,538,Employed,Bachelor,18,34824,60,Married,4,Rent,495,0.3102204000295994,4,2,0.26516898989592147,0,Other,0,17,16,851,770,32831,67359,10337.166666666666,0.6224438552775119,9,4555,0.270824,0.26204954959669585,1046.8764938437894,0.14915852124313136,1,40.0
2025-12-24,56,71738,567,Employed,Master,31,33415,60,Married,3,Rent,489,0.2511785001645984,1,1,0.5350899296444352,0,Debt Consolidation,0,26,21,2086,2712,90097,12443,5978.166666666667,0.9263956259550555,5,77654,0.254915,0.24179233683299475,964.7610225073996,0.2431784029397083,0,56.0
2025-12-25,29,32651,581,Employed,Bachelor,7,19091,24,Married,2,Other,315,0.3608092703782142,5,3,0.5162957271482367,0,Other,0,36,1,13132,421,54637,20685,2720.9166666666665,0.7000697758291514,4,33952,0.203591,0.19591462199482543,967.8458665133894,0.4714756178420469,0,63.0
2025-12-26,41,79683,615,Employed,Master,18,26647,48,Divorced,1,Rent,213,0.16776403058697867,5,0,0.23100731100551697,0,Home,0,34,2,4829,2097,34770,44843,6640.25,0.6911865738580296,3,4414,0.214147,0.24206875660592067,871.791489526003,0.16336606144738572,0,52.0
2025-12-27,59,19728,412,Self-Employed,High School,37,37318,36,Married,3,Other,660,0.1217043617501799,1,3,0.3382046306984611,0,Debt Consolidation,0,26,2,359,3407,113933,14335,1644.0,0.8511322710484972,5,99598,0.316318,0.3141324282618887,1613.2321626272792,1.382744624469148,0,60.0
2025-12-28,30,25397,541,Employed,Master,7,28254,108,Married,0,Mortgage,214,0.3406292346293517,2,1,0.4486058453103739,0,Debt Consolidation,0,28,17,12730,118,202898,21504,1250.0,0.9236892850667795,6,181394,0.30275399999999997,0.27169493624527474,702.2796210140037,0.7330236968112029,0,54.0
2025-12-29,42,57013,597,Employed,High School,22,34170,48,Married,2,Rent,526,0.35419609308672845,2,2,0.260856205130001,0,Home,0,19,7,3753,575,157317,30878,4751.083333333333,0.7870366117631649,3,126439,0.23067000000000001,0.2481954637888787,1129.5426925803622,0.34845583131854746,0,49.0
2025-12-30,38,15000,554,Employed,High School,18,22618,36,Widowed,1,Mortgage,318,0.42849891741043133,0,1,0.3102871845615228,0,Home,0,21,2,394,187,27728,11819,1250.0,0.7390395175545414,5,15909,0.230618,0.22045396942001808,864.3229491059528,0.9458583592847623,0,61.0
2025-12-31,60,41780,629,Employed,Associate,41,20482,36,Married,1,Rent,358,0.34582181881362895,6,2,0.4573142043394088,0,Home,0,27,18,8028,3067,57266,119885,3481.6666666666665,0.7349631220485361,3,4412,0.190982,0.18712012854446852,747.8096591367764,0.3176092845773413,0,54.0
2026-01-01,57,19238,524,Employed,High School,33,21346,60,Married,1,Own,242,0.17599448514708907,3,2,0.17686989217819152,0,Auto,0,22,12,629,1178,28849,12242,1603.1666666666667,0.8270123256344667,6,16607,0.264346,0.24959650472435313,626.0284993931972,0.5414461998502114,0,51.0
2026-01-02,36,21764,513,Employed,Bachelor,15,15589,48,Single,2,Mortgage,99,0.31034704248161,3,0,0.09382435723010067,0,Home,0,22,26,1305,1111,135443,13409,1813.6666666666667,0.9096941389858112,7,122034,0.254089,0.231386878033096,500.8356659581874,0.3307309314233711,0,48.0
2026-01-03,24,45067,573,Employed,High School,5,17199,96,Single,1,Rent,315,0.3385468091338864,2,1,0.3946255760775117,0,Education,0,28,29,6623,1027,20661,13895,3755.5833333333335,0.8996109597102437,10,6766,0.265699,0.28539629692321183,456.8909214604243,0.20553156539208495,0,55.0
2026-01-04,33,40706,528,Employed,Master,11,19402,72,Single,1,Mortgage,130,0.17012760967065785,5,0,0.3786157745674228,0,Home,0,21,28,1774,4218,78557,12673,3392.1666666666665,0.6659040326707908,0,65884,0.27040200000000003,0.3037051257034303,588.3351629690618,0.2117629331211306,0,52.0
2026-01-05,54,46521,578,Employed,Bachelor,32,28355,36,Married,3,Other,644,0.15291974187517002,2,1,0.5812932880592809,0,Education,1,29,25,2740,647,5511,21308,3876.75,0.6445187350968103,7,7229,0.224355,0.25390004458126264,1133.2468409613316,0.45843730985008874,0,64.0
2026-01-06,46,15000,595,Employed,Bachelor,22,44108,12,Widowed,3,Mortgage,316,0.3984378706209427,4,2,0.6451344006057794,0,Home,0,33,10,6222,7056,130109,134860,1250.0,0.4317515583017745,3,3181,0.21160800000000002,0.19603428757926544,4077.5558140128637,3.5148446512102907,0,60.0
2026-01-07,41,37155,557,Employed,Bachelor,18,32922,60,Married,1,Rent,606,0.5060661921123312,2,2,0.20498803080654165,0,Debt Consolidation,0,24,20,758,803,62642,79689,3096.25,0.7923202641725519,5,2778,0.259422,0.260600086541627,986.8700548995046,0.5144513701734371,0,54.0
2026-01-08,62,222881,622,Self-Employed,Bachelor,40,14709,36,Married,3,Rent,411,0.24009742008710389,5,1,0.07530557880115887,0,Auto,0,21,28,2305,3020,23997,8291,18573.416666666668,0.7906429337954498,6,15706,0.18870900000000002,0.20000676295544909,546.6442162356793,0.05155993823981475,1,38.400000000000006
2026-01-09,37,60045,522,Employed,Master,15,31510,36,Married,0,Rent,217,0.6785005737863437,1,0,0.3098012493174824,0,Other,0,28,4,1884,949,85425,67611,5003.75,0.9265488177722082,6,17814,0.25551,0.276616500031507,1297.6135559456845,0.30269568942207037,0,59.0
2026-01-10,38,63439,543,Employed,Doctorate,16,21777,72,Single,1,Mortgage,554,0.5107219759228202,4,2,0.35254983504455406,0,Auto,0,30,12,141,5338,45297,3143,5286.583333333333,0.9742817694410744,9,42154,0.265277,0.29507430968494225,648.2433358974572,0.22741405177839322,0,55.0
2026-01-11,46,91151,583,Employed,Associate,24,57277,60,Married,0,Own,438,0.2912994446783166,3,0,0.40171853526436235,0,Home,0,22,27,4950,2485,153015,7260,5038.083333333333,0.8029328959835642,3,145755,0.270777,0.2904023327999015,1819.4822930320508,0.44808355552516016,0,51.0
2026-01-12,50,65621,638,Employed,Associate,27,21628,72,Single,1,Own,635,0.13419316092881892,6,0,0.4019226392066895,0,Debt Consolidation,0,31,21,999,613,105697,10257,5468.416666666667,0.9130534771040243,0,95440,0.21762800000000002,0.23226153480427783,559.27969415802,0.218395884395182,0,50.0
2026-01-13,32,113667,583,Employed,High School,7,27089,48,Single,0,Mortgage,444,0.12188482331220986,1,2,0.46629629494419184,0,Debt Consolidation,0,25,7,2941,1082,15492,51901,9472.25,0.8882820430882018,11,7107,0.23058900000000002,0.2187749906004019,851.6676035372612,0.13678562152997029,0,55.0
2026-01-14,32,42995,497,Unemployed,Associate,8,69979,36,Single,3,Other,660,0.3718519580437448,0,0,0.5906745008282881,0,Debt Consolidation,1,22,20,8480,814,72052,3687,3582.9166666666665,0.8863082281773218,5,68365,0.30647899999999995,0.30303268997306965,2982.3547752862924,1.0165893081389814,0,66.0
2026-01-15,18,36832,606,Employed,Doctorate,0,30132,36,Married,2,Mortgage,219,0.17978572092154546,5,1,0.17601432981425724,0,Debt Consolidation,0,17,11,13638,1727,25576,23213,3069.3333333333335,0.8697355772741197,4,2363,0.212132,0.20104836172745846,1121.4232989122206,0.43671480199138374,0,47.0
2026-01-16,40,56138,574,Employed,High School,17,11528,60,Single,0,Rent,1464,0.6025403203124484,0,0,0.18329734855400268,0,Auto,0,27,28,4325,2388,35358,6458,4678.166666666667,0.8857901281599458,3,28900,0.229528,0.19382916025850636,301.4768092977481,0.3773864710458687,0,52.0
2026-01-17,52,43239,580,Self-Employed,High School,30,17076,36,Single,1,Rent,665,0.6773544821323626,3,0,0.38647023076860537,0,Debt Consolidation,0,25,6,5268,1699,56176,28725,3603.25,0.7080155165118882,3,27451,0.21207600000000001,0.2319880550465589,662.7778899486956,0.368494522985831,0,62.0
2026-01-18,42,49090,571,Employed,High School,17,15654,84,Divorced,3,Other,329,0.2988316021704133,5,0,0.10990355282259029,0,Home,0,32,3,5871,1903,27115,116059,4090.8333333333335,0.6536025191803527,5,10138,0.255154,0.2409179135155877,387.184112144206,0.17507046945875884,0,54.0
2026-01-19,41,54290,450,Employed,Bachelor,17,22294,12,Married,2,Mortgage,417,0.3255715507293037,4,1,0.31064412415626214,0,Home,0,20,22,1318,3476,175064,7380,4524.166666666667,0.8454599521058517,4,167684,0.262294,0.3147528,2189.588096638929,0.5761476728618005,0,50.0
2026-01-20,39,27979,534,Employed,Bachelor,16,6479,24,Married,3,Rent,413,0.24934090294773437,4,1,0.11895499145601282,0,Debt Consolidation,0,26,23,3547,719,16760,12392,2331.5833333333335,0.8316389817105184,3,4368,0.214479,0.2130885850782702,333.9113449264591,0.32034512095205364,0,52.0
2026-01-21,58,26911,673,Employed,Bachelor,38,60451,96,Widowed,0,Rent,239,0.20816562482883805,3,1,0.17089391335847964,0,Home,1,23,11,1407,1306,20057,9083,2242.5833333333335,0.7378092825176656,2,10974,0.258951,0.2793253035756917,1580.7036678632564,0.8114319057024665,0,52.0
2026-01-22,42,110996,488,Employed,Associate,21,24845,84,Divorced,3,Rent,264,0.2795994516911285,3,1,0.46662023479401726,0,Debt Consolidation,0,25,29,514,1243,78125,7629,9249.666666666666,0.9449147899611123,6,70496,0.30584500000000003,0.3141265539057584,734.1457421909545,0.10791153650844584,1,42.400000000000006
2026-01-23,43,120476,607,Employed,Associate,23,31051,60,Divorced,1,Own,1165,0.18276653527515035,3,0,0.03877742482528271,0,Auto,1,23,28,829,396,149930,3459,10039.666666666666,0.8534417493701836,8,146471,0.232551,0.2104576238914572,840.8334036365271,0.19979083671136433,1,36.800000000000004
2026-01-24,25,35930,532,Employed,Bachelor,4,13331,84,Married,1,Rent,478,0.2003345922944127,2,0,0.12577967626297828,0,Debt Consolidation,1,28,21,9578,992,18275,157647,2994.1666666666665,0.7968637987611111,4,7032,0.272331,0.2549122406566689,341.6276262882807,0.2737414838702858,0,57.0
2026-01-25,52,37704,605,Employed,High School,29,33021,24,Married,2,Mortgage,730,0.15097967044517746,2,2,0.27081072420341,0,Home,0,26,1,5919,812,12414,58031,3142.0,0.5802587092595919,4,6462,0.20552099999999998,0.18317798959856652,1653.6187206072739,0.7586310377489731,0,53.0
2026-01-26,56,36238,542,Employed,Associate,33,21663,48,Married,0,Other,961,0.18863105510357062,5,1,0.010964582065921394,0,Other,0,21,21,5074,1437,173125,21542,3019.8333333333335,0.9744854974576299,5,151583,0.245663,0.22089367131729104,683.5676205430257,0.5445888693227084,0,46.0
2026-01-27,23,42907,565,Self-Employed,Master,3,18051,36,Single,0,Other,492,0.23255605554602654,3,0,0.42266254881033494,0,Debt Consolidation,0,25,14,1518,95,237312,20940,3575.5833333333335,0.9213787970064719,0,216372,0.220551,0.21749993797200198,687.0434209034404,0.3297485503726964,0,56.0
2026-01-28,54,56298,539,Employed,High School,33,29950,12,Married,1,Mortgage,451,0.3747032295920342,1,1,0.5606584012172083,0,Education,0,19,9,7136,991,19387,19573,4691.5,0.906662673192403,5,1418,0.22545,0.2179745018769569,2800.23290546554,0.6930049889087797,0,59.0
2026-01-29,35,71814,529,Employed,Associate,11,8991,60,Widowed,0,Rent,271,0.12820603374844988,5,1,0.20666976095439643,0,Education,0,26,13,8502,781,27132,25573,5984.5,0.7700255526877449,3,1559,0.24949100000000002,0.2535442623501572,265.76922910172885,0.08969324573510382,0,51.0
2026-01-30,54,188716,594,Employed,High School,35,29460,60,Single,0,Other,364,0.1012933221391797,1,0,0.37215402662421027,0,Debt Consolidation,0,30,14,6128,1215,38748,27387,15726.333333333334,0.8465530552112276,6,11361,0.23746,0.2509389506754006,866.3124321907841,0.07823263097082074,1,40.800000000000004
2026-01-31,30,32010,500,Employed,High School,7,21569,48,Single,3,Mortgage,759,0.13327670242607004,2,0,0.26542804620869703,0,Home,0,21,4,2321,294,74898,12576,2667.5,0.9360603112065953,6,62322,0.266569,0.2544609828992329,720.5431136964535,0.5546553378430941,0,53.0
2026-02-01,30,142751,608,Employed,Bachelor,10,19060,24,Divorced,3,Own,421,0.05184548254043224,2,1,0.37517796461450387,1,Debt Consolidation,0,26,8,21334,4478,39683,48006,11895.916666666666,0.8087452305966216,6,1147,0.19005999999999998,0.19027212388477777,961.0402584690427,0.11617770174379524,1,48.800000000000004
2026-02-02,29,98900,581,Employed,Associate,6,13651,120,Divorced,0,Other,195,0.45605099968344964,5,0,0.10571263199247588,0,Debt Consolidation,1,19,22,7210,1022,371819,20165,8241.666666666666,0.9285371381236563,8,351654,0.27815100000000004,0.2809491646855733,340.80751979420336,0.06501203475763843,1,40.0
2026-02-03,20,74609,532,Employed,Master,0,14719,36,Married,2,Rent,538,0.13576766680006985,0,2,0.1904003858228439,0,Debt Consolidation,0,18,14,4922,62,52961,20499,6217.416666666667,0.8778534566768356,2,32462,0.233719,0.25706001105988097,590.7348802749511,0.18154403038908729,0,49.0
2026-02-04,48,27883,614,Employed,High School,23,85999,12,Married,1,Rent,1000,0.18820218387074553,4,1,0.2300047311649855,0,Debt Consolidation,0,19,7,1499,170,55129,11284,2323.5833333333335,0.8162083824603236,4,43845,0.24399900000000002,0.21470679043305915,8027.131037028624,3.885004212041153,0,51.0
2026-02-05,29,48922,413,Employed,Associate,1,9943,60,Single,2,Other,278,0.2863426955585622,3,1,0.019787513887764806,0,Home,0,21,8,1621,524,37519,11804,4076.8333333333335,0.8065229048525248,3,25715,0.30844299999999997,0.35476305343734094,355.91752920085696,0.15549262806938152,0,52.0
2026-02-06,26,137144,498,Employed,Bachelor,5,16271,36,Married,2,Mortgage,211,0.44654808617472014,2,0,0.4209251723317292,0,Education,0,38,21,11206,2892,103307,55305,11428.666666666666,0.7377660545529044,4,48002,0.252271,0.2700239119867403,664.2879484181951,0.07658705726111491,1,44.0
2026-02-07,44,93762,572,Self-Employed,Bachelor,18,33001,36,Divorced,2,Own,386,0.030863038867102968,0,3,0.2631040517448984,0,Home,0,30,7,2194,1073,46975,16899,7813.5,0.9130789016217842,7,30076,0.232001,0.2408614104372084,1296.2164358625855,0.21529614588373783,0,54.0
2026-02-08,39,19397,548,Employed,High School,15,37326,48,Married,1,Rent,379,0.3835364983774489,7,0,0.2624039927206591,0,Home,0,26,15,3110,465,39254,35129,1616.4166666666667,0.6868918742802472,3,4125,0.258326,0.255013548671425,1248.083215910643,1.0065988859580202,0,54.0
2026-02-09,41,33730,606,Employed,High School,16,7931,36,Married,5,Mortgage,645,0.6540339299838402,2,1,0.5366990100189937,0,Home,0,24,5,890,6797,87967,22855,2810.8333333333335,0.848907613349873,5,65112,0.189931,0.1602108818952875,278.9130079533958,0.32869718634570855,0,58.0
2026-02-10,38,182073,604,Employed,Bachelor,16,14944,48,Divorced,1,Mortgage,468,0.27081643673953065,2,0,0.21681085891670035,0,Debt Consolidation,0,23,4,2318,3990,112555,12711,15172.75,0.8928950024863718,4,99844,0.20794400000000002,0.22104636426468774,471.67615465862895,0.06193182874947712,1,38.400000000000006
2026-02-11,18,56023,532,Employed,Associate,0,33233,60,Married,2,Rent,450,0.18192927315794685,2,1,0.1499521914956216,0,Debt Consolidation,0,19,3,995,1667,74670,29677,4668.583333333333,0.4174491904391678,5,44993,0.272233,0.3150479523612666,1106.119173605497,0.33331721048972685,0,52.0
2026-02-12,34,117382,575,Employed,Bachelor,10,21192,60,Single,1,Mortgage,706,0.3633858225715076,1,1,0.6889306043084618,1,Education,1,27,29,456,1061,60140,422621,9781.833333333334,0.785885444156701,5,7623,0.23869200000000002,0.25048109634162463,622.6111064182825,0.1358243451041845,0,75.0
2026-02-13,47,38644,629,Employed,Associate,27,51422,72,Single,2,Mortgage,390,0.3533384146798771,0,1,0.08240475579576924,0,Debt Consolidation,0,13,1,2103,285,53639,34674,3220.3333333333335,0.8397697621655589,5,18965,0.251922,0.2221682571790326,1298.6621244351734,0.5243749480701294,0,52.0
2026-02-14,24,65781,568,Employed,Bachelor,3,9045,60,Single,0,Mortgage,210,0.3803013807639891,3,2,0.6008403363240079,0,Debt Consolidation,1,24,18,567,3946,24955,8538,5481.75,0.9123904077720582,5,16417,0.230045,0.24535617013144428,263.02586503329627,0.08629103206700348,0,64.0
2026-02-15,70,152834,619,Employed,Doctorate,48,45981,60,Divorced,1,Own,403,0.27085995843317917,5,2,0.3283657978718509,0,Home,0,22,10,6727,1167,166029,7090,12736.166666666666,0.5606916589309242,3,158939,0.241481,0.22319634990211193,1278.3155981754196,0.13201111780170013,1,36.0
2026-02-16,42,72060,591,Self-Employed,Bachelor,18,23835,36,Single,2,Rent,144,0.17495117467774804,4,1,0.2956777056561848,0,Debt Consolidation,0,13,3,6794,948,42218,30132,6005.0,0.8230645659064831,8,12086,0.213335,0.24931347825690733,946.8102334063137,0.18165033029247524,0,57.0
2026-02-17,37,22087,603,Employed,Bachelor,15,52799,48,Widowed,4,Mortgage,463,0.40789723935336814,1,0,0.35283792060713703,1,Other,0,26,15,1045,1490,75573,6675,1840.5833333333333,0.9324628068768909,5,68898,0.24629900000000002,0.24136361117834648,1725.32699926862,1.1889312261159706,0,64.0
2026-02-18,21,62693,525,Employed,Associate,0,26118,84,Married,4,Rent,345,0.3897184367497651,2,2,0.35589301717550237,0,Education,0,18,9,4226,1709,109302,29009,5224.416666666667,0.8562666457221181,5,80293,0.28861800000000004,0.30671142817784425,758.6151329798317,0.2112417908818844,0,53.0
2026-02-19,38,46861,505,Employed,High School,15,41093,24,Single,0,Mortgage,273,0.4084062668577139,2,1,0.08509417558759919,0,Debt Consolidation,0,28,1,2515,268,66277,55816,3905.0833333333335,0.6654156289067106,5,10461,0.26359299999999997,0.271637300412405,2238.059134689895,0.6430231880727841,0,56.0
2026-02-20,44,30358,505,Employed,High School,24,16589,36,Married,2,Own,418,0.1020358572456283,3,1,0.3039331044570883,0,Auto,0,25,24,12290,1365,24324,38915,2529.8333333333335,0.7922291798772766,1,4669,0.24908899999999998,0.2576262866929943,666.2852469735891,0.42859947834781825,0,54.0
2026-02-21,49,26310,555,Employed,Bachelor,28,23345,48,Married,3,Rent,394,0.042728214947122825,1,0,0.28038235850597143,0,Education,0,18,3,637,354,73151,12504,2192.5,0.8571715797650751,6,60647,0.240845,0.22675454963370203,744.096661364078,0.5190862765628634,0,54.0
2026-02-22,38,60204,538,Employed,High School,16,14445,36,Married,0,Mortgage,489,0.02518841468550605,4,0,0.2371260457631565,0,Home,1,27,26,6383,729,18420,8971,5017.0,0.9067929768987515,5,9449,0.23044499999999998,0.19719938435047105,534.7688986774812,0.204059975817716,0,57.0
2026-02-23,18,39305,494,Employed,High School,0,19897,96,Single,2,Mortgage,536,0.42880371183896,5,1,0.3456628157316306,0,Home,0,26,28,1011,647,76898,22771,3275.4166666666665,0.9140908637990133,11,54127,0.307897,0.27896850718785826,519.7914684626252,0.32233806440787444,0,54.0
2026-02-24,45,59299,640,Employed,Associate,24,24879,60,Married,1,Other,816,0.2563493799825453,1,1,0.33426275204437217,0,Auto,1,19,15,10618,2964,100777,16838,4941.583333333333,0.9309041694100397,7,83939,0.20987899999999998,0.2314622880427868,703.4424958905685,0.3074809010385811,0,55.0
2026-02-25,45,89962,565,Employed,Bachelor,24,31130,48,Single,5,Mortgage,694,0.5716771060094489,3,1,0.03162211797878388,1,Education,0,23,22,6124,2733,22948,56599,7496.833333333333,0.8207155144169029,6,8563,0.24362999999999999,0.259892275828318,1049.4311042078687,0.2325556707331365,0,62.0
2026-02-26,47,57065,627,Employed,Master,25,61761,60,Married,2,Mortgage,352,0.34346188554286844,2,2,0.2623527968779584,0,Auto,0,33,13,4784,819,92828,3070,4755.416666666667,0.7727326129222066,4,89758,0.253261,0.2831207836220406,1934.623975223671,0.48084618772774995,0,47.0
2026-02-27,36,15000,590,Self-Employed,Associate,16,29120,60,Married,3,Mortgage,547,0.31243032411353466,4,0,0.14588235909260006,0,Home,0,18,5,1781,883,100839,17489,1250.0,0.6304902756071896,6,83350,0.23912,0.2760354763964768,899.7231024855218,1.1573784819884174,0,55.0
2026-02-28,21,43110,606,Employed,Master,0,21696,60,Married,4,Mortgage,404,0.4027287062436286,4,0,0.2187313986079191,0,Home,0,26,25,6184,540,54425,37438,3592.5,0.9490434109480966,4,16987,0.223696,0.22026316851971947,599.5445957844727,0.2793443551244183,0,51.0
2026-03-01,44,15000,453,Employed,Bachelor,20,30053,36,Married,1,Mortgage,382,0.4370184414803739,3,2,0.2508047495471382,0,Other,0,37,28,342,785,46271,11785,1250.0,0.7937233576223517,7,34486,0.28855300000000006,0.23391604264792432,1169.4861348589743,1.2411889078871794,0,55.0
2026-03-02,33,44970,585,Employed,Bachelor,10,50757,48,Single,2,Other,160,0.4616943196373625,3,0,0.2074758795680252,0,Other,0,26,9,4183,1192,47065,8779,3747.5,0.9233309771312914,4,38286,0.253257,0.3039084,1839.1122361507682,0.5334522311276233,0,55.0
2026-03-03,39,47211,570,Self-Employed,Associate,17,25072,24,Single,0,Mortgage,317,0.02050245100869811,3,0,0.1310157584451208,0,Debt Consolidation,0,25,8,1200,723,27608,23711,3934.25,0.9490847003117273,4,3897,0.215072,0.2580864,1348.3245570464705,0.4232889514002594,0,54.0
2026-03-04,30,25706,572,Employed,High School,8,35698,120,Single,1,Mortgage,939,0.15828637341732718,3,0,0.5878150923772469,0,Debt Consolidation,0,22,28,2192,4001,37158,105618,2142.1666666666665,0.9190434597779168,10,5307,0.304698,0.24375840000000004,796.4484107908977,0.8101369691702628,0,59.0
2026-03-05,42,92584,530,Employed,Associate,19,10820,108,Divorced,2,Other,217,0.38261883782062556,4,0,0.1656947229909208,0,Debt Consolidation,0,34,7,12807,366,30775,68786,7715.333333333333,0.8319544543345154,5,3076,0.29081999999999997,0.2811992837138941,276.182280567705,0.06392235555617018,0,50.0
2026-03-06,53,51377,616,Employed,Master,29,44341,24,Single,2,Own,381,0.16717401307080293,2,1,0.0955368600455061,0,Debt Consolidation,0,21,27,10124,420,20632,51169,4281.416666666667,0.8050947166304238,5,9468,0.211341,0.24195489659999203,2348.6859283982567,0.6375660536967724,0,46.0
2026-03-07,48,300000,614,Employed,Master,24,15844,60,Single,1,Rent,531,0.061901817448580934,2,0,0.35200486997135805,0,Debt Consolidation,0,30,10,3710,2163,153502,26309,25000.0,0.7659105989184973,6,127193,0.21384399999999998,0.18782900214087905,409.11173981123704,0.03760446959244948,1,35.2
2026-03-08,27,33061,576,Employed,High School,5,39549,60,Single,4,Other,456,0.25903625278819964,3,1,0.33977043094458265,0,Home,0,22,2,1497,1221,188324,18198,2755.0833333333335,0.7555829343260811,3,170126,0.256549,0.24385180404142676,1146.603562127234,0.5816896871094888,0,55.0
2026-03-09,38,95639,640,Employed,Master,15,19713,84,Married,0,Mortgage,247,0.17298250393477507,4,0,0.24778172047769503,0,Auto,0,27,6,4220,414,66201,8363,7969.916666666667,0.7078354333539667,2,57838,0.22471300000000002,0.22365591702044094,466.2558692689374,0.08949351656988518,1,37.6
2026-03-10,43,62055,598,Employed,Master,18,13609,36,Single,2,Other,975,0.1785466356345295,2,1,0.1994531604485167,0,Debt Consolidation,0,22,5,553,233,21260,17169,5171.25,0.6075400179884846,5,4091,0.199609,0.17045378496986638,485.5053723330019,0.28242791826599023,1,40.800000000000004
2026-03-11,28,40131,540,Employed,Doctorate,6,18094,36,Married,1,Own,843,0.4178190359494935,5,1,0.2736526995109317,0,Debt Consolidation,0,19,17,4611,738,62037,102501,3344.25,0.6231052765481182,4,10483,0.233094,0.20392969287091237,676.0662833691562,0.45423227431237384,0,54.0
2026-03-12,18,45367,584,Self-Employed,Bachelor,0,13148,72,Married,2,Rent,600,0.06773865480618897,1,1,0.3745333559207973,0,Debt Consolidation,0,35,14,13318,3463,107055,14803,3780.5833333333335,0.8185239930881915,3,92252,0.236148,0.277086238321177,376.33166115344557,0.25824894601453363,0,55.0
2026-03-13,61,129096,682,Self-Employed,Master,39,62222,36,Divorced,0,Mortgage,470,0.26341948663559916,0,0,0.48941727097935345,0,Auto,0,18,26,1749,4008,246162,21292,10758.0,0.81556018815159,6,224870,0.206222,0.21157987410661902,2349.268315609699,0.2620624944794292,1,37.6
2026-03-14,29,48227,546,Employed,Associate,7,24277,12,Divorced,2,Own,493,0.27741244269894333,2,2,0.23188695734722004,0,Debt Consolidation,0,23,19,1518,3941,284507,7998,4018.9166666666665,0.92642117661097,4,276509,0.216277,0.20682994345179218,2256.831146868302,0.6842219869040086,0,47.0
2026-03-15,32,92746,494,Employed,Bachelor,8,16597,60,Married,2,Own,317,0.2525423388441177,2,4,0.03127801269215028,0,Auto,0,17,13,4989,772,77389,20584,7728.833333333333,0.797005000948345,8,56805,0.274597,0.25538937664687206,492.4018198131925,0.10472496752159997,1,37.6
2026-03-16,53,16782,607,Employed,High School,32,15592,36,Divorced,1,Mortgage,246,0.1988252504310378,1,1,0.26526373975852136,0,Education,0,13,9,5980,372,44007,31217,1398.5,0.8760309846434975,3,12790,0.197092,0.180789984559879,564.3062469490361,0.579410973864166,0,51.0
2026-03-17,25,17515,558,Employed,Associate,0,28182,96,Single,1,Rent,305,0.44948408492916536,1,2,0.073577726681836,0,Auto,0,20,2,5232,731,19748,114713,1459.5833333333333,0.6266777572520054,4,5068,0.284182,0.33734610167662127,851.7441677871241,0.7925167007391087,0,57.0
2026-03-18,33,61380,527,Unemployed,High School,7,43751,24,Widowed,4,Mortgage,629,0.11568338294872695,0,1,0.1985450310290703,0,Other,0,27,20,2348,249,146306,131254,5115.0,0.700852466507458,2,15052,0.255251,0.26159702115366645,2360.591635720509,0.5844753931027389,0,52.0
2026-03-19,48,21444,598,Employed,High School,25,22443,96,Married,1,Mortgage,213,0.11957083257659766,2,1,0.14269686461955972,0,Home,1,23,15,2572,664,22534,20422,1787.0,0.692536014487009,3,2112,0.258443,0.2541429483569267,548.6883484505778,0.4262385833523099,0,57.0
2026-03-20,45,25941,601,Employed,High School,21,20114,60,Single,2,Rent,257,0.1338666069426874,1,2,0.3837216321626186,0,Home,0,29,29,485,1649,114977,7004,2161.75,0.876174644036112,2,107973,0.22461399999999998,0.22713971089204849,563.7225961995442,0.37965657277647474,0,48.0
2026-03-21,61,44815,612,Employed,High School,35,24571,24,Single,5,Rent,145,0.20280926899334728,3,1,0.061035238911644855,0,Auto,0,27,23,1457,578,149391,12780,3734.5833333333335,0.8925870322903356,8,136611,0.193571,0.1963797408761146,1246.2195218219572,0.3725233573996092,0,44.0
2026-03-22,57,48487,554,Employed,Bachelor,36,16010,72,Married,3,Mortgage,358,0.1337981963211259,3,0,0.6082148993382952,0,Debt Consolidation,1,17,21,4066,4763,84717,7997,4040.5833333333335,0.7476041416461107,1,76720,0.25400999999999996,0.2605426250673718,441.678894456118,0.19791174404424722,0,62.0
2026-03-23,37,16945,554,Employed,High School,13,17786,72,Married,1,Own,274,0.16225463350982464,1,1,0.2937745699587093,0,Auto,0,30,17,3239,550,19435,32919,1412.0833333333333,0.9544382912851399,7,10460,0.25578599999999996,0.23376095794324997,461.53570617108966,0.52088689725896,0,53.0
2026-03-24,47,19803,540,Employed,High School,26,36116,24,Single,0,Mortgage,364,0.13070606591271675,3,1,0.4110598212094165,0,Home,0,33,14,24878,212,25090,10504,1650.25,0.83218454618048,5,14586,0.241116,0.2502873845284704,1928.0866271617226,1.3889329660122542,0,57.0
2026-03-25,18,15000,583,Employed,Bachelor,0,24610,72,Divorced,2,Own,240,0.3202076380287993,4,1,0.4806002229507019,0,Auto,0,23,10,1369,1159,30083,15032,1250.0,0.47913736062510687,6,15051,0.24811,0.2709578484544757,694.9201461936618,0.7479361169549295,0,58.0
2026-03-26,39,83633,637,Employed,Master,15,23987,48,Single,2,Other,337,0.5877450585026371,6,0,0.2151694917113633,0,Home,0,23,15,15131,1013,220932,10208,6969.416666666667,0.754820411868256,5,210724,0.20048700000000003,0.19010464416228623,717.3465971342567,0.15128190027394783,1,36.0
2026-03-27,26,28797,574,Employed,High School,0,28531,84,Single,4,Mortgage,540,0.3536521257430009,5,1,0.43931788626234086,0,Auto,0,21,10,1316,317,55865,18847,2399.75,0.7884154463194233,6,37018,0.266531,0.25771895131269146,736.3065934433287,0.5318498149571116,0,58.0
2026-03-28,52,51531,582,Self-Employed,High School,31,18860,96,Widowed,3,Mortgage,254,0.44475548138484405,4,0,0.2424574427547776,0,Debt Consolidation,0,28,4,1885,519,25778,33963,4294.25,0.5013258608235474,8,3197,0.26286,0.29484938304725394,513.3362785408102,0.17868924225203708,0,59.0
2026-03-29,30,169335,508,Employed,High School,6,36826,60,Single,1,Own,661,0.15721554217543768,4,1,0.13329168009088968,0,Debt Consolidation,1,22,6,2709,728,135884,4657,14111.25,0.9392512213133799,6,131227,0.287826,0.28857342389972546,1165.7298195483975,0.1294520201646486,1,40.800000000000004
2026-03-30,18,67422,488,Employed,Bachelor,0,10582,36,Single,0,Rent,143,0.47971911373240833,1,2,0.06231265445723259,0,Home,0,25,8,3783,386,78302,6061,5618.5,0.7766245057388586,4,72241,0.251582,0.23223121226548044,410.85788686529014,0.09857753615115958,1,40.0
2026-03-31,34,51384,550,Employed,Associate,9,35116,60,Single,0,Own,326,0.3038197547735536,2,1,0.09901360663701594,0,Auto,0,17,27,11603,2138,76374,5351,4282.0,0.7679522207139842,6,71023,0.265116,0.2698903052062171,1072.048339555823,0.3264942409051432,0,48.0
2026-04-01,49,129297,601,Employed,Bachelor,28,25082,24,Married,0,Mortgage,286,0.5449787860348559,4,0,0.031228061983188005,0,Education,0,29,1,1604,869,16529,12721,10774.75,0.9190223405967619,4,3808,0.19958199999999998,0.20249737555669514,1279.6306413382313,0.1453055190457534,1,40.0
2026-04-02,23,16012,590,Employed,High School,3,18953,48,Married,0,Mortgage,240,0.3996329015949324,4,1,0.19194593170688937,1,Auto,0,22,20,1609,424,100149,22194,1334.3333333333333,0.9703253055841923,3,77955,0.218953,0.20376178748380022,580.5521495189946,0.6149528974661463,0,62.0
2026-04-03,40,45713,574,Employed,High School,19,17413,48,Divorced,2,Mortgage,308,0.18294752298755998,2,1,0.2865870461069821,0,Home,0,18,7,2472,1248,72269,13139,3809.4166666666665,0.7947950509432333,3,59130,0.22541300000000003,0.18439424282001138,515.5138825778986,0.21617847419628516,1,40.800000000000004
2026-04-04,18,16468,544,Employed,High School,0,42019,60,Divorced,3,Own,625,0.1118522863478084,5,1,0.4174260398962615,0,Auto,0,24,4,3370,1137,372703,14100,1372.3333333333333,0.6619176430317882,7,358603,0.275019,0.27418785930653783,1293.602156512138,1.3980584089231027,0,54.0
2026-04-05,56,66900,540,Employed,Associate,33,29806,48,Married,0,Rent,717,0.08446549360421203,3,3,0.3098673381384504,0,Other,0,21,16,966,547,130915,8394,5575.0,0.5530600113182401,5,122521,0.254806,0.25453938015868716,995.8426518221534,0.3072363501026284,0,49.0
2026-04-06,58,46729,638,Employed,Master,35,8295,60,Divorced,0,Rent,373,0.24515477813578213,4,1,0.540393626469989,0,Auto,0,28,4,11544,1112,29616,32940,3894.0833333333335,0.9260292843496081,5,7547,0.194295,0.1799428043351132,210.6126720226491,0.14987164425242974,0,59.0
2026-04-07,36,300000,610,Employed,Bachelor,16,18202,36,Married,3,Mortgage,805,0.2601708634612466,0,0,0.4879350584588466,0,Other,0,26,3,1779,6903,129255,13213,25000.0,0.9158449802655266,5,116042,0.198202,0.22531906961092188,700.1612910125248,0.060206451640500994,1,40.0
2026-04-08,45,22114,660,Employed,Doctorate,20,21782,12,Married,0,Mortgage,372,0.03606741573786343,3,1,0.6323897493036423,0,Debt Consolidation,0,26,5,9275,2286,78425,35791,1842.8333333333333,0.6112179300134475,4,42634,0.156782,0.15533070576939478,1971.4897888100786,1.271677555653475,0,55.0
2026-04-09,46,101796,496,Self-Employed,Associate,24,11671,108,Married,1,Mortgage,249,0.21031318808192778,1,0,0.4813140448273812,0,Debt Consolidation,0,21,26,5708,906,76440,7043,8483.0,0.9295749403091568,2,69397,0.30867100000000003,0.2918408273860619,306.73272394920775,0.0655113431509145,1,44.800000000000004
2026-04-10,18,91656,561,Employed,Bachelor,0,23486,36,Single,3,Mortgage,356,0.3976816243246911,3,0,0.4571317996628506,0,Other,0,16,17,4843,756,39079,35092,7638.0,0.7771764178377181,3,3987,0.227986,0.2311005762624336,910.4842824629685,0.16581360074142035,0,55.0
2026-04-11,60,17765,550,Employed,High School,34,27596,36,Married,2,Own,303,0.04537093170301592,4,1,0.24791047354148962,0,Debt Consolidation,0,28,26,5026,8322,32786,79123,1480.4166666666667,0.8610481538567479,11,5295,0.237596,0.2581147969968438,1109.090516183357,0.9538466757219412,0,53.0
2026-04-12,44,55121,603,Employed,Doctorate,24,20085,120,Married,1,Rent,261,0.3905843723991655,3,2,0.27615064834652703,0,Home,0,36,6,2802,3961,213517,28181,4593.416666666667,0.7790989623275343,8,185336,0.27358499999999997,0.265424654243658,478.9376054211439,0.1610865417001456,1,37.6
2026-04-13,37,31898,562,Self-Employed,Bachelor,12,24753,12,Divorced,0,Mortgage,439,0.09626237696332726,3,2,0.08311739675292067,0,Home,0,20,6,11324,1061,12385,73894,2658.1666666666665,0.6913993630617964,9,10188,0.208753,0.21569142557404877,2311.611953380301,1.0347778368726446,0,55.0
2026-04-14,36,15252,565,Unemployed,High School,15,30294,96,Married,2,Mortgage,520,0.22492559811539362,2,3,0.20013219239959942,0,Education,1,18,22,3222,2196,14126,39151,1271.0,0.8511434186404796,6,7656,0.282794,0.27476652753615605,782.7186702151619,1.0249556807357685,0,63.0
2026-04-15,41,113164,445,Self-Employed,High School,16,13327,36,Single,2,Rent,197,0.32279010919858075,2,4,0.43389911523956576,1,Home,0,17,13,3641,3409,71090,27836,9430.333333333334,0.9419008437136052,5,43254,0.27582700000000004,0.2526166115105524,531.7252567337467,0.07727460217741473,1,56.0
2026-04-16,44,80571,597,Self-Employed,High School,21,7291,48,Divorced,0,Mortgage,512,0.41466018140309785,4,1,0.4399878022610591,0,Debt Consolidation,0,26,1,525,392,63530,29511,6714.25,0.8593362340376025,4,34019,0.203791,0.20468258295494482,223.69083350376135,0.1095715580301242,1,50.400000000000006
2026-04-17,18,23908,535,Employed,Master,0,7890,24,Married,3,Mortgage,498,0.3482527090605058,1,2,0.09513750554612585,0,Debt Consolidation,0,21,25,23183,1115,27115,21445,1992.3333333333333,0.897297363588716,4,5670,0.21539,0.258468,424.4609365855839,0.46300532202722966,0,52.0
2026-04-18,21,15000,486,Employed,Associate,0,33250,36,Divorced,1,Own,216,0.23401981051726933,2,0,0.24602803321542913,0,Debt Consolidation,0,17,23,1439,811,50898,6202,1250.0,0.8168266146440493,5,44696,0.27525,0.2202,1270.176618691207,1.1889412949529656,0,54.0
2026-04-19,36,25029,569,Employed,Bachelor,18,16976,12,Married,1,Rent,199,0.4542706714756931,4,1,0.2814244530385773,0,Home,0,34,14,1116,2091,29609,11899,2085.75,0.8636920514822682,8,17710,0.197476,0.20716242024155634,1578.388444131504,0.852157949961167,0,55.0
2026-04-20,36,23193,616,Employed,Bachelor,16,11935,96,Single,3,Other,258,0.3603088730651998,5,0,0.15301126011809466,0,Education,0,30,25,4220,450,38361,18741,1932.75,0.9818009027093263,2,19620,0.238935,0.2537535890675609,291.4783163805393,0.28429870204658614,0,49.0
2026-04-21,50,45508,665,Employed,Master,25,19095,60,Single,1,Rent,423,0.11785003738237337,4,0,0.02450475355716448,0,Education,0,29,18,327,2081,256004,2607,3792.3333333333335,0.6683188776871649,7,253397,0.19159500000000002,0.20452773843848926,510.7233245486389,0.24621341070984587,1,30.400000000000002
2026-04-22,41,54103,579,Employed,Associate,18,12510,36,Married,2,Rent,898,0.08538961559519619,4,0,0.1693960868853096,0,Debt Consolidation,0,20,13,6493,1131,31770,14315,4508.583333333333,0.7810475164371973,8,17455,0.20801,0.217525666187624,476.16271661362316,0.30478813742978167,0,49.0
2026-04-23,36,20316,570,Employed,Bachelor,15,37657,24,Married,1,Rent,460,0.2965181942347999,2,1,0.220170543041521,0,Auto,0,17,6,4453,279,28447,16918,1693.0,0.8693006071797782,2,11529,0.227657,0.22435146177280982,1961.677132353744,1.4304058667181005,0,56.0
2026-04-24,65,24924,667,Employed,Bachelor,39,29118,24,Single,2,Mortgage,322,0.042084035691969626,5,0,0.33145193366287823,0,Auto,0,24,25,17934,1151,44739,56179,2077.0,0.8480088308252941,9,2215,0.170618,0.19267348984373428,1471.5830865751127,0.8635450585339974,0,49.0
2026-04-25,18,66592,449,Employed,Bachelor,0,13959,36,Single,3,Mortgage,565,0.11776899234518798,4,2,0.470486401233106,0,Home,0,25,28,3635,7037,23343,11977,5549.333333333333,0.9596992926728531,9,11366,0.274459,0.2535995791364032,557.6683391768689,0.2023068847627707,1,44.0
2026-04-26,50,35954,503,Employed,Bachelor,30,12489,120,Married,1,Own,232,0.5865671263802648,6,2,0.11266621373560833,0,Other,0,24,22,2620,76,66044,37301,2996.1666666666665,0.9777656503597567,3,28743,0.31598899999999996,0.3547123309335557,380.71283091317645,0.20449891447288532,0,52.0
2026-04-27,45,36801,514,Employed,Associate,20,33916,36,Married,0,Rent,540,0.3031179899670208,2,1,0.26375533257502515,0,Home,1,24,19,7058,1040,28153,63811,3066.75,0.8562507199397936,6,10747,0.26191600000000004,0.24854841499286962,1345.8918044084267,0.6149480082851314,0,59.0
2026-04-28,33,62544,536,Employed,High School,15,40746,72,Married,2,Other,116,0.35971518052029994,3,1,0.46041281301109815,0,Debt Consolidation,0,22,7,7699,1522,95491,17146,5212.0,0.9597157008887374,3,78345,0.287746,0.3166535433568292,1269.8844402713182,0.26590261708966195,0,55.0
2026-04-29,20,44329,507,Employed,Bachelor,0,31527,36,Single,1,Rent,643,0.5968293496508649,3,2,0.3211598744941641,0,Debt Consolidation,1,31,17,4150,407,115598,10532,3694.0833333333335,0.7960923697694855,4,105066,0.263027,0.25706431403309266,1265.3172576459149,0.5165874955841769,0,58.0
2026-04-30,32,59273,610,Employed,High School,11,12500,48,Single,4,Own,611,0.7708127226629005,1,0,0.25152068803852246,0,Education,0,20,2,626,1108,15131,10273,4939.416666666667,0.7024559939045698,6,4858,0.2025,0.20097677828341023,381.03036046705927,0.20083957831735716,0,55.0
2026-05-01,31,15000,619,Employed,Bachelor,8,23901,60,Married,0,Rent,402,0.125246949937872,3,0,0.3053674850364735,1,Other,0,24,20,891,4035,57143,42748,1250.0,0.8658816837259896,5,14395,0.219401,0.20145174821410594,635.1625244065482,0.8297300195252385,0,64.0
2026-05-02,52,15000,584,Employed,Associate,32,12412,60,Married,4,Rent,1627,0.2711092685716596,2,0,0.5421226738327907,0,Debt Consolidation,0,23,8,4628,2083,125240,136567,1250.0,0.7108764174548947,4,8996,0.225412,0.27049439999999997,379.37134141761214,1.60509707313409,0,61.0
2026-05-03,28,63234,596,Employed,Master,8,37485,24,Single,1,Own,476,0.14715223823155518,2,4,0.10092253113117039,0,Other,0,21,25,1822,457,59482,39048,5269.5,0.5881272420402615,6,20434,0.21448499999999998,0.19899257368218723,1905.984859365774,0.452032424208326,0,49.0
2026-05-04,62,107304,494,Employed,Associate,39,15567,48,Married,0,Rent,226,0.36717643287558854,1,2,0.1593717724698587,0,Education,0,21,13,1669,1876,56704,18717,8942.0,0.8157815134537932,2,37987,0.263567,0.2748007514680793,537.9221630027407,0.08543079434161717,1,39.2
2026-05-05,40,287266,644,Self-Employed,Master,17,22906,36,Single,3,Own,359,0.08241466637587595,2,2,0.5261327615782905,0,Debt Consolidation,1,20,28,2006,328,159229,7435,23938.833333333332,0.7633091699713141,6,151794,0.18590600000000002,0.19104869520341142,840.8578058653441,0.05012181626222431,1,45.6
2026-05-06,18,31922,520,Employed,Bachelor,0,28725,84,Divorced,1,Rent,688,0.4074776479926491,5,0,0.2968917269623456,0,Auto,0,22,9,873,557,203068,70972,2660.1666666666665,0.8681123986161802,6,132096,0.293725,0.2621582615921199,749.554557679698,0.5404001845798001,0,51.0
2026-05-07,34,112860,546,Employed,High School,9,19509,24,Single,2,Own,477,0.47602390068738754,3,1,0.19410723978080138,0,Other,0,18,4,1995,1085,69736,84687,9405.0,0.598675076884721,6,5302,0.22150899999999998,0.23304880006494458,1024.7061916966466,0.15967104643239197,0,53.0
2026-05-08,27,28638,515,Employed,Bachelor,4,13800,48,Divorced,2,Mortgage,530,0.4691312559251413,3,1,0.6562357124073743,0,Education,1,26,20,22265,3709,125427,9394,2386.5,0.8958701366897769,5,116033,0.2513,0.24433367375037945,453.2179248447598,0.41199158803467834,0,63.0
2026-05-09,40,58694,557,Employed,Master,17,19934,12,Single,2,Mortgage,169,0.03359596043579405,2,0,0.3071859363120998,0,Debt Consolidation,0,23,5,228,387,124982,17805,4891.166666666667,0.7509133870533501,5,107177,0.206434,0.18966618924085796,1836.7316697748283,0.41007223970589735,1,40.800000000000004
2026-05-10,54,70362,483,Employed,Associate,29,41264,36,Divorced,4,Rent,280,0.3560845264754312,6,0,0.1952842307635441,0,Education,0,28,17,844,805,40240,12990,5863.5,0.5330587131502037,3,27250,0.284764,0.22781120000000002,1592.6143344407164,0.31936801133123843,1,40.0
2026-05-11,32,84117,567,Employed,Bachelor,11,12457,36,Married,0,Rent,387,0.09649697957343284,7,3,0.49130943704453806,0,Debt Consolidation,1,18,21,2965,278,131031,9304,7009.75,0.9480385289626456,3,121727,0.21395699999999998,0.2073267711073763,467.61028130208445,0.12191736956411918,1,44.800000000000004
2026-05-12,52,192632,625,Employed,Associate,32,13189,60,Married,2,Mortgage,468,0.6377730835585541,0,1,0.5578847532459998,0,Home,0,23,7,3112,1253,16812,34957,16052.666666666666,0.8315495209048601,8,7714,0.205689,0.20811529517127583,355.4098961228523,0.051294274852953965,1,44.800000000000004
2026-05-13,47,200325,618,Employed,Associate,24,8875,84,Divorced,0,Rent,339,0.37022150407816673,3,1,0.48467143273432634,0,Other,1,20,14,7015,246,59850,67446,16693.75,0.7919883054815483,2,10970,0.22487500000000002,0.22771412633245672,212.15268364781957,0.03301551081379676,1,45.6
2026-05-14,30,24712,644,Employed,Doctorate,5,37970,60,Married,3,Mortgage,212,0.16227435862728576,3,0,0.24656830997856016,0,Other,0,23,29,11147,615,46467,27440,2059.3333333333335,0.7699980049060783,6,19027,0.22097,0.2086414740366104,1024.3165134020528,0.6003479346400385,0,50.0
2026-05-15,41,46800,587,Employed,High School,19,40122,48,Married,0,Rent,253,0.4285714535282097,2,0,0.1869031791610897,0,Home,0,24,15,241,1632,29007,14543,3900.0,0.6527991115709358,3,14464,0.241622,0.219094358779061,1262.1150090801505,0.3884910279692694,0,52.0
2026-05-16,50,48344,607,Unemployed,Bachelor,27,22224,84,Married,1,Own,473,0.09600109790082863,7,2,0.24782926895338164,0,Auto,0,24,23,21763,2900,24663,24432,4028.6666666666665,0.8121364004955163,4,6354,0.243724,0.2592409116584573,575.7228805007486,0.2603151283718555,0,52.0
2026-05-17,74,49949,620,Employed,Bachelor,52,27647,12,Single,0,Mortgage,390,0.4841506474748644,3,1,0.2968230966464538,1,Education,0,17,11,3236,1453,50800,19231,4162.416666666667,0.7287720840813133,6,31569,0.18264700000000003,0.19750704332549987,2557.7687050257964,0.7081868397827695,0,63.0
2026-05-18,31,96797,488,Employed,Bachelor,10,29950,96,Married,1,Other,253,0.45146369506471573,3,0,0.3260984549344821,0,Home,0,29,5,8496,3792,35156,16259,8066.416666666667,0.7542919189634939,6,18897,0.32095,0.2869825063461596,798.8917983968777,0.13040385116028938,0,56.0
2026-05-19,54,48194,488,Employed,Bachelor,34,17894,36,Married,0,Mortgage,183,0.17965931101175683,2,1,0.2639059450545278,0,Debt Consolidation,0,24,17,3818,1648,40243,18886,4016.1666666666665,0.7322153678434956,6,21357,0.25889399999999996,0.2826440610271414,742.7184807395014,0.23049802400452374,0,52.0
2026-05-20,18,36013,562,Employed,Bachelor,0,26386,120,Married,2,Mortgage,283,0.35179635001735393,5,1,0.06316090444519265,0,Home,0,22,29,705,2545,83505,22912,3001.0833333333335,0.8578000763556378,5,60593,0.300386,0.30842219199782644,712.051441695448,0.3315640824242739,0,49.0
2026-05-21,36,27087,566,Unemployed,Bachelor,15,10100,60,Married,0,Rent,184,0.2491188249709681,3,2,0.5408172250733538,0,Home,0,32,8,3831,208,26194,16207,2257.25,0.5117946639238015,4,9987,0.23209999999999997,0.20844854823247383,272.358214484487,0.20217442218827644,0,64.0
2026-05-22,47,52300,606,Employed,Bachelor,22,18231,24,Married,1,Own,438,0.16102223010384828,2,2,0.20624876320586566,0,Auto,0,32,22,951,370,180842,10417,4358.333333333333,0.7022496869531553,5,170425,0.19023099999999998,0.18828859370024686,917.4843249628959,0.311009787754393,1,35.2
2026-05-23,31,55151,596,Employed,Bachelor,10,41264,60,Single,0,Mortgage,920,0.7158545259483644,3,1,0.14202511798330228,0,Debt Consolidation,0,16,17,396,4598,63174,35235,4595.916666666667,0.6844069155806644,5,27939,0.24826399999999998,0.23384014067544562,1172.3737492930695,0.45526799136038937,0,52.0
2026-05-24,68,26348,588,Employed,Associate,48,56486,36,Single,4,Rent,377,0.38980713834716896,3,0,0.3802176071598569,0,Auto,1,20,25,552,136,26007,25699,2195.6666666666665,0.9534384767474536,3,7502,0.247486,0.2744957350612415,2319.6985321789016,1.228191224614651,0,62.0
2026-05-25,53,29124,615,Employed,Doctorate,30,32463,48,Divorced,0,Mortgage,428,0.4024692090867012,4,1,0.08570113422338954,0,Debt Consolidation,0,19,25,3313,2238,252949,12033,2427.0,0.8259372894089515,2,240916,0.219963,0.22685984345856322,1034.9097961031193,0.6027646461075894,0,46.0
2026-05-26,38,87094,512,Employed,Bachelor,15,23447,60,Divorced,2,Mortgage,511,0.19049091782188074,3,2,0.023153670781160856,0,Auto,0,18,3,6532,4533,94657,44203,7257.833333333333,0.9634212435202671,3,50454,0.272447,0.2560637498922625,696.5606796246851,0.1663803264920227,1,39.2
2026-05-27,29,27974,479,Self-Employed,Associate,4,31977,72,Married,2,Mortgage,493,0.027773170828711176,1,1,0.31503610599094517,0,Home,0,24,23,17382,869,173483,41506,2331.1666666666665,0.9128352303705562,10,131977,0.307477,0.3573993004551456,1083.3143968221973,0.6761912047567873,0,54.0
2026-05-28,26,20095,603,Employed,Associate,4,17263,48,Married,4,Own,619,0.20302018604012761,2,1,0.15850717367325273,0,Auto,1,26,29,1106,372,362278,86304,1674.5833333333333,0.9349242090765822,9,275974,0.210763,0.23710805956290992,560.0490965772809,0.704085053940153,0,49.0
2026-05-29,38,60937,624,Employed,Master,17,15338,84,Married,5,Rent,198,0.2776439622615272,3,0,0.19112579660505752,1,Home,0,29,10,1737,1270,143114,22666,5078.083333333333,0.47488986240851866,5,120448,0.228338,0.24006164416516274,378.5373822352476,0.11353444683563306,0,55.0
2026-05-30,44,23411,551,Employed,Master,21,23788,60,Divorced,3,Mortgage,344,0.27844734520560127,5,0,0.24903410168504445,0,Home,0,19,17,1114,318,14872,4203,1950.9166666666667,0.6960330361696502,2,10669,0.253288,0.23943230795791662,683.5487568091986,0.5267004861693384,0,54.0
2026-05-31,21,64904,531,Employed,Associate,0,20200,48,Divorced,1,Mortgage,394,0.10920626180410242,2,4,0.2163803642716946,0,Home,0,19,6,1159,3367,21051,23710,5408.666666666667,0.8955785686612031,6,2477,0.2497,0.2096381034035453,625.1139096249829,0.18842239177092002,0,53.0
2026-06-01,51,130690,603,Employed,High School,27,17985,72,Single,1,Mortgage,636,0.33325431132577715,4,1,0.1876801747598974,0,Debt Consolidation,1,29,14,16738,907,144133,122365,10890.833333333334,0.695324656066787,6,21768,0.231485,0.24369758989514229,477.53315123136144,0.10224499054844545,1,40.800000000000004
2026-06-02,45,35051,586,Employed,High School,22,24685,48,Married,1,Mortgage,387,0.4251845296728348,4,2,0.35627877915017075,0,Debt Consolidation,0,20,6,473,891,254476,24796,2920.9166666666665,0.874019093845188,5,229680,0.226685,0.23689070753723526,800.5390259784632,0.40656381591799257,0,54.0
2026-06-03,59,120938,598,Employed,High School,34,25281,24,Single,0,Own,421,0.14807087160522764,5,1,0.7016431600118267,0,Auto,0,26,19,5508,217,349297,15476,10078.166666666666,0.8717348222334311,2,333821,0.201281,0.24153719999999998,1338.57462869939,0.17459272969945494,1,39.2
2026-06-04,33,47153,590,Employed,Bachelor,7,17432,36,Divorced,0,Rent,174,0.4300614989300139,0,0,0.165359550376494,0,Other,0,21,21,3790,1278,41990,50547,3929.4166666666665,0.7478370399662758,4,4216,0.207432,0.19336444950000034,641.956904697938,0.2076534442426835,1,41.6
2026-06-05,35,64544,546,Employed,Master,13,11953,48,Married,0,Rent,1131,0.3316534910956313,2,1,0.17458515557350113,1,Education,0,30,21,3552,362,96201,36419,5378.666666666667,0.977988020800626,4,59782,0.233953,0.23683081017731267,387.5984878665442,0.28233734900840557,0,60.0
2026-06-06,48,47941,546,Employed,Bachelor,26,23251,24,Single,2,Mortgage,692,0.12065155947981861,1,1,0.11904198674595715,0,Home,0,22,15,1872,1359,122575,5579,3995.0833333333335,0.8421512325406654,9,116996,0.22525099999999998,0.27030119999999996,1264.7497688075937,0.4897894750983735,0,46.0
2026-06-07,55,54518,656,Employed,Associate,32,75939,24,Single,0,Mortgage,797,0.5744259243765558,1,2,0.47720910052759064,0,Debt Consolidation,1,25,18,2245,1038,6235,9649,4543.166666666667,0.9272220999225306,8,7753,0.222939,0.21409549417054105,3917.4678455946146,1.0377052376671074,0,57.0
2026-06-08,35,48542,578,Employed,High School,15,29502,24,Married,0,Mortgage,443,0.12322975586000805,1,0,0.3176079052731754,0,Home,0,29,4,563,528,202446,36242,4045.1666666666665,0.9165093512357544,6,166204,0.215502,0.19874533944103615,1499.7203384012817,0.4802571806026818,0,53.0
2026-06-09,45,56351,634,Employed,Bachelor,23,17311,108,Single,1,Own,140,0.0557180841491043,1,0,0.13711173374481514,0,Education,1,20,24,2335,1248,47567,43067,4695.916666666667,0.8146310244658398,6,4500,0.245311,0.2302460201807376,381.08082701284985,0.11096466653926633,0,52.0
2026-06-10,40,45085,625,Employed,High School,19,34951,72,Divorced,0,Rent,784,0.28674067404362197,4,0,0.23437555621927333,0,Education,0,23,7,41892,358,289664,22210,3757.0833333333335,0.9331484903004197,3,267454,0.23745100000000002,0.21595504096231435,869.8112232933199,0.44018486590927886,0,45.0
2026-06-11,32,44606,496,Employed,High School,9,33376,36,Single,2,Mortgage,398,0.2964443182524117,1,2,0.14342332716198014,0,Education,0,29,27,5839,2128,160251,3932,3717.1666666666665,0.38375906337244253,6,156319,0.27037599999999995,0.25938129700095747,1343.639981300658,0.4685396533113908,0,47.0
2026-06-12,40,18626,606,Employed,High School,17,14766,84,Married,2,Other,296,0.2904118784693904,3,1,0.22601069702086396,0,Auto,0,26,24,1373,14873,16246,55144,1552.1666666666667,0.9467060785153555,3,9979,0.236766,0.2359987673726669,360.6361139228236,0.4230448495154023,0,51.0
2026-06-13,40,83129,513,Employed,Master,18,18132,12,Married,4,Rent,437,0.3458314538065214,3,1,0.15545178651001987,0,Auto,0,22,17,5333,568,85104,79575,6927.416666666667,0.6837734936455451,6,5529,0.22663200000000003,0.2431264283133429,1717.299171487583,0.31098160759603743,1,39.2
2026-06-14,41,31595,611,Employed,High School,17,18357,60,Single,0,Own,745,0.23312570352643555,1,1,0.0385123661597634,0,Education,0,31,27,5247,721,124000,4049,2632.9166666666665,0.4927595316926954,6,119951,0.21785699999999997,0.22601364797875292,513.2968194878691,0.4779098538963263,0,44.0
2026-06-15,39,59763,610,Employed,Master,19,15517,12,Divorced,1,Mortgage,435,0.17830008444491444,4,0,0.26089694622535825,0,Auto,0,31,21,2059,570,33713,27228,4980.25,0.7597631678519489,5,6485,0.175517,0.17841677095520567,1421.42953656162,0.3727583026076241,1,38.400000000000006
2026-06-16,57,34128,636,Employed,Master,37,15121,36,Divorced,3,Rent,770,0.30143267794379935,3,0,0.4565523009506231,0,Education,0,23,9,7231,1369,268819,18782,2844.0,0.6846649582608262,3,250037,0.182121,0.19109754927714057,555.1151282192953,0.46593358938793794,0,49.0
2026-06-17,41,56645,553,Employed,Associate,21,18826,48,Single,0,Rent,433,0.42263242279199564,3,0,0.5973606709056282,0,Home,0,21,21,4595,1032,16018,17392,4720.416666666667,0.7849687380896634,9,10759,0.237326,0.274794784384028,650.5314454168062,0.22954148371439087,0,59.0
2026-06-18,49,72245,629,Employed,High School,25,14503,24,Single,3,Own,449,0.21008724606541837,3,1,0.17276553404331116,0,Debt Consolidation,0,24,7,6724,1360,28314,21057,6020.416666666667,0.9429204069413798,3,7257,0.175003,0.18907267369946126,730.4229194517086,0.19590386924244588,0,48.0
2026-06-19,58,40290,581,Employed,High School,37,10377,48,Married,3,Other,521,0.38751614670660306,1,1,0.14549431218962733,0,Debt Consolidation,0,26,14,657,3588,173527,39571,3357.5,0.9109460800777307,2,133956,0.214877,0.22959144594072278,332.3658835305221,0.2541670539182493,0,47.0
2026-06-20,39,37230,591,Employed,Associate,16,8873,96,Married,2,Rent,497,0.3849924030674436,4,2,0.5649781035680497,0,Debt Consolidation,0,26,19,402,1825,14271,21410,3102.5,0.8184191694993169,5,2142,0.248373,0.27131027061292623,227.17099834038657,0.23341530969875476,0,59.0
2026-06-21,28,32477,615,Employed,Associate,9,28875,24,Single,0,Other,563,0.4030878133974231,5,0,0.19720566602116982,1,Home,0,27,25,5974,843,130477,46030,2706.4166666666665,0.722777195854906,5,84447,0.196375,0.15805778299979664,1411.1316559910929,0.729426359327928,0,59.0
2026-06-22,24,59367,477,Employed,High School,0,11851,60,Widowed,0,Rent,235,0.29765347540257664,3,0,0.2560785702111955,0,Other,0,21,5,4403,1070,152727,13941,4947.25,0.8094973284549593,3,138786,0.278351,0.2625822358441574,356.6384439883088,0.11958935650882992,0,50.0
2026-06-23,44,68430,575,Employed,Bachelor,21,23147,60,Married,2,Mortgage,528,0.22166609939530685,3,1,0.23483121323392125,0,Debt Consolidation,0,22,13,14721,944,198841,24354,5702.5,0.9223847731708453,4,174487,0.240647,0.23080974423660092,653.6021514836526,0.2072077424785011,1,38.400000000000006
2026-06-24,34,47611,555,Employed,Associate,11,24284,60,Single,2,Rent,707,0.02900105537898475,2,3,0.6662840829151614,0,Other,0,29,20,2150,1708,79626,39801,3967.5833333333335,0.7735109872435311,6,39825,0.251784,0.26930946259430305,740.5179541340508,0.3648361817564976,0,58.0
2026-06-25,46,44565,545,Employed,Bachelor,25,15661,48,Married,0,Own,859,0.33966188193931274,4,1,0.39855554954240335,0,Debt Consolidation,0,17,25,1894,607,81680,169316,3713.75,0.8141026328978014,9,2532,0.238161,0.2626230826472972,530.3605457319316,0.37411256700960793,0,55.0
2026-06-26,44,15000,556,Unemployed,High School,21,27683,48,Divorced,1,Mortgage,276,0.4870914909301594,3,1,0.35296133249603795,0,Home,0,20,3,510,709,17630,56565,1250.0,0.8503909163166958,5,10131,0.244683,0.2173704872974319,868.2356674009035,0.9153885339207227,0,63.0
2026-06-27,26,34052,527,Employed,Associate,8,9721,60,Married,4,Mortgage,420,0.1101767410477854,2,0,0.24858261814956595,0,Other,0,26,17,1820,289,665185,17953,2837.6666666666665,0.9234389583804244,2,647232,0.251221,0.23607991714588644,277.445898107788,0.24578147472375944,1,35.2
2026-06-28,46,42873,611,Self-Employed,High School,25,10828,48,Married,4,Rent,278,0.270527913706945,7,1,0.2537426101935316,0,Home,0,21,22,2733,358,24359,18639,3572.75,0.6527745020420425,6,5720,0.200328,0.1998087409926646,329.38963429457925,0.17000619531021743,0,53.0
2026-06-29,74,58344,683,Self-Employed,Bachelor,51,59299,36,Widowed,4,Rent,201,0.34625321599925907,3,1,0.2929160905559368,0,Education,0,17,9,6541,166,13532,31090,4862.0,0.7218740371848029,4,7823,0.202799,0.21554505986092623,2251.01204929574,0.5043216884606623,0,50.0
2026-06-30,59,48360,620,Employed,Associate,35,35920,72,Single,0,Own,383,0.5646652014360858,7,1,0.550139537824491,0,Debt Consolidation,0,27,12,11207,1939,33473,29765,4030.0,0.8007164245866664,5,3708,0.24092000000000002,0.27477400591961965,1022.8951580442678,0.34885735931619544,0,57.0
2026-07-01,69,104629,644,Employed,High School,49,40275,24,Divorced,2,Own,567,0.3650933926235142,2,3,0.12527770387787632,0,Home,1,23,9,20620,418,52150,16957,8719.083333333334,0.6400236729075041,7,35193,0.193275,0.18984621732211265,2029.9061537430366,0.2978416485383253,0,53.0
2026-07-02,43,138249,631,Employed,Doctorate,22,22801,72,Married,0,Mortgage,737,0.40655170419894016,1,0,0.33951074421102084,0,Education,1,29,23,910,1099,175302,9819,11520.75,0.746093739044402,6,165483,0.222301,0.23973332609691417,599.9090062627736,0.11604357409567724,1,41.6
2026-07-03,37,23812,572,Employed,Master,14,45676,96,Married,0,Rent,541,0.36423656349887207,3,1,0.25787557314206133,0,Education,0,26,11,3384,474,48883,67886,1984.3333333333333,0.7498768472034937,2,4223,0.294676,0.2944449125447651,1241.9388477489704,0.8985077344610971,0,54.0
2026-07-04,53,55812,585,Employed,Associate,33,19749,36,Married,3,Rent,415,0.2050757095664558,2,1,0.5998878802355607,0,Home,0,26,9,11413,2884,23156,25408,4651.0,0.8673208854257437,5,6002,0.212249,0.21031081655232578,744.3601065685634,0.24927114740240022,0,59.0
2026-07-05,33,51234,629,Employed,Bachelor,8,19158,36,Married,4,Rent,170,0.38554133794155493,3,0,0.3256063416764112,0,Debt Consolidation,0,27,24,6728,996,28420,15244,4269.5,0.819677231438662,4,13176,0.18965800000000002,0.21417462880860624,725.8918008022683,0.209835297061077,0,51.0
2026-07-06,20,19255,565,Employed,Associate,1,21834,48,Single,1,Rent,203,0.4314210067588468,3,0,0.7032431793923133,0,Home,0,29,9,1416,2877,4293,6681,1604.5833333333333,0.9529682973105237,8,9290,0.234334,0.2626997449576807,739.5038856398811,0.5873823229124162,0,62.0
2026-07-07,28,31800,501,Employed,Bachelor,5,11363,84,Divorced,2,Rent,129,0.3814557091514376,0,2,0.3437476284851278,0,Auto,1,26,6,471,766,47012,119980,2650.0,0.7758554460056051,7,10317,0.285863,0.2793336608288599,309.26366372549165,0.16538251461339307,0,63.0
2026-07-08,30,87404,587,Employed,Associate,7,51245,96,Married,2,Mortgage,369,0.0788475369929141,1,3,0.3137158567943506,0,Auto,0,32,23,7232,814,40316,107414,7283.666666666667,0.9448207740836142,4,5730,0.29274500000000003,0.26573741540646867,1292.679161757188,0.22813772757638387,0,52.0
2026-07-09,30,30448,512,Employed,Bachelor,9,8648,48,Married,2,Rent,375,0.1339967412209532,2,2,0.0893473628158209,0,Auto,0,14,11,9994,2615,46623,10405,2537.3333333333335,0.9240083219454998,3,36218,0.247648,0.24155603049590413,282.6851153609838,0.2592032772048018,0,50.0
2026-07-10,34,60997,494,Employed,High School,12,22745,48,Married,2,Rent,525,0.2792552706007519,5,3,0.3857371857022433,0,Home,0,23,27,8287,411,456057,65729,5083.083333333333,0.7132068868676764,4,390328,0.27074499999999996,0.2594910870846142,766.249057196183,0.25402870118783216,1,38.400000000000006
2026-07-11,67,32922,522,Employed,High School,44,18171,48,Single,0,Mortgage,178,0.36843405002934737,4,1,0.20886370160555348,0,Home,0,34,25,9933,1304,140878,2018,2743.5,0.9570930860935749,2,138860,0.252171,0.2209724938369642,573.4567305592886,0.2739044033385415,1,39.2
2026-07-12,62,86649,536,Employed,Master,39,22721,36,Married,0,Mortgage,572,0.09037795215329289,2,1,0.274467428005805,0,Home,0,28,6,11093,1397,90928,25410,7220.75,0.6966051713778155,6,65518,0.239721,0.23326512749557426,883.394906329477,0.20155730448076403,1,40.0
2026-07-13,51,37414,649,Employed,Bachelor,31,9097,72,Single,2,Mortgage,193,0.16460595729525576,6,0,0.5820095891104687,0,Other,0,27,11,753,249,22311,20256,3117.8333333333335,0.8817836436813364,5,2055,0.199597,0.21824540275198284,227.62590222330897,0.13490968158121847,0,55.0
2026-07-14,18,38984,582,Employed,Bachelor,0,22050,48,Married,1,Other,528,0.5454092448232868,4,3,0.27562139665860896,0,Auto,0,30,29,2931,841,96140,3393,3248.6666666666665,0.7455443528562848,5,92747,0.22605,0.23318933500522895,710.5935139393068,0.3812621118220727,0,52.0
2026-07-15,29,65091,626,Employed,Bachelor,4,17517,24,Widowed,0,Rent,493,0.22402097718051978,2,4,0.03992875707774571,0,Debt Consolidation,0,23,2,10445,2309,12754,28537,5424.25,0.6819475641665959,8,4971,0.179517,0.17734282396928683,872.273163141566,0.2516980528444607,0,51.0
2026-07-16,53,33449,630,Employed,High School,33,21285,24,Married,1,Own,409,0.4190370452951601,2,0,0.12613448010116998,0,Home,0,24,20,1873,126,147642,13056,2787.4166666666665,0.6843077073950956,8,134586,0.181285,0.18203311348593282,1064.7266309987604,0.5287069739599128,0,45.0
2026-07-17,64,91193,647,Employed,Bachelor,43,14926,48,Married,0,Rent,539,0.3194937246852255,4,1,0.18695778652535344,0,Home,1,26,7,10140,372,16764,8779,7599.416666666667,0.9036768325776677,5,7985,0.186426,0.20090658434594508,454.92486096006326,0.1307896256458364,0,53.0
2026-07-18,47,17158,556,Employed,High School,24,11419,120,Single,0,Mortgage,458,0.13039537955545744,3,0,0.26335730564040233,0,Auto,0,29,2,1131,4344,18126,88593,1429.8333333333333,0.702419735754517,4,10835,0.288419,0.3461028,340.57556825375366,0.5585095476771794,0,57.0
2026-07-19,47,24188,514,Employed,High School,27,24696,72,Married,2,Mortgage,206,0.19112374073136246,4,0,0.05891816725065027,0,Debt Consolidation,0,25,10,2525,327,43913,11357,2015.6666666666667,0.8584040326192167,7,32556,0.282696,0.2927017099380139,731.3781126960798,0.4650461944911922,0,51.0
2026-07-20,58,79910,609,Employed,Bachelor,35,11021,24,Married,2,Other,509,0.44847410166100393,2,0,0.4054262507621638,0,Auto,1,24,18,2022,917,72946,21839,6659.166666666667,0.8595107769848279,5,51107,0.181521,0.2002143027817607,561.0380273904207,0.16068647639450692,1,46.400000000000006
2026-07-21,26,139511,500,Employed,Associate,3,11862,72,Divorced,5,Own,465,0.5801082168700473,2,2,0.07949489685092857,0,Auto,0,17,24,6227,327,24153,25026,11625.916666666666,0.9247107010635066,7,9441,0.276862,0.2214896,299.0958491949776,0.06572349270193555,1,39.2
2026-07-22,48,150094,640,Employed,High School,28,19188,60,Single,3,Other,1100,0.20441273195799037,2,1,0.26876096059198207,0,Auto,0,16,28,874,2347,37276,32498,12507.833333333334,0.7548937487837222,5,4778,0.20418800000000004,0.18726108693381194,494.8600284036037,0.12750889669702484,1,37.6
2026-07-23,61,76052,491,Self-Employed,Bachelor,37,18876,72,Divorced,2,Mortgage,149,0.24041484512943578,1,1,0.16181681170649678,0,Education,0,32,23,3958,272,138809,17257,6337.666666666667,0.81866586996103,7,121552,0.28837599999999997,0.3169348031644781,588.6343501030017,0.11638894705249066,1,39.2
2026-07-24,45,23677,616,Employed,Associate,25,37517,60,Single,0,Own,310,0.33106482600937703,4,0,0.2703726215593688,0,Home,0,21,4,4594,2108,34360,35394,1973.0833333333333,0.6216621106979424,7,6801,0.23451700000000003,0.21969968273994073,1035.5382194866595,0.6819469795092248,0,54.0
2026-07-25,29,50817,587,Employed,Bachelor,4,16639,48,Single,2,Other,726,0.515871379838061,4,0,0.17164858271686728,0,Other,0,28,18,4036,338,32779,16105,4234.75,0.6014557655161578,5,16674,0.218139,0.21677989369465758,521.3251597101947,0.2945451702485849,0,51.0
2026-07-26,43,36001,567,Employed,High School,21,17728,48,Married,0,Own,456,0.17599066837937968,3,0,0.2909267984314302,0,Debt Consolidation,0,15,7,1063,840,35268,65420,3000.0833333333335,0.6237000172787278,6,5495,0.229228,0.19828362377774603,537.8496097980272,0.3312740012104199,0,53.0
2026-07-27,37,100784,616,Employed,High School,12,18368,60,Divorced,0,Mortgage,222,0.36734793937110627,5,0,0.5232696594766683,0,Other,0,28,3,951,2446,127752,157961,8398.666666666666,0.662803208018529,8,9809,0.215368,0.22481395953514072,512.3443691700389,0.08743582741348298,1,45.6
2026-07-28,18,43237,625,Unemployed,Master,0,16499,96,Divorced,1,Own,413,0.4539655641953728,4,0,0.26848386261805596,0,Home,0,28,12,9205,487,206828,20144,3603.0833333333335,0.8388051285291547,5,186684,0.23899900000000002,0.23788080905151598,385.65302971482487,0.22165821765103727,0,50.0
2026-07-29,44,132835,640,Employed,Bachelor,26,23152,36,Single,0,Mortgage,416,0.53573469479749,3,3,0.4399855193538217,0,Debt Consolidation,1,28,15,7021,1500,17337,31443,11069.583333333334,0.9248920364348284,6,5927,0.188152,0.19024927593084529,848.9519958378991,0.11427277411867949,1,46.400000000000006
2026-07-30,48,35573,573,Employed,High School,25,11628,36,Single,0,Mortgage,403,0.2998103278331154,3,2,0.1305924606640039,1,Debt Consolidation,0,22,15,22224,2853,41185,11742,2964.4166666666665,0.8705832413710584,5,29443,0.210128,0.1750714201985215,417.51071956587316,0.2767865694428493,0,63.0
2026-07-31,41,22944,570,Employed,Associate,19,11624,36,Married,1,Rent,161,0.4739091761638806,2,3,0.33036412462704334,0,Home,0,32,27,9690,1649,208897,30796,1912.0,0.8013426659876146,4,178101,0.211624,0.23955623425890998,455.7718814072027,0.3225794358824282,0,53.0
2026-08-01,18,16202,546,Unemployed,Bachelor,0,41142,96,Single,1,Mortgage,407,0.39275163093680016,2,3,0.23508355161373207,0,Debt Consolidation,0,24,25,7249,1422,33627,5472,1350.1666666666667,0.9629704303331422,6,28155,0.303142,0.33595864968985184,1239.330141552311,1.2193532711163888,0,57.0
2026-08-02,54,60768,539,Employed,Associate,31,15013,48,Married,2,Rent,900,0.19043831311083415,5,0,0.2385810049845774,0,Auto,0,31,7,1916,1491,117477,16463,5064.0,0.6962447953541798,7,101014,0.240513,0.2342595406690474,484.69914979072894,0.27343980051159733,0,48.0
2026-08-03,23,33630,468,Employed,Associate,2,15495,48,Divorced,5,Rent,540,0.32641765330032724,4,1,0.17349901245209007,0,Other,1,23,3,3076,1150,187949,67523,2802.5,0.9349006011026061,7,120426,0.276495,0.3047749110660114,562.2242885373627,0.39330037057533007,0,56.0
2026-08-04,46,36431,574,Employed,Bachelor,25,10791,72,Married,1,Own,206,0.20753788729355738,4,1,0.19177842894127456,0,Auto,0,18,22,2292,1121,117075,5977,3035.9166666666665,0.9480982180820773,12,111098,0.238791,0.234980255019799,280.81357470099675,0.16035142862979224,1,37.6
2026-08-05,33,73112,568,Employed,Bachelor,11,34357,36,Single,5,Rent,853,0.525334156273607,5,0,0.53366351364525,0,Auto,0,33,19,2658,1552,317764,9531,6092.666666666667,0.6058062949088607,4,308233,0.23535699999999998,0.2448624972282333,1356.7103312493161,0.36268360836787117,0,53.0
2026-08-06,45,44990,548,Employed,Master,24,23674,36,Divorced,2,Mortgage,287,0.5764948754690693,1,0,0.3000116018881208,0,Home,0,26,10,3998,836,203653,20417,3749.1666666666665,0.9183131528347964,4,183236,0.234674,0.20136928078012872,881.4632422823213,0.3116594555987521,1,41.6
2026-08-07,36,42958,581,Employed,High School,13,22660,24,Divorced,0,Own,435,0.4649985179193531,6,3,0.3298330420582638,0,Home,0,26,4,2132,630,33065,20184,3579.8333333333335,0.8798724884017624,5,12881,0.20715999999999998,0.19849746175988206,1151.6362862744113,0.4432151272241011,0,59.0
2026-08-08,33,35039,459,Employed,Associate,11,17420,60,Single,2,Mortgage,468,0.13797739096219683,5,2,0.30313480957870564,0,Other,0,22,9,4900,676,5576,20915,2919.9166666666665,0.8028720864141721,6,4248,0.29292,0.3221925166486823,587.5710243010175,0.3615072431180174,0,55.0
2026-08-09,45,116684,636,Unemployed,Bachelor,24,13990,24,Widowed,3,Rent,757,0.11952080914135102,3,0,0.3224453354063703,0,Home,1,26,1,10143,412,182282,12698,9723.666666666666,0.9798601483884501,7,169584,0.17099,0.205188,715.5829603872733,0.15144317579657263,1,46.400000000000006
2026-08-10,37,63557,519,Employed,Bachelor,13,11437,24,Divorced,2,Mortgage,800,0.5088230703344487,3,0,0.1696229926328534,0,Education,0,28,22,4838,157,14708,18097,5296.416666666667,0.9584706264693665,6,10074,0.226937,0.23062450679824006,599.3481647266533,0.26420658584766177,1,40.800000000000004
2026-08-11,43,52033,609,Employed,High School,18,39891,48,Married,4,Rent,572,0.3813183628794932,0,1,0.5494070100211682,0,Education,1,21,14,769,2480,729304,11196,4336.083333333333,0.5499721880864326,8,718108,0.230391,0.20842087397780507,1231.8668871964815,0.41601296574016067,0,53.0
2026-08-12,45,68320,586,Employed,Associate,24,45787,108,Single,0,Mortgage,369,0.18545813405768424,2,2,0.2421568911463396,0,Auto,1,14,7,5756,4285,65702,27822,5693.333333333333,0.7360910892676646,3,37880,0.297787,0.30443640991965426,1244.7789419091066,0.2834506338247845,0,58.0
2026-08-13,57,155015,654,Self-Employed,Bachelor,32,23843,48,Married,2,Mortgage,392,0.3707601263681619,3,0,0.4341132033687835,0,Home,1,12,8,2277,319,96268,38160,12917.916666666666,0.6479690215314334,3,58108,0.191843,0.1928006088375506,716.4369365789926,0.08580616868656525,1,44.800000000000004
2026-08-14,39,22119,510,Self-Employed,High School,18,44071,36,Widowed,0,Rent,377,0.6319717937888548,5,0,0.12379459719493817,0,Debt Consolidation,0,25,16,874,293,57491,87156,1843.25,0.8768261285886861,6,1921,0.274071,0.2907172743309811,1848.5468588550953,1.2074036939401032,0,57.0
2026-08-15,57,46095,609,Employed,Associate,34,6651,72,Divorced,2,Mortgage,349,0.3184296288452406,3,2,0.15201621266444748,0,Auto,0,22,11,2777,1159,140428,55286,3841.25,0.8348343468774475,4,85142,0.21715099999999998,0.21208702824274267,164.0042640613301,0.1335513866739551,1,36.800000000000004
2026-08-16,21,62999,583,Employed,High School,0,18646,36,Married,0,Own,223,0.41931753036763225,2,3,0.11999127675523402,0,Debt Consolidation,0,23,20,3290,5292,32466,26183,5249.916666666667,0.736976361353319,7,6283,0.212146,0.22916517513270687,720.9704069256759,0.17980674110871775,0,51.0
2026-08-17,32,77508,472,Employed,High School,9,25073,24,Divorced,0,Own,398,0.3832527649755608,3,1,0.2541004071098558,0,Home,0,23,23,2601,2038,76774,73561,6459.0,0.8202854569624346,5,3213,0.264073,0.27611379797303254,1371.2590433471632,0.273921511588042,0,52.0
2026-08-18,43,92344,582,Employed,Bachelor,17,28100,48,Married,0,Own,439,0.1724425368948189,1,0,0.3484579240748892,1,Debt Consolidation,0,22,22,1426,1494,116656,27601,7695.333333333333,0.8836150228417008,2,89055,0.2321,0.23414134774076564,907.0341622078569,0.17491564093492032,0,62.0
2026-08-19,38,26181,587,Employed,Bachelor,15,22885,36,Married,2,Rent,703,0.5406058968733388,1,1,0.5333477580108127,0,Education,0,17,25,9282,2076,52360,32640,2181.75,0.902856258093598,4,19720,0.214385,0.2260447394093961,881.1611681843815,0.726096559268652,0,61.0
2026-08-20,59,31441,648,Employed,Bachelor,36,11514,36,Single,0,Rent,743,0.18996839250950048,4,0,0.22686160741773723,0,Debt Consolidation,1,22,7,2200,580,27803,16477,2620.0833333333335,0.6177990243354787,1,11326,0.172514,0.1782497002244646,415.24840910509687,0.44206548485293606,0,56.0
2026-08-21,35,31144,556,Employed,High School,11,18339,120,Divorced,1,Rent,233,0.23749210174269295,1,0,0.23844718501585951,0,Education,0,19,28,1148,7352,31648,5339,2595.3333333333335,0.8817112789372124,5,26309,0.295339,0.3174871306550266,507.2979943181139,0.28524197058237116,0,53.0
2026-08-22,40,37117,563,Self-Employed,High School,16,10275,48,Single,1,Other,921,0.20799250888608864,4,2,0.3630333461118471,0,Debt Consolidation,1,24,14,3596,9862,86817,16577,3093.0833333333335,0.8331157745175072,8,70240,0.223775,0.25577855637486807,344.00943983876624,0.40898007053547414,0,62.0
2026-08-23,18,47858,529,Employed,Bachelor,0,12376,60,Single,1,Rent,234,0.4039114448300113,4,2,0.246271066120434,0,Auto,0,20,3,3787,1577,361404,64067,3988.1666666666665,0.8942847950471262,2,297337,0.252876,0.24695733977580112,361.0476639924691,0.14920330912093338,1,40.800000000000004
2026-08-24,43,31435,508,Employed,Associate,21,16392,48,Single,1,Rent,437,0.356317681461108,9,2,0.029639833451432167,0,Home,0,27,8,4056,1435,22634,9648,2619.5833333333335,0.7164933178219887,6,12986,0.257392,0.27126381320958376,563.132052711781,0.38179050843140994,0,52.0
2026-08-25,35,47977,470,Employed,High School,15,28169,36,Single,2,Other,454,0.3050815227720146,2,1,0.43610216748772285,0,Home,1,21,26,8777,2325,11102,95962,3998.0833333333335,0.8692654361790735,5,10225,0.278169,0.26281723770027177,1139.1781631779404,0.39848548175449244,0,63.0
2026-08-26,19,39101,426,Employed,High School,0,54321,48,Single,0,Mortgage,297,0.26632244089609197,2,0,0.7914713401139676,0,Home,0,28,21,5761,2958,147168,6036,3258.4166666666665,0.7984524586055926,6,141132,0.336321,0.30472517904174595,1970.838446188825,0.6959939989838086,0,55.0
2026-08-27,54,25461,536,Employed,High School,27,30365,12,Divorced,2,Mortgage,212,0.33743230094685855,3,1,0.14748106358583715,1,Home,0,14,25,1365,794,74032,6735,2121.75,0.8749925373995177,4,67297,0.227365,0.24283841535336018,2875.474796650493,1.455154847013311,0,62.0
2026-08-28,54,30002,575,Employed,Associate,32,17616,36,Divorced,3,Mortgage,361,0.34293510983785985,3,1,0.6685094219437168,0,Education,0,23,15,13456,594,14050,15854,2500.1666666666665,0.9335177591631237,6,6450,0.215116,0.212936981511883,666.3433684128947,0.4109099533682667,0,59.0
2026-08-29,46,26684,597,Employed,Bachelor,21,25568,36,Married,1,Own,297,0.18474779770878866,4,2,0.3962743379009448,0,Debt Consolidation,0,23,13,3911,1095,18018,15446,2223.6666666666665,0.9274489864329394,4,2572,0.212068,0.2427570549203405,1006.8105491728586,0.5863336302681121,0,55.0
2026-08-30,18,24303,568,Employed,High School,0,21782,72,Married,0,Rent,213,0.4521611059141366,3,0,0.27418742946609076,0,Home,0,18,7,2568,759,39314,19737,2025.25,0.8960366569575118,3,19577,0.25278199999999995,0.23938519721508497,572.6383561054204,0.38792166700674996,0,56.0
2026-08-31,25,44679,504,Employed,Bachelor,3,16961,60,Married,1,Mortgage,647,0.13016805743038748,1,0,0.08604081850466817,0,Home,0,24,1,6269,753,115649,30517,3723.25,0.553035937811461,6,85132,0.269961,0.2750478398243961,523.0390339349224,0.3142520738427241,0,52.0
2026-09-01,37,93991,582,Employed,Associate,13,34274,36,Married,3,Other,261,0.283151190161846,3,2,0.17983397854137814,0,Home,1,23,8,2375,1176,15359,35898,7832.583333333333,0.6892975967231316,4,8701,0.228274,0.1826192,1243.5951816703227,0.1920943726531676,0,56.0
2026-09-02,26,42491,498,Employed,Bachelor,1,23663,48,Married,0,Mortgage,411,0.2651938685002045,2,0,0.4897766408173551,0,Other,0,22,26,2884,2316,55660,15458,3540.9166666666665,0.7077418395666076,8,40202,0.269663,0.26011262576713307,798.0025783463511,0.341437738348267,0,57.0
2026-09-03,49,62495,615,Employed,Associate,28,29142,48,Single,3,Own,252,0.06796381067543306,2,3,0.24019568880122694,0,Auto,0,27,18,1226,578,151432,48236,5207.916666666667,0.8568121509506519,5,103196,0.216642,0.20768590498947356,898.7790115845999,0.22096724760405148,0,44.0
2026-09-04,18,18776,544,Employed,Bachelor,0,28517,36,Married,3,Rent,439,0.3077560796981736,6,0,0.25420885058892545,0,Home,0,26,19,8478,1733,122709,57566,1564.6666666666667,0.7178531861144983,6,65143,0.241517,0.25759969444500197,1145.324455833425,1.012563563591878,0,52.0
2026-09-05,33,18155,506,Employed,Bachelor,11,21555,48,Single,1,Mortgage,144,0.6037550323111534,2,0,0.1530713759133384,0,Home,0,17,11,1023,857,165144,17217,1512.9166666666667,0.8921348967187003,10,147927,0.263555,0.23628843327912102,698.3170517223824,0.556750461066846,0,50.0
2026-09-06,56,35927,591,Employed,Bachelor,34,17048,36,Widowed,2,Own,288,0.5804853635564973,5,3,0.2768905379849345,0,Auto,0,18,21,1292,831,25482,77655,2993.9166666666665,0.7228844493599019,2,8003,0.206548,0.21875556408455804,649.9738345875669,0.3132932339201938,0,54.0
2026-09-07,50,55606,565,Employed,High School,28,32562,48,Married,3,Other,117,0.49730448993748066,3,1,0.11675024745510638,0,Debt Consolidation,0,25,12,1043,1372,65610,10987,4633.833333333333,0.8271383813667573,7,54623,0.245062,0.26416680965100353,1105.5500523790447,0.26383125253657047,0,49.0
2026-09-08,51,96744,639,Employed,Bachelor,26,21772,72,Single,0,Mortgage,132,0.7053646375830107,3,1,0.18716854087025078,0,Other,0,21,21,527,13338,61785,16708,8062.0,0.7482599372871054,5,45077,0.21727200000000002,0.23935099738074853,572.3302909848848,0.08736421371680535,1,38.400000000000006
2026-09-09,33,16568,502,Employed,Master,9,15569,48,Married,1,Mortgage,271,0.10296271663880902,1,0,0.6534360389986882,0,Other,0,22,12,7696,1298,52384,84478,1380.6666666666667,0.570188388927075,5,3006,0.259569,0.2165405734103781,487.5987763562889,0.5494438264289876,0,59.0
2026-09-10,22,15000,590,Employed,High School,0,30044,12,Married,5,Mortgage,465,0.2823328186121707,3,0,0.3938514971938159,0,Education,0,30,1,4647,1545,24575,48381,1250.0,0.8089387799059752,5,3495,0.200044,0.18596149589105182,2762.964833828117,2.5823718670624936,0,60.0
2026-09-11,18,115717,516,Employed,Master,0,29915,84,Single,2,Mortgage,266,0.2899261395543409,4,0,0.23039447524721177,0,Debt Consolidation,0,29,13,602,14961,103331,15366,9643.083333333334,0.7290127691212257,6,87965,0.29691500000000004,0.27420760013058343,804.104142121852,0.11097115985950398,1,39.2
2026-09-12,42,54782,501,Employed,High School,20,8845,36,Divorced,5,Mortgage,279,0.4029652398759908,2,0,0.31237541396123375,0,Home,0,30,26,416,3928,65908,22232,4565.166666666667,0.6085665893868001,7,43676,0.24334499999999998,0.2715062183266807,361.8141417887176,0.14037037168165842,0,55.0
2026-09-13,33,28615,553,Employed,Master,10,13421,72,Married,1,Rent,462,0.14635507146961937,4,1,0.3270401117519288,0,Education,0,23,16,2349,846,76190,21996,2384.5833333333335,0.6577469293080517,7,54194,0.25192099999999995,0.25804377548574564,368.1763504125958,0.3481431488712616,0,53.0
2026-09-14,24,68298,541,Employed,Bachelor,3,28317,60,Single,0,Rent,202,0.2527179481361787,4,1,0.029931655925847248,0,Auto,0,23,17,2636,1321,21821,26747,5691.5,0.8321484811189378,3,6149,0.262817,0.2209757700696348,783.6565432627463,0.17318045212382435,0,50.0
2026-09-15,65,161234,621,Unemployed,Bachelor,45,23608,60,Divorced,3,Own,762,0.6512751900319449,3,1,0.365587996630586,0,Education,0,24,24,732,839,65066,63728,13436.166666666666,0.9800576569641978,3,1338,0.21810800000000002,0.20689998010096108,634.5657606691548,0.10394078871720516,1,43.2
2026-09-16,26,33664,549,Employed,High School,3,11188,120,Married,1,Mortgage,533,0.24102525640089276,4,1,0.318470643181498,0,Education,0,16,3,1572,5727,18596,5854,2805.3333333333335,0.8535558714835396,5,12742,0.291688,0.2979637399556033,293.2543939464551,0.29452984575087515,0,58.0
2026-09-17,61,29864,603,Employed,Bachelor,37,15067,60,Married,5,Mortgage,202,0.18685651806182502,2,1,0.31064358191896724,0,Education,0,24,24,8501,3060,11561,5918,2488.6666666666665,0.6423277896465212,7,5643,0.218567,0.23352463784164043,427.80250536536255,0.25306824485615964,0,52.0
2026-09-18,25,49369,569,Employed,Master,0,47147,72,Divorced,1,Rent,687,0.2376910417222324,2,2,0.3830521337974952,0,Education,0,27,13,2391,1106,29067,12794,4114.083333333333,0.7769127458808986,7,16273,0.277647,0.28483617077841894,1372.6121849804879,0.5006248094910947,0,55.0
2026-09-19,36,131384,527,Employed,Bachelor,15,18463,72,Married,2,Rent,587,0.24915211182475308,2,3,0.2094202189658121,0,Home,0,23,17,16752,781,46444,31115,10948.666666666666,0.7569556639855702,5,15329,0.269963,0.28123528248857865,533.3035739345265,0.10232328812651706,1,40.0
2026-09-20,58,15000,649,Employed,High School,39,38533,60,Single,0,Mortgage,265,0.317947849021644,3,0,0.26451164878159916,0,Other,0,23,9,3447,620,84005,16776,1250.0,0.6939895693034911,3,67229,0.21903299999999998,0.2462392322514676,1122.514572312014,1.1100116578496113,0,50.0
2026-09-21,27,46216,574,Employed,Bachelor,6,19153,84,Widowed,0,Rent,627,0.11923934787984569,2,1,0.25446288415695095,0,Education,0,31,15,924,434,33076,6111,3851.3333333333335,0.6641348339877182,7,26965,0.257153,0.2540215056506177,489.7293192181775,0.2899591446818879,0,52.0
2026-09-22,38,23189,593,Employed,High School,15,14894,48,Divorced,0,Mortgage,757,0.32416502800799585,2,0,0.4665957486590261,0,Debt Consolidation,0,22,11,4572,338,11740,3797,1932.4166666666667,0.8388399699968272,5,7943,0.213394,0.24897766803721894,492.99339464836504,0.6468550060709983,0,58.0
2026-09-23,52,53372,649,Employed,Bachelor,30,12619,108,Married,2,Own,585,0.20262773485824284,4,1,0.26485651350349204,0,Other,0,22,29,19256,965,164770,28473,4447.666666666667,0.9308394696774182,2,136297,0.233119,0.22896765752550377,276.71256208686117,0.19374486144499614,0,45.0
2026-09-24,47,31643,629,Employed,Associate,21,22766,60,Married,0,Own,480,0.39692189784059473,2,3,0.07556910819906304,0,Education,0,15,16,940,1812,37322,33046,2636.9166666666665,0.8109306940730127,1,4276,0.213266,0.19679031920642417,599.1011536327328,0.40922838680254064,0,48.0
2026-09-25,43,39437,607,Employed,Bachelor,18,37963,24,Married,0,Mortgage,1167,0.16422437970655307,4,1,0.46220676156273727,0,Auto,0,18,22,7273,4175,53013,155528,3286.4166666666665,0.7296307689227182,9,5673,0.20946299999999998,0.21993077884433943,1969.32061685,0.9543283566752035,0,53.0
2026-09-26,43,40292,670,Employed,Master,23,21793,60,Married,1,Mortgage,363,0.43955952204093246,2,0,0.4076509157439315,0,Debt Consolidation,0,32,26,6246,1099,121169,5488,3357.6666666666665,0.8949457744569356,8,115681,0.191793,0.1877177527074054,562.5892339680412,0.27566441992496016,1,38.400000000000006
2026-09-27,57,51190,550,Employed,High School,36,10229,24,Single,3,Other,415,0.4252198137488256,3,1,0.16257987038653354,0,Home,0,18,5,609,8111,671887,29637,4265.833333333333,0.8899031592202441,3,642250,0.21022899999999997,0.19573342625291176,518.483616443881,0.21882796244044878,1,36.0
2026-09-28,37,44205,624,Employed,Bachelor,11,26153,36,Single,4,Mortgage,213,0.16112857755760607,2,1,0.07809503914604211,0,Education,0,20,28,14476,299,84782,26732,3683.75,0.8435810492890922,3,58050,0.19915300000000002,0.22700170205574227,1008.2929039590373,0.3315352301212181,0,45.0
2026-09-29,39,52113,569,Employed,Master,15,17667,36,Married,1,Rent,325,0.03363608339208864,2,2,0.13064689274778885,0,Education,0,21,5,1685,1408,75551,9009,4342.75,0.9376408347423638,2,66542,0.218167,0.2440405968646183,696.8804654948906,0.23530722825281,0,49.0
2026-09-30,48,91833,579,Employed,Bachelor,25,33310,60,Married,0,Mortgage,407,0.48338699347015435,5,3,0.3720471709907435,0,Debt Consolidation,0,22,19,3726,1539,20942,33899,7652.75,0.7444343854460956,8,3197,0.24881000000000003,0.2825712152739231,1042.3072583129576,0.18938385002946098,0,54.0
2026-10-01,56,48042,610,Employed,High School,37,14239,60,Single,3,Mortgage,169,0.1709718435481015,8,3,0.031586709311109726,0,Education,1,14,10,1622,339,183465,17146,4003.5,0.9387486722691862,5,166319,0.214239,0.22493823035134344,397.2740050523329,0.14144473711810487,0,49.0
2026-10-02,28,76850,589,Employed,Associate,8,81840,60,Widowed,0,Mortgage,903,0.24179489668200962,1,1,0.23919538938744478,0,Auto,0,16,2,1879,338,81457,97561,6404.166666666667,0.7918029302603036,1,4050,0.29234,0.2693063486302481,2495.6193261483595,0.5306887692098935,0,56.0
2026-10-03,45,47322,631,Employed,Master,22,33342,84,Divorced,3,Mortgage,230,0.14704080878532877,3,1,0.2516311505941248,0,Home,0,25,8,1085,2611,20821,19934,3943.5,0.8866894629552372,3,3268,0.242842,0.2570547630651658,859.0379376764728,0.2761602479210023,0,50.0
2026-10-04,31,76859,560,Employed,High School,9,21914,48,Widowed,3,Mortgage,231,0.2171770764764785,0,0,0.21433169401625946,0,Home,0,26,29,1537,1533,863541,9967,6404.916666666667,0.8307620931709554,2,853574,0.23691399999999999,0.2061079538902753,674.0031702417813,0.14129819595494836,1,35.2
2026-10-05,42,112233,617,Employed,Bachelor,19,39372,60,Widowed,0,Mortgage,416,0.42731754405930505,2,0,0.23222442940193644,0,Auto,0,26,12,6015,653,101164,155502,6058.166666666667,0.6022569754448005,7,7277,0.23587200000000003,0.22098824117306626,1089.6251995904074,0.2485281905291052,0,49.0
2026-10-06,38,20576,616,Employed,Master,14,15399,36,Single,1,Own,531,0.11899644774227443,1,0,0.4570477093608036,0,Auto,0,31,2,4221,1230,16509,12601,1714.6666666666667,0.9663088729501089,9,3908,0.19239900000000001,0.20228571128592246,574.0770120218452,0.6444850381153842,0,58.0
2026-10-07,31,69912,607,Employed,High School,10,15568,36,Widowed,4,Mortgage,183,0.31724736633587053,1,1,0.1097361293160532,0,Home,0,31,11,281,635,79135,23529,5826.0,0.9022711972816994,1,55606,0.197068,0.22781542115743197,600.8617938663804,0.13454545037184695,0,45.0
2026-10-08,24,17541,578,Employed,High School,1,17387,48,Divorced,4,Other,471,0.23079480251655912,3,2,0.499500825030555,0,Home,0,17,4,762,312,40811,35577,1461.75,0.6381742782730562,9,5234,0.22338700000000003,0.21735889628640975,545.306195267165,0.6952667660456063,0,61.0
2026-10-09,24,28956,580,Employed,High School,0,17619,72,Single,3,Mortgage,493,0.2838930522531379,2,1,0.32353053585417463,0,Auto,0,27,27,2592,7244,47402,7057,2413.0,0.8055026947242108,4,40345,0.242619,0.22289643575679444,445.7314434801744,0.3890308510071175,0,56.0
2026-10-10,44,45420,551,Employed,Associate,16,48963,24,Divorced,0,Own,364,0.44529432003297037,1,1,0.46659237110951274,0,Education,0,25,20,2177,350,49171,25819,3785.0,0.6776697238971352,8,23352,0.248463,0.23363784762094494,2573.205899879505,0.7760121267845456,0,58.0
2026-10-11,50,140822,607,Employed,Doctorate,27,37389,48,Married,0,Own,547,0.6536553758529815,5,1,0.31514570105079154,0,Home,0,28,23,2350,428,183102,3926,11735.166666666666,0.7758435472192653,6,179176,0.228889,0.22413231818547624,1186.3846260710302,0.1477085648041667,1,37.6
2026-10-12,30,108033,606,Employed,Doctorate,6,10808,72,Single,0,Rent,366,0.42993606367082576,1,0,0.34930372703299184,0,Auto,0,21,28,4126,1333,8797,15697,9002.75,0.4772297862973549,5,1594,0.222808,0.23190992175109393,279.25600465636825,0.07167321148053299,1,40.800000000000004
2026-10-13,39,39092,618,Employed,High School,18,18674,24,Married,0,Own,609,0.4863688265812025,4,0,0.1465934548805823,0,Home,0,22,8,4810,3098,11706,16535,3257.6666666666665,0.7051973376927391,4,10354,0.184674,0.1741435061066004,927.0070256575791,0.471505277496443,0,50.0
2026-10-14,21,49229,384,Employed,Bachelor,0,38105,60,Single,0,Own,254,0.10132947447546069,3,1,0.4607649969721412,0,Education,0,21,6,2794,284,307680,17064,4102.416666666667,0.7839012965780426,6,290616,0.351105,0.3029595471410965,1239.7621108785145,0.36411760000288795,0,52.0
2026-10-15,20,26694,571,Employed,Associate,0,51476,48,Married,1,Mortgage,250,0.2547410585907958,2,1,0.6102553223023529,0,Home,0,23,29,6634,652,147863,46409,2224.5,0.8262344727227148,4,101454,0.260976,0.29307171168129337,1832.7595232171473,0.9362820962990097,0,56.0
2026-10-16,42,20388,618,Employed,Master,19,20224,48,Married,1,Own,406,0.09432302045378356,0,0,0.44590831799616626,0,Auto,0,24,20,1256,5746,127306,23942,1699.0,0.9697807959552864,4,103364,0.20622400000000002,0.2096917625767566,625.9149700471241,0.607366080074823,0,50.0
2026-10-17,53,25872,525,Employed,High School,31,44198,48,Married,1,Rent,317,0.15326768398944224,3,0,0.25954603444901625,0,Auto,0,25,17,3642,6635,10277,254022,2156.0,0.5151774777284794,9,4112,0.276698,0.28649933404344935,1556.8763863141196,0.8691448916113728,0,53.0
2026-10-18,32,21969,635,Employed,Bachelor,7,36292,36,Married,4,Rent,1060,0.12401557234395097,2,1,0.4158644024137775,0,Education,0,29,8,10663,270,88995,24341,1830.75,0.8695613922150286,11,64654,0.203792,0.2027268770179682,1353.7885265269626,1.3184697673232078,0,53.0
2026-10-19,38,31138,584,Employed,High School,13,20013,96,Married,2,Own,443,0.08877641406298664,2,1,0.20633715760640794,0,Home,0,20,15,2882,157,14120,9180,2594.8333333333335,0.7746929833737981,7,4940,0.263013,0.30552814707625886,559.625490623381,0.3863930209865942,0,52.0
2026-10-20,55,131038,607,Employed,High School,32,23288,60,Single,2,Mortgage,301,0.20653046704036165,5,0,0.23935445899348787,1,Auto,0,25,2,8095,1882,63794,23238,10919.833333333334,0.7449163283573683,8,40556,0.224788,0.23799353575462306,667.2389509725521,0.08866792389742383,0,63.0
2026-10-21,21,22383,600,Employed,Bachelor,0,31678,48,Married,0,Mortgage,628,0.4869037135953617,6,1,0.40732951786670807,0,Debt Consolidation,0,25,1,24367,2177,68487,6341,1865.25,0.7507886161512541,6,62146,0.22667800000000002,0.23431722655861106,1022.8341166750711,0.8850471071840617,0,58.0
2026-10-22,44,32462,605,Employed,Associate,22,27049,60,Married,4,Mortgage,725,0.3715052704547833,3,0,0.6817971882724909,0,Education,0,25,6,4530,475,16583,13349,2705.1666666666665,0.7408621968454524,7,3234,0.229549,0.2158798125040826,740.7412554300374,0.5418302958893614,0,58.0
2026-10-23,37,53615,545,Employed,Bachelor,14,22538,60,Single,2,Rent,285,0.23226290503633826,6,0,0.231386075030379,0,Auto,0,18,12,1954,128,101704,169877,4467.916666666667,0.645319640271341,4,8624,0.255038,0.3060456,737.5723244733687,0.22887005303889627,0,52.0
2026-10-24,43,40401,599,Employed,Doctorate,20,22232,72,Divorced,1,Rent,311,0.19685014961087188,2,2,0.32460651515741196,0,Education,0,28,3,3407,1009,143684,4272,3366.75,0.9690359812345469,1,139412,0.237732,0.24495848962325692,592.0081346646659,0.2682135990687357,0,53.0
2026-10-25,47,36804,528,Employed,High School,27,8265,120,Married,1,Rent,773,0.4243135181251242,2,2,0.15400015229628675,0,Auto,1,27,15,1544,5533,20574,2886,3067.0,0.9196165354164502,3,17688,0.299265,0.27983284189764707,205.6717502660609,0.31909740797719627,0,58.0
2026-10-26,33,70991,560,Employed,Bachelor,11,28137,72,Married,4,Mortgage,355,0.5517064121606857,1,0,0.5439099100874392,0,Debt Consolidation,0,20,5,328,1261,88479,16434,5915.916666666667,0.7488004403256284,8,72045,0.26313699999999995,0.25273285051688255,762.6565671686293,0.18892364956154375,0,59.0
2026-10-27,44,39091,497,Employed,Associate,22,14595,24,Widowed,1,Mortgage,539,0.7716471763055384,3,2,0.26830487838149947,0,Education,0,18,9,6862,959,154625,99766,3257.5833333333335,0.9261414566617452,4,54859,0.24109499999999998,0.2420777285865087,773.16801230253,0.402804127487922,0,54.0
2026-10-28,34,44206,514,Employed,High School,12,19812,36,Divorced,3,Rent,304,0.46154013478715966,7,0,0.07127985666196231,0,Other,0,27,14,3880,504,15483,27640,3683.8333333333335,0.6225176975815713,7,1135,0.247812,0.2027813392032945,739.0956073332262,0.28315494023432825,0,52.0
2026-10-29,42,57572,534,Employed,Master,18,47986,84,Single,1,Rent,215,0.1659055045134654,5,1,0.0783241109302014,0,Auto,0,12,15,1146,7692,12438,135501,4797.666666666667,0.7424587089973862,8,7735,0.305986,0.29212717886549344,1346.7509241579048,0.3255230162213377,0,49.0
2026-10-30,38,151035,518,Employed,Associate,18,29333,24,Married,0,Rent,434,0.07567941981557784,1,1,0.34541693757281666,0,Education,0,22,8,2813,3806,116594,39686,12586.25,0.893960827203781,4,76908,0.245333,0.2636024001259122,1585.637135167597,0.1604637707949228,1,40.0
2026-10-31,25,27859,494,Self-Employed,Bachelor,4,13280,60,Divorced,1,Other,640,0.27863317486512673,7,1,0.45706228844875535,0,Auto,1,27,15,1358,1034,106743,48545,2321.5833333333335,0.5650777355730109,2,58198,0.27127999999999997,0.26484993115800265,401.4313293970322,0.44858666688554455,0,65.0
2026-11-01,38,15000,615,Employed,Associate,18,12762,48,Married,1,Own,155,0.14136634200428327,7,1,0.3685379600491196,0,Auto,1,27,3,4866,1364,35523,1280,1250.0,0.6851003371167756,7,34243,0.200262,0.20617249465971266,392.5616397676375,0.43804931181410994,0,61.0
2026-11-02,31,31867,562,Employed,High School,8,40166,24,Single,3,Other,337,0.14819020724585058,3,1,0.6917651780456715,0,Debt Consolidation,0,29,18,751,2590,17128,81340,2655.5833333333335,0.6828937863856287,6,9096,0.23416599999999999,0.24798319166393104,2139.658206909724,0.9326230421099158,0,58.0
2026-11-03,60,34355,648,Employed,High School,36,83299,60,Single,0,Rent,488,0.4631837623813502,4,0,0.17961205301349217,0,Auto,1,21,21,3194,921,43986,9594,2862.9166666666665,0.567422592747786,6,34392,0.264299,0.23951881808987052,2394.016839153294,1.0066715782226612,0,55.0
2026-11-04,54,104917,620,Self-Employed,High School,34,44633,24,Widowed,0,Own,359,0.16800729617609242,0,0,0.2862186865980627,0,Auto,0,29,15,5175,375,151567,7543,8743.083333333334,0.8802394120278026,3,144024,0.209633,0.2033770436786404,2279.00245030209,0.3017245003538519,0,46.0
2026-11-05,53,18179,652,Employed,Bachelor,31,16578,60,Married,1,Mortgage,313,0.36353845253445044,2,0,0.34300988610436833,0,Auto,0,19,7,7481,340,23961,13825,1514.9166666666667,0.7137503788395128,5,10136,0.19557800000000003,0.2002228448040388,439.4211872311429,0.49667496819262413,0,51.0
2026-11-06,43,54973,576,Employed,Bachelor,18,45696,48,Single,1,Own,482,0.2374536187526855,6,0,0.35031428542439136,0,Debt Consolidation,0,23,10,2502,155,53022,11464,4581.083333333333,0.8358173599991727,8,41558,0.252696,0.26916305122615486,1564.3958840314554,0.44670566657045213,0,54.0
2026-11-07,34,64161,596,Employed,Bachelor,12,12929,48,Single,2,Rent,198,0.3687283025165818,1,1,0.20523527470662514,0,Auto,0,17,27,3545,428,100675,46071,5346.75,0.8771194326239893,11,54604,0.209929,0.22261011810807882,409.1763507544778,0.11355989166399735,1,40.0
2026-11-08,50,28462,627,Employed,High School,28,35870,60,Married,1,Rent,912,0.3805704725971556,1,2,0.5619137782738427,0,Auto,0,22,7,2584,9287,110026,20953,2371.8333333333335,0.8566864692309134,5,89073,0.22737000000000002,0.20711134469409997,964.5844510926939,0.7911957491782843,0,56.0
2026-11-09,40,31904,563,Employed,High School,18,10412,96,Single,3,Own,218,0.37491246449607346,1,0,0.3815432545040288,0,Education,0,31,10,1142,2391,34687,107535,2658.6666666666665,0.8398245630105884,8,10671,0.263912,0.23689436235991063,242.70200808956923,0.1732831023406103,0,55.0
2026-11-10,35,56202,542,Employed,Bachelor,14,57345,12,Divorced,2,Rent,616,0.1487907535655922,2,1,0.6752485019534881,0,Debt Consolidation,0,19,4,6016,13394,89402,20901,4683.5,0.8519797805354984,5,68501,0.251345,0.26262126289579507,5485.492819421723,1.3027634929906529,0,58.0
2026-11-11,45,65881,580,Employed,Bachelor,20,24439,60,Single,0,Mortgage,363,0.21853111953641882,3,0,0.20250430498513491,0,Debt Consolidation,0,26,24,19486,343,27154,22846,5490.083333333333,0.5920986785500301,7,4308,0.239439,0.2250127256800959,681.9622905120891,0.19033632589282298,0,52.0
2026-11-12,42,39748,625,Unemployed,Associate,19,16956,48,Single,2,Mortgage,448,0.03346209609634676,3,1,0.3258429161926691,0,Home,0,15,28,1115,1263,163911,99637,3312.3333333333335,0.584808582303718,1,64274,0.19945600000000002,0.22146630735626568,535.5677526792059,0.29694105444677643,0,52.0
2026-11-13,49,38328,526,Self-Employed,Associate,28,39027,24,Divorced,0,Other,353,0.3169588598602383,5,0,0.3501811297990867,0,Home,0,25,14,3308,838,49531,20857,3194.0,0.9333299253012587,4,28674,0.251027,0.26374374249288723,2109.938866626942,0.7711142350115661,0,58.0
2026-11-14,35,145714,580,Employed,Bachelor,13,40287,48,Divorced,1,Mortgage,1452,0.05084902828349794,3,1,0.46498891085705424,0,Home,0,21,7,788,1079,86136,9317,12142.833333333334,0.7820878856036197,5,76819,0.245287,0.2943444,1437.3516428764435,0.23794707244682953,0,52.0
2026-11-15,38,34339,611,Employed,Master,16,26711,36,Single,2,Own,706,0.23805512813157945,3,0,0.27857687453275215,0,Home,1,22,17,5002,139,33507,43228,2861.5833333333335,0.759908964910732,4,3539,0.206211,0.19049824733361156,979.7919643966932,0.5891116099117714,0,56.0
2026-11-16,43,21050,583,Employed,High School,22,15968,48,Married,1,Other,478,0.4099021121123538,3,1,0.14667892992423606,0,Home,0,24,19,6466,2840,32954,13862,1754.1666666666667,0.9042598598299655,4,19092,0.21946800000000002,0.26336160000000003,541.4222851350374,0.581143345445152,0,53.0
2026-11-17,27,21299,582,Employed,High School,0,28972,24,Single,1,Rent,334,0.12604032915960597,6,1,0.2645426371976348,1,Debt Consolidation,0,23,6,16215,1696,68563,12453,1774.9166666666667,0.6967277999699573,6,56110,0.212972,0.19536442283904906,1468.0005937724025,1.0152592668796108,0,65.0
2026-11-18,42,44973,519,Employed,High School,21,34891,72,Married,0,Rent,136,0.6205510314568229,2,1,0.16359141277968586,0,Home,0,19,3,6760,4295,94643,139703,3747.75,0.9424617148635607,8,9894,0.290391,0.3290187466804554,1115.7892834423958,0.3340108821139072,0,56.0
2026-11-19,39,24616,582,Unemployed,Associate,16,21451,108,Divorced,3,Rent,274,0.19824782346543307,3,1,0.461594898264784,0,Education,0,13,5,3413,1545,280888,33652,2051.3333333333335,0.9388829282329192,10,247236,0.275451,0.26684478780280474,525.9103900430331,0.3899465664818166,0,58.0
2026-11-20,49,94404,594,Employed,Master,25,32001,48,Single,1,Other,472,0.1380748310422232,3,1,0.18167635203311178,0,Auto,0,27,28,1524,9845,22744,36259,7867.0,0.9293830588929185,4,1366,0.230001,0.21969446358034822,1007.6952577221667,0.1880888849271853,1,38.400000000000006
2026-11-21,46,51453,603,Employed,Bachelor,23,17849,108,Married,1,Mortgage,276,0.5295807818664761,0,0,0.25372075887294565,0,Auto,0,19,9,2460,3657,100558,49577,4287.75,0.8956714979203615,5,50981,0.261349,0.2747780676364932,447.5164262705431,0.1687403477979227,0,49.0
2026-11-22,60,63097,655,Self-Employed,Bachelor,36,19600,36,Single,0,Rent,428,0.5904689895139456,2,1,0.27724081550395985,0,Home,0,27,27,965,3131,34049,21982,5258.083333333333,0.8263610587916153,5,12067,0.1771,0.14798099485701263,677.5041572862938,0.21024850448413596,1,40.0
2026-11-23,39,68460,590,Employed,High School,18,10907,60,Married,2,Rent,214,0.08240245178363033,6,0,0.261884564844469,0,Home,1,26,8,3905,18210,120466,18440,5705.0,0.8061069605807459,3,102026,0.22090700000000002,0.19944279708696047,288.63073715414765,0.08810354726628356,1,43.2
2026-11-24,20,37048,580,Unemployed,Bachelor,0,29082,72,Single,1,Mortgage,546,0.42440913731747687,2,1,0.5914614337399811,0,Auto,0,23,9,3069,98,7407,3139,3087.3333333333335,0.5107363277643404,3,4268,0.25408200000000003,0.22462274008554553,738.7192070115941,0.41612584982020967,0,64.0
2026-11-25,39,42146,645,Employed,Bachelor,16,12983,96,Married,3,Mortgage,620,0.37351870488475025,3,3,0.15033097495998027,0,Auto,0,28,10,6564,662,167384,29690,3512.1666666666665,0.6884805271900314,6,137694,0.225483,0.23367595683687004,299.9065571527557,0.26191996122604916,0,44.0
2026-11-26,39,103420,585,Unemployed,Bachelor,19,47070,60,Single,1,Mortgage,610,0.37334193025363127,3,1,0.31565980090897144,0,Auto,0,15,16,1052,2740,82951,18351,8618.333333333334,0.7963253258627939,6,64600,0.25957,0.23989900415141008,1353.8322323473308,0.22786682255045415,0,54.0
2026-11-27,36,89127,635,Employed,Bachelor,14,14859,60,Single,5,Own,91,0.3223224544694528,4,0,0.3690445863870015,0,Education,0,35,14,403,656,124671,4403,7427.25,0.8930381485184515,3,120268,0.202359,0.22156231759388426,411.7104019613062,0.06768459415817513,1,36.800000000000004
2026-11-28,55,99262,521,Employed,Master,29,32098,48,Single,2,Mortgage,266,0.15565371655440988,2,0,0.0922440530964754,0,Auto,0,20,13,3108,1251,109523,62299,8271.833333333334,0.8877870244612345,8,47224,0.266598,0.2288156187559959,1026.706395917576,0.1562780998872772,1,38.400000000000006
2026-11-29,42,55921,549,Employed,Associate,21,21407,72,Single,3,Own,292,0.14962882212647208,2,0,0.1077047721183693,0,Auto,0,27,10,1006,363,75552,24558,4660.083333333333,0.8194719469811212,2,50994,0.261907,0.23846479975816295,561.5851167673795,0.18316949627525536,0,47.0
2026-11-30,59,59238,646,Employed,Master,40,48652,84,Single,0,Own,381,0.2336574979084626,2,0,0.1539160389010718,0,Other,0,26,3,2989,2548,74654,19811,4936.5,0.36265003254946615,3,54843,0.250652,0.2545087584661463,1245.521659588971,0.32948884018818414,0,48.0
2026-12-01,51,17483,571,Employed,High School,31,19131,12,Married,3,Mortgage,185,0.532091705048737,2,1,0.30671019215100503,0,Home,1,25,3,4802,3394,30471,3471,1456.9166666666667,0.7555332755808908,6,27000,0.19863100000000003,0.23627916107893598,1805.576548977697,1.3662940335029665,0,66.0
2026-12-02,25,43034,563,Employed,High School,3,71196,48,Married,3,Own,486,0.21323994629740917,3,2,0.5600621945385197,0,Home,0,27,26,2213,1101,10753,59050,3586.1666666666665,0.6418555709344304,8,1247,0.28469599999999995,0.2791225268505404,2477.760030397692,0.8264423563873288,0,59.0
2026-12-03,38,32321,624,Employed,Associate,18,21216,60,Married,3,Rent,428,0.06635706570480414,3,2,0.45990977103731506,0,Debt Consolidation,0,20,15,981,328,73489,14507,2693.4166666666665,0.8706107326558405,11,58982,0.21421600000000002,0.2373342198039513,607.0627908591182,0.38429360138329316,0,51.0
2026-12-04,42,20426,612,Employed,Associate,16,19289,84,Divorced,2,Mortgage,268,0.33634212158055543,1,2,0.05390853111174183,0,Education,0,25,28,1798,116,59176,3770,1702.1666666666667,0.754830975884148,5,55406,0.238289,0.22433463314464736,457.0396871667044,0.42595105483209894,0,47.0
2026-12-05,26,40133,586,Employed,High School,2,47648,48,Single,2,Mortgage,498,0.4909945959139513,2,2,0.20373381469193888,0,Debt Consolidation,0,18,11,3539,912,22791,3865,3344.4166666666665,0.7960453043101707,2,18926,0.249648,0.266402505132231,1623.772700422002,0.634422355793587,0,54.0
2026-12-06,58,108343,581,Employed,Master,37,17375,12,Married,3,Mortgage,345,0.5024018785046195,4,3,0.1599903908903476,0,Home,0,20,20,644,675,267460,13976,9028.583333333334,0.9131815540006002,6,253484,0.19187500000000002,0.20232178384764382,1611.4558799640204,0.2166957769266888,1,35.2
2026-12-07,42,36465,588,Employed,Associate,20,15717,120,Single,0,Rent,234,0.25043108237843636,3,1,0.10610772869906034,0,Debt Consolidation,0,17,16,1194,2929,52489,24318,3038.75,0.7700850706617869,7,28171,0.276717,0.29911495036420854,413.30120573378883,0.21301561686015263,0,51.0
2026-12-08,20,16097,618,Employed,Master,0,35997,120,Single,2,Mortgage,283,0.5869862792414894,3,0,0.3380173524539513,0,Home,0,26,5,1902,387,129320,17022,1341.4166666666667,0.9084283662271276,4,112298,0.28199700000000005,0.2829732413957729,903.9923900428303,0.8848797092945246,0,52.0
2026-12-09,30,75243,590,Employed,Master,12,18131,36,Single,2,Rent,974,0.04023331284935849,1,1,0.2634630049470692,0,Education,0,13,3,2960,1879,18781,55881,6270.25,0.953209841916051,12,9756,0.208131,0.20077453619634505,674.528677392273,0.2629127510692992,0,54.0
2026-12-10,36,24193,546,Employed,High School,10,18213,12,Married,1,Rent,313,0.03784658247287038,1,1,0.3570726406586015,0,Auto,0,27,28,581,949,245961,106340,2016.0833333333333,0.835654304923815,7,139621,0.210213,0.2108898584230754,1696.6590918877466,0.9968135040157468,0,51.0
2026-12-11,66,44192,635,Employed,High School,44,10497,72,Single,1,Rent,123,0.11486327315996703,2,1,0.12663940800318238,1,Other,0,23,12,5532,354,163964,24579,3682.6666666666665,0.7763787356484221,4,139385,0.20799700000000002,0.19764491355074565,250.00189168752237,0.10128581418017445,0,55.0
2026-12-12,52,72192,524,Employed,Master,32,20719,60,Single,2,Rent,623,0.3494669022866133,1,3,0.5943784301746768,0,Debt Consolidation,0,22,18,2530,872,124952,14615,6016.0,0.8559276279612502,3,110337,0.263719,0.2975023311601541,667.1548730081431,0.2144539350080025,0,54.0
2026-12-13,41,43312,593,Employed,Bachelor,17,13860,84,Married,3,Rent,282,0.31796632167891475,3,2,0.4927366625093447,0,Auto,0,27,23,6415,205,103838,4833,3609.3333333333335,0.5710989054993187,4,99005,0.24236000000000002,0.27986023577116637,377.7051325567079,0.1827775579673184,0,55.0
2026-12-14,28,63352,502,Employed,High School,8,25829,36,Single,0,Own,202,0.09615034185312403,4,0,0.2419265382956356,0,Home,0,18,8,8255,2278,70429,13187,5279.333333333333,0.7975463950067543,1,57242,0.259829,0.26412213911564814,1046.3464471624861,0.23645910730442346,0,50.0
2026-12-15,39,62215,617,Employed,High School,19,12595,60,Married,3,Other,267,0.03680601360981821,5,1,0.09782837471501817,0,Home,0,19,14,28870,2706,94100,106232,5184.583333333333,0.7451113618613169,7,6795,0.20909500000000003,0.20589822289038084,337.8374017144775,0.11666075416818661,0,46.0
2026-12-16,37,72688,626,Employed,Bachelor,19,31548,48,Married,0,Own,442,0.18529415147566167,1,0,0.2298911427522759,0,Home,0,38,25,3005,329,71148,35721,6057.333333333333,0.9594828471872066,5,35427,0.21354800000000002,0.19344010956850308,949.0254065202264,0.22964319940351527,1,38.400000000000006
2026-12-17,48,110605,652,Employed,Bachelor,25,19396,60,Single,2,Rent,625,0.11110718894984774,4,0,0.24745069571460887,0,Debt Consolidation,1,27,24,1937,1009,47145,59196,4813.5,0.9389690666685059,8,8813,0.19839600000000002,0.21649599572784564,531.8393880445295,0.24033227132949614,0,50.0
2026-12-18,54,62976,604,Employed,Bachelor,32,31847,60,Divorced,4,Rent,716,0.20428239609039367,5,0,0.13308019980453697,0,Home,0,29,3,3057,936,148721,40772,5248.0,0.8355398386089705,4,107949,0.23484699999999997,0.2406520469805724,917.3791278296633,0.3112384008821767,0,46.0
2026-12-19,46,45328,644,Employed,Master,22,27170,24,Single,0,Rent,460,0.48431591129442264,5,1,0.3031433713855525,0,Home,0,25,26,3911,4458,252016,140557,3777.3333333333335,0.9231040337195914,2,111459,0.18017,0.17103498888757812,1344.697894142432,0.47777035672672924,0,49.0
2026-12-20,18,77729,525,Employed,Bachelor,0,10607,84,Married,1,Other,379,0.29846984365394846,3,1,0.2358604947594576,0,Auto,0,23,18,586,832,174952,93868,6477.416666666667,0.8718139135281464,3,81084,0.273107,0.30212989211156766,304.80642496729354,0.10556776878137532,0,50.0
2026-12-21,51,57614,588,Employed,High School,30,38433,108,Married,1,Own,593,0.17551178442389842,4,1,0.2146160356392628,0,Home,0,19,2,2166,2338,39128,24725,4801.166666666667,0.9096155432976002,7,14403,0.289433,0.3056162041240711,1048.1269322114783,0.34181836335851945,0,55.0
2026-12-22,47,22653,661,Employed,Bachelor,24,56649,84,Single,1,Mortgage,538,0.019992928268548555,3,1,0.27421251342191594,0,Auto,0,27,6,1250,1822,216751,17323,1887.75,0.8021211295410897,7,199428,0.251149,0.2490800140148614,1430.548383217059,1.042801421383689,0,45.0
2026-12-23,43,100029,502,Employed,Bachelor,20,13057,48,Single,1,Mortgage,215,0.5313271572532364,3,1,0.25021939235398677,0,Debt Consolidation,0,38,11,6750,3593,378163,72137,8335.75,0.8841655645347773,3,306026,0.257057,0.23132879128383635,419.4472199097536,0.07611159402690262,1,36.800000000000004
2026-12-24,25,53082,378,Employed,Associate,3,31280,96,Single,3,Own,281,0.1666053572341251,7,0,0.5086484117297659,0,Auto,1,20,18,2004,763,152664,6040,4423.5,0.9573143144366967,11,146624,0.37728,0.41436264625631164,1123.2710301869072,0.31745699789463255,0,59.0
2026-12-25,31,24028,514,Employed,High School,8,22088,60,Married,3,Mortgage,520,0.44793906894868085,3,3,0.26981463296485453,0,Debt Consolidation,0,23,4,5640,680,48088,97029,2002.3333333333333,0.9212641245878572,2,1782,0.270088,0.2856155539500827,695.2302270121986,0.6069070552749453,0,58.0
2026-12-26,34,121137,482,Employed,Bachelor,10,14188,24,Married,2,Rent,564,0.5323895630173218,5,3,0.18380529082330635,0,Home,0,19,26,13825,5046,18871,72862,10094.75,0.6721213996271282,6,6172,0.248188,0.24999581097188445,757.2321479364153,0.13088309744534687,1,39.2
2026-12-27,28,32343,481,Self-Employed,Master,5,18993,96,Single,4,Rent,411,0.34890282945399087,0,1,0.30817476947491423,0,Home,0,20,8,2710,920,169664,53066,2695.25,0.9568309570755972,4,116598,0.313493,0.29697517187704386,519.7616049369389,0.34533405247637095,0,55.0
2026-12-28,64,207965,656,Employed,Master,42,35464,60,Single,3,Rent,499,0.5910533027266293,1,3,0.3904100933919185,0,Auto,0,22,14,7126,1369,118905,101042,17330.416666666668,0.8445341753117179,9,17863,0.212464,0.1823328937418202,905.0592580149416,0.08101705140855095,1,37.6
2026-12-29,35,38760,524,Employed,Associate,12,13937,24,Single,1,Mortgage,637,0.36191096660009897,4,1,0.3852379299100905,0,Debt Consolidation,0,21,3,2357,1086,76779,14880,3230.0,0.5158735406354764,4,61899,0.226937,0.25045619864982105,744.15792233698,0.42760307193095354,0,56.0
2026-12-30,39,106183,582,Employed,Master,14,41159,48,Married,0,Mortgage,278,0.21620492889851656,5,4,0.15362656454541973,0,Other,0,28,15,2935,987,363456,8734,8848.583333333334,0.9039416563332046,3,354722,0.24515900000000002,0.25789363651638336,1382.8974893159009,0.18770207916324466,1,34.4
2026-12-31,29,86352,518,Employed,Associate,5,31777,60,Married,0,Other,203,0.24156917196556144,2,1,0.44392775871085816,0,Auto,0,18,17,904,740,111816,203442,7196.0,0.6117409478268592,5,6407,0.277777,0.3083892941462392,1044.528678922166,0.17336418550891688,0,55.0
2027-01-01,36,68062,603,Self-Employed,Master,16,24205,96,Married,1,Own,276,0.2200765016827998,4,0,0.5000337913074064,0,Auto,0,20,6,9467,62,67401,8217,5671.833333333333,0.7575069599519169,6,59184,0.257705,0.24344856865507888,574.6200725444717,0.14997268476585554,0,58.0
2027-01-02,44,28479,587,Employed,Associate,18,24733,12,Single,3,Rent,307,0.3951634705791071,3,1,0.37292275627230687,0,Home,0,30,23,1006,823,34262,32451,2373.25,0.6903092381850201,2,1811,0.19623300000000002,0.17485103134892113,2261.4649428544562,1.082256375373204,0,56.0
2027-01-03,45,43912,468,Employed,High School,22,10802,48,Married,0,Mortgage,343,0.18239723841026514,0,4,0.2872275330521488,0,Other,0,23,27,3353,862,177321,14738,3659.3333333333335,0.6304425936665147,7,162583,0.271802,0.26268388069503446,365.84730147758245,0.19370941013233262,1,38.400000000000006
2027-01-04,46,86814,523,Unemployed,High School,22,20584,60,Married,0,Rent,714,0.03543642290838625,4,1,0.14837131457426603,0,Auto,0,15,18,11257,1472,162167,36665,7234.5,0.8717297744407888,9,125502,0.264084,0.2818579118853246,643.2088611079714,0.1876023030075294,0,47.0
2027-01-05,43,28357,558,Employed,Bachelor,19,47171,12,Widowed,2,Rent,420,0.20959477400002838,1,1,0.14017798315196942,0,Home,0,15,21,117334,1007,118341,39456,2363.0833333333335,0.6461506788511922,5,78885,0.233171,0.25539905160012644,4495.698078399457,2.080205132446785,0,50.0
2027-01-06,38,41453,519,Self-Employed,Bachelor,17,33969,36,Single,1,Mortgage,365,0.4911880257933528,2,2,0.0859872801512648,0,Home,0,23,23,2825,2287,25172,39841,3454.4166666666665,0.8732698985048787,4,4925,0.259469,0.2451069039811449,1341.8262512152812,0.49409970363021677,0,55.0
2027-01-07,57,54839,546,Employed,High School,34,33514,36,Married,0,Own,566,0.3641327271984358,5,4,0.2716525643231586,0,Education,0,25,4,9435,1136,255497,11551,4569.916666666667,0.7183147700120903,4,243946,0.24551399999999998,0.2528911744158718,1337.6408009120207,0.41655919347442966,0,51.0
2027-01-08,40,19244,513,Unemployed,High School,18,23306,48,Single,1,Mortgage,920,0.2382630816274749,2,0,0.3600963014657782,0,Home,0,25,13,743,838,88364,4335,1603.6666666666667,0.8164532610816289,6,84029,0.261806,0.2663713866846363,794.1926570572012,1.0689208004929545,0,57.0
2027-01-09,46,54317,523,Employed,Bachelor,25,22105,60,Married,0,Mortgage,462,0.14474040786402423,4,1,0.37579859516354575,0,Other,0,21,18,12838,1657,159154,43740,4526.416666666667,0.7909133816419869,3,115414,0.265605,0.2767141799880522,683.8821167318987,0.2531543605276945,0,49.0
2027-01-10,52,134350,603,Employed,High School,29,15073,60,Married,1,Rent,776,0.1262088210037507,3,1,0.3740052495709985,0,Other,0,26,29,6488,1109,21447,10764,11195.833333333334,0.6048899357677737,6,10683,0.21857300000000002,0.21510168667004936,412.1128818101101,0.10612098683826811,1,38.400000000000006
2027-01-11,43,35870,603,Employed,Bachelor,21,19513,36,Divorced,4,Rent,640,0.13303557609662223,1,2,0.30206733429823646,0,Education,0,23,8,2382,316,35581,19128,2989.1666666666665,0.519431095210811,4,16453,0.203013,0.19001141086550025,715.2801764016036,0.4533973269255434,0,52.0
2027-01-12,49,44469,635,Employed,Master,27,19037,48,Married,4,Mortgage,354,0.2838173868024444,2,1,0.447436070626184,0,Auto,0,21,27,3729,1854,189033,33189,3705.75,0.8637779801197001,4,155844,0.19653700000000002,0.18218227445071775,561.3850599068119,0.24701748901215997,1,40.0
2027-01-13,33,144630,586,Self-Employed,Master,11,52929,96,Married,1,Rent,165,0.10684610235316054,3,0,0.2221007761536266,0,Home,0,27,24,17029,894,84353,25580,12052.5,0.8927639819463077,5,58773,0.294929,0.2902932298737004,1423.9310870496467,0.13183414951666847,1,40.0
2027-01-14,49,66657,584,Employed,Associate,26,13964,36,Divorced,1,Mortgage,330,0.44723680969522134,3,0,0.4238451769345567,0,Home,0,22,21,5332,10736,135338,43099,5554.75,0.5463483927701763,5,92239,0.206964,0.21759955403803402,531.558968325146,0.15510310424864232,1,44.0
2027-01-15,50,50465,652,Employed,Bachelor,23,19670,72,Single,2,Mortgage,181,0.3016854807325079,0,1,0.06989505969406921,0,Home,0,25,9,2030,765,406533,39071,4205.416666666667,0.7797204940231628,5,367462,0.20867,0.18651042983678373,455.8988755880322,0.15144727052524296,1,31.200000000000003
2027-01-16,34,70629,535,Self-Employed,Bachelor,10,6788,96,Single,3,Rent,349,0.22537791384694097,3,0,0.18428360046023487,0,Other,0,22,23,6700,1118,84345,134512,5885.75,0.713610837179876,10,7919,0.274288,0.2929707829429432,183.87312520037904,0.09053614665936865,0,53.0
2027-01-17,45,123962,652,Self-Employed,Master,19,17699,36,Married,0,Rent,577,0.2745023331696518,2,2,0.28679983886863597,0,Debt Consolidation,0,27,7,4073,672,40684,35031,10330.166666666666,0.897669614028087,4,5653,0.176699,0.21040623076954618,667.1802295011926,0.12044144781476833,1,38.400000000000006
2027-01-18,33,53089,469,Employed,High School,12,34277,48,Married,2,Mortgage,776,0.42485712234097633,6,2,0.6355439708133159,0,Home,0,24,27,2019,597,80925,53708,4424.083333333333,0.6724981790981865,4,27217,0.294777,0.27719601320926696,1189.1338692469885,0.4441900663219097,0,59.0
2027-01-19,30,52024,577,Employed,Doctorate,10,20245,36,Divorced,0,Other,281,0.12251273588007612,2,0,0.41554048489853884,0,Debt Consolidation,0,21,19,5077,540,86499,74038,4335.333333333333,0.7774123607945329,5,12461,0.216745,0.21670632860740835,769.7204119987684,0.24236208180811206,0,55.0
2027-01-20,33,95862,651,Employed,Master,14,17042,24,Divorced,1,Other,318,0.2856245371002915,6,0,0.0428080161992838,0,Other,0,33,11,3863,269,64265,21415,7988.5,0.8223406944966738,3,42850,0.166542,0.15969224496660378,834.1787516758209,0.1442296741160194,1,34.4
2027-01-21,61,164467,622,Employed,Bachelor,38,22678,24,Married,0,Rent,286,0.05808337438951494,0,1,0.2014846769527034,0,Education,0,20,22,4151,241,73920,5272,13705.583333333334,0.5792425085996556,4,68648,0.186678,0.17787109738431572,1129.8474146053927,0.10330442566146833,1,35.2
2027-01-22,32,55016,549,Employed,High School,8,54973,36,Married,1,Rent,298,0.6062298027959953,5,2,0.22818429363117018,0,Home,1,19,11,3300,12758,16058,30888,4584.666666666667,0.6359352785634645,3,2591,0.26547299999999996,0.28083561473582863,2276.3629505193894,0.5615158391419346,0,60.0
2027-01-23,40,118101,467,Employed,High School,20,44297,72,Married,4,Rent,1043,0.34833530152237047,4,3,0.38271405167435085,0,Debt Consolidation,0,33,5,10256,1202,66511,60211,9841.75,0.8718314894033452,7,6300,0.325797,0.3572903376127319,1500.3639005158961,0.2584259812041452,0,55.0
2027-01-24,26,35737,531,Employed,Bachelor,3,114325,84,Married,1,Rent,456,0.11789697077849348,2,1,0.03559122875811682,1,Home,0,29,21,2232,1210,406005,59647,2978.0833333333335,0.4604428849465397,3,346358,0.373825,0.3834805667768073,3933.4869640010625,1.4739302002969679,0,56.0
2027-01-25,41,108311,604,Employed,High School,17,17803,72,Divorced,0,Mortgage,863,0.6738891501985007,0,0,0.4130568915113146,0,Debt Consolidation,0,27,8,11127,848,11975,7040,9025.916666666666,0.8777714585627548,1,4935,0.23080299999999998,0.21194408425300046,438.8471757211935,0.14423434469863933,1,44.0
2027-01-26,31,74218,598,Employed,Master,9,47456,60,Divorced,2,Own,471,0.36979285923476174,1,1,0.22059645846005285,0,Home,0,29,13,6805,3353,177981,26477,6184.833333333333,0.5899300227390443,8,151504,0.253456,0.270616933863043,1450.8348757486422,0.31073349469109524,0,48.0
2027-01-27,31,62565,605,Employed,Associate,12,34582,72,Single,1,Rent,436,0.23850825779051857,5,1,0.5121283654557889,0,Auto,0,25,21,1776,3233,49738,18425,5213.75,0.9390520737509047,3,31313,0.247082,0.1976656,823.663851896424,0.24160419120525997,0,55.0
2027-01-28,50,74507,589,Unemployed,Associate,30,18144,24,Widowed,0,Mortgage,388,0.2571942255671398,5,1,0.21187796703657075,0,Debt Consolidation,0,21,15,3234,2424,11577,6995,6208.916666666667,0.8267144673722217,1,4582,0.198644,0.20294441870409585,926.065373319616,0.21164165084938852,0,55.0
2027-01-29,22,46801,577,Employed,Master,0,30620,60,Married,2,Mortgage,559,0.1149780180730722,3,0,0.44693409873014184,0,Debt Consolidation,0,26,13,7726,843,27867,145115,3900.0833333333335,0.8432606572732626,2,1597,0.24712,0.23763401738771495,876.675076593049,0.3681139488283709,0,56.0
2027-01-30,54,30919,527,Employed,High School,34,16341,72,Married,1,Own,240,0.15393256769476432,3,1,0.1766809305441664,0,Auto,0,22,19,2099,3458,85250,111921,2576.5833333333335,0.8432965929585905,7,7939,0.267841,0.28343527424073517,474.2890276747373,0.2772233362041737,0,50.0
2027-01-31,36,46078,564,Employed,Associate,10,23335,84,Married,1,Own,259,0.6486424939708801,1,3,0.19295105480390157,0,Home,0,25,22,3287,2547,30663,93966,3839.8333333333335,0.8593748895320183,2,9237,0.266335,0.23845622172321482,573.5344561504155,0.21681525834031393,0,53.0
2027-02-01,49,231031,609,Employed,Associate,26,12192,72,Married,0,Rent,162,0.20196326458592476,2,0,0.21633489323585411,0,Debt Consolidation,0,35,15,15492,3390,18882,20102,19252.583333333332,0.7289009931506587,6,7488,0.222692,0.19574821377541513,289.0358612027657,0.02342729042610381,1,37.6
2027-02-02,18,19049,458,Employed,Bachelor,0,10072,96,Married,2,Own,416,0.08225082895093425,7,0,0.16340383609414777,0,Home,0,24,10,766,5357,57282,5042,1587.4166666666667,0.7813599225154754,6,52240,0.316072,0.3044802471882246,280.90498441482356,0.4390183113537656,0,49.0
2027-02-03,28,37209,541,Employed,Bachelor,7,20420,60,Married,2,Mortgage,844,0.2816199862135344,5,1,0.18315126103454957,0,Other,0,26,3,1370,4405,368122,32849,3100.75,0.7957325023629466,2,335273,0.25492,0.27677316416561765,631.8242122276502,0.4759571755954689,0,48.0
2027-02-04,28,15000,571,Self-Employed,Associate,3,13816,72,Married,2,Mortgage,688,0.292335689361175,2,0,0.3213837877201566,0,Home,0,24,12,7386,1323,104204,11286,1250.0,0.8010460316364362,4,92918,0.243316,0.21165501866813768,340.33210411443986,0.822665683291552,0,57.0
2027-02-05,30,39213,501,Employed,Master,7,14785,72,Married,2,Rent,188,0.15107785029402554,3,1,0.22116904805793886,0,Education,0,24,3,26237,133,284091,13929,3267.75,0.7958678104542263,3,270162,0.279285,0.2588217163085766,406.3068076413728,0.18187034125663618,0,49.0
2027-02-06,24,38950,545,Employed,Master,0,28364,60,Married,3,Own,378,0.19529561338208998,5,1,0.17012805782012325,0,Home,0,23,14,6990,1192,71873,48118,3245.8333333333335,0.7214736220776324,1,23755,0.260864,0.2386802566523909,813.8032649101358,0.3671794397669224,0,50.0
2027-02-07,53,68307,514,Employed,Master,31,25496,108,Divorced,0,Other,333,0.22746306512278486,1,0,0.19172535306133096,0,Education,0,20,18,2540,226,36859,27641,5692.25,0.8519607788298287,2,9218,0.313496,0.3593143706372381,796.3292043480639,0.19839768182143505,0,50.0
2027-02-08,57,78252,608,Unemployed,Doctorate,33,38966,48,Married,2,Mortgage,478,0.11616521542429722,3,1,0.2365323997663212,0,Other,0,21,15,3438,866,116984,14785,6521.0,0.6224584344704029,7,102199,0.229966,0.20716771613465718,1200.6811502163678,0.2574269514210041,1,37.6
2027-02-09,46,37810,627,Unemployed,High School,24,13345,60,Married,3,Mortgage,651,0.45586196915239086,1,2,0.3076732552720729,0,Debt Consolidation,0,24,14,12760,3030,353940,8865,3150.8333333333335,0.8321638960917759,5,345075,0.204845,0.20048377435873158,353.9201941446058,0.3189379087472962,0,50.0
2027-02-10,35,80402,601,Employed,High School,14,10188,60,Single,1,Other,372,0.43265946735906713,3,0,0.4985280601935067,0,Home,0,25,3,1527,1119,27297,4762,6700.166666666667,0.6794660665237177,8,22535,0.214688,0.24738661451146654,297.4723600575242,0.09991876222843075,0,56.0
2027-02-11,38,68372,605,Employed,High School,14,30805,96,Divorced,0,Mortgage,405,0.5380707367482733,2,1,0.20487627953740462,0,Auto,0,17,19,3555,1062,27962,79323,5697.666666666667,0.7360707579210312,6,7859,0.263305,0.254099107625234,753.0332434505565,0.20324692741775402,0,50.0
2027-02-12,31,84832,574,Employed,Bachelor,6,22595,48,Married,0,Mortgage,1123,0.22177839334862987,4,2,0.07498125439861808,0,Education,0,22,3,11537,8275,37723,39602,7069.333333333333,0.8242637139063633,3,7027,0.23059500000000002,0.21722941976222454,708.485586588221,0.25907472462111764,0,52.0
2027-02-13,27,15000,563,Unemployed,Associate,8,15769,24,Divorced,2,Rent,408,0.2379644870411478,2,2,0.4394910368033487,0,Debt Consolidation,0,16,4,2834,1542,192129,68981,1250.0,0.8879765738638479,5,123148,0.20926899999999998,0.2055532954694851,806.8603324025235,0.9718882659220187,0,60.0
2027-02-14,18,139143,560,Employed,Master,0,64769,96,Married,0,Mortgage,929,0.2153056897048138,4,0,0.21978546293067733,0,Auto,0,17,3,2190,1106,40008,9194,11595.25,0.5585580201294774,3,30814,0.31976899999999997,0.3189469317115831,1872.4055387362314,0.24159940826944062,0,53.0
2027-02-15,32,89561,592,Self-Employed,Bachelor,12,22992,72,Divorced,2,Mortgage,344,0.18181683860210637,2,1,0.27212525159607354,0,Education,0,27,10,2490,195,42478,25760,7463.416666666667,0.9096981668547055,7,16718,0.24199199999999998,0.2646489102087532,640.1659483894422,0.13186533625878794,0,53.0
2027-02-16,53,82138,590,Unemployed,High School,30,18290,36,Single,1,Own,207,0.42295824523916115,4,1,0.2398745068355822,0,Home,0,17,28,4179,718,101455,16874,6844.833333333333,0.8806886903974597,8,84581,0.20829,0.18971725179182644,670.1771673772383,0.12815172037944508,1,42.400000000000006
2027-02-17,18,16643,540,Employed,High School,0,17171,36,Married,0,Own,781,0.2937118227492122,5,1,0.05860304720588699,0,Education,0,15,5,3070,477,128689,39398,1386.9166666666667,0.8922994110177994,7,89291,0.232171,0.2296408854730145,664.3632792673263,1.0421414018631205,0,52.0
2027-02-18,46,54174,640,Employed,Associate,26,31779,24,Single,2,Own,372,0.5064691994715922,3,0,0.47904745161795603,0,Education,0,25,2,26942,277,60617,12985,4514.5,0.33680866419843813,5,47632,0.186779,0.2241348,1655.1319676931428,0.44902690612319035,0,58.0
2027-02-19,35,17248,653,Employed,Master,11,20650,72,Married,5,Mortgage,944,0.3485950676993742,4,1,0.299128048615545,0,Auto,0,19,15,534,981,6114,11725,1437.3333333333333,0.7847019861023706,2,9710,0.20915,0.2117761433534039,508.82233768891507,1.0107762089672414,0,48.0
2027-02-20,58,28376,646,Employed,Bachelor,35,43353,60,Married,0,Mortgage,268,0.06770567333459601,2,0,0.3508013489923699,0,Debt Consolidation,0,23,11,4148,284,15751,63094,2364.6666666666665,0.6673310105294309,2,10412,0.22535300000000003,0.25550529508723335,1286.4982913170672,0.6573858012336061,0,52.0
2027-02-21,40,55298,651,Employed,Master,15,72250,48,Single,1,Own,424,0.771534235309068,8,0,0.10940621134982041,0,Home,0,22,17,2649,4879,320394,40658,4608.166666666667,0.8634687255625594,6,279736,0.24175,0.24699271469390444,2383.5000568065634,0.609244469631429,0,40.0
2027-02-22,49,83437,484,Unemployed,Bachelor,25,13590,96,Married,1,Rent,245,0.1680734439092118,1,1,0.2852206985038191,0,Home,0,19,2,2762,417,13460,91982,6953.083333333333,0.7238679339824847,5,2037,0.30659,0.34515474154036957,418.38626954798633,0.09540893410088853,0,57.0
2027-02-23,47,15000,626,Employed,Associate,24,30896,60,Divorced,2,Mortgage,387,0.01221045436896874,1,2,0.44457965594383986,0,Auto,0,27,28,3420,2198,18807,30329,1250.0,0.8906134299690708,2,2180,0.22289600000000004,0.26239671197551534,929.4296014609101,1.053143681168728,0,54.0
2027-02-24,52,222549,515,Unemployed,High School,29,18793,60,Married,1,Own,356,0.2599113378161384,3,0,0.10785860586411196,0,Auto,0,20,22,4765,4679,64200,8395,18545.75,0.6097791592790442,6,55805,0.266293,0.2537966077565723,555.7902223173875,0.049164375790538936,1,39.2
2027-02-25,20,97264,580,Employed,High School,0,27743,60,Married,1,Mortgage,253,0.12116108639780065,3,1,0.343512655698449,0,Home,0,19,23,1023,418,22335,10074,8105.333333333333,0.7836445791596437,0,12261,0.242743,0.23310408869430405,787.0439043931908,0.12831599412648348,0,52.0
2027-02-26,29,123549,474,Employed,Master,7,14846,84,Married,2,Rent,430,0.16457063750900644,4,0,0.16727199134017565,0,Debt Consolidation,0,19,2,962,259,11742,13123,10295.75,0.8325474408761006,3,9656,0.302846,0.3167987388213182,441.3898724852131,0.08463588106599453,0,51.0
2027-02-27,31,53102,591,Employed,High School,9,33891,60,Married,0,Mortgage,337,0.26625329215338756,5,1,0.4871251793839935,0,Auto,0,24,14,5266,2947,158543,25351,4425.166666666667,0.6053005715355693,7,133192,0.24339100000000002,0.26558526959086975,1025.9488359817224,0.30799943564801074,0,52.0
2027-02-28,31,34615,545,Self-Employed,Master,6,16817,48,Single,2,Mortgage,143,0.34723278924468626,3,3,0.47663313414949676,0,Debt Consolidation,0,26,17,17334,707,88949,8376,2884.5833333333335,0.9417284172034815,3,80573,0.239317,0.21258163045526746,523.0880731559344,0.23091309772847643,0,58.0
2027-03-01,41,39525,561,Employed,Bachelor,21,34292,108,Divorced,0,Rent,392,0.3020845989519554,3,1,0.30179992984044784,0,Debt Consolidation,0,30,3,6531,2112,35944,11846,3293.75,0.8780972062774572,4,24098,0.29879199999999995,0.23903359999999996,775.1848142959949,0.3543635109817062,0,58.0
2027-03-02,32,31400,571,Employed,High School,10,26871,48,Single,4,Rent,444,0.2159371787554451,3,0,0.2839022139804473,0,Auto,0,30,4,250,8127,156117,14836,2616.6666666666665,0.6451235554662175,4,141281,0.23637100000000003,0.20831875511102746,829.6512134512674,0.48674568666927415,0,52.0
2027-03-03,54,32530,626,Employed,Bachelor,34,43191,36,Married,1,Own,291,0.07386077534696632,5,1,0.3871679493573026,0,Debt Consolidation,0,18,4,15568,4278,51990,17161,2710.8333333333335,0.8514858280210453,6,34829,0.21519100000000002,0.22291957601559453,1656.0145121034566,0.7182346801488312,0,54.0
2027-03-04,67,141252,562,Unemployed,Bachelor,46,41804,60,Widowed,0,Rent,528,0.06990211607008182,3,0,0.5798895172028067,0,Home,1,20,15,1910,4389,57619,19734,11771.0,0.7460312048451616,5,37885,0.265804,0.2309012219499322,1180.6400178338542,0.14515674265855527,0,64.0
2027-03-05,56,40387,539,Self-Employed,Doctorate,35,17912,72,Divorced,2,Own,497,0.30955317950205313,4,4,0.16576000981765954,0,Home,0,19,13,6475,1878,23626,22882,3365.5833333333335,0.9493762022606771,3,5651,0.263412,0.2586156701860375,492.01139490192827,0.2938603198757803,0,54.0
2027-03-06,41,26238,504,Employed,High School,16,31156,72,Married,2,Other,338,0.7930353854517987,2,1,0.4122499980142668,0,Education,0,14,18,1674,459,73100,33329,2186.5,0.8556140253254207,2,39771,0.294156,0.3135774929879461,964.7411984151253,0.5958112043974961,0,60.0
2027-03-07,33,34351,490,Employed,Bachelor,9,53050,48,Married,2,Rent,325,0.5114414653670023,0,0,0.1757284313172833,0,Auto,0,25,24,3259,919,32323,79357,2862.5833333333335,0.8245384481227804,7,5358,0.30305,0.272652404962823,1826.6707132642873,0.7516534761483348,0,52.0
2027-03-08,55,103917,617,Employed,Bachelor,31,8338,60,Married,0,Mortgage,510,0.23511081057535643,2,0,0.27748893691173204,0,Education,0,29,13,3363,3242,283242,18943,8659.75,0.9493218217631139,3,264299,0.20483800000000002,0.2158587352703286,228.32753497093086,0.08525968243551267,1,33.6
2027-03-09,47,78424,673,Employed,Bachelor,26,34813,12,Married,1,Mortgage,356,0.7676378671212831,2,0,0.26250006976455525,0,Home,1,26,26,2401,907,52094,81770,6535.333333333333,0.823505687739224,7,1516,0.16331299999999999,0.16392480679812985,3165.082781457385,0.5387763105361704,0,54.0
2027-03-10,43,15968,612,Employed,Master,19,16553,36,Single,1,Mortgage,403,0.16101139067839587,3,2,0.140105354489751,0,Auto,0,35,23,16065,645,48304,11745,1330.6666666666667,0.8539879200640909,5,36559,0.195553,0.21654577280734574,629.2124253716503,0.7757107405097571,0,48.0
2027-03-11,51,22993,617,Self-Employed,High School,28,16401,84,Married,3,Mortgage,264,0.12595553700538178,3,0,0.6301508818900188,0,Auto,0,24,20,1901,1294,58118,23654,1916.0833333333333,0.904462097831279,4,34464,0.23290100000000002,0.24360338726086742,408.4521780533841,0.35095142594009526,0,59.0
2027-03-12,20,49969,548,Employed,Associate,0,10151,72,Married,4,Other,307,0.3083166600734041,7,0,0.16968744364251198,0,Debt Consolidation,0,11,7,877,826,388467,23374,4164.083333333333,0.9054841896519198,3,365093,0.251151,0.2281452561209873,259.98611385425863,0.1361610871990855,1,36.800000000000004
2027-03-13,30,50834,573,Self-Employed,Bachelor,8,41046,12,Single,3,Mortgage,610,0.3140906466640797,2,0,0.14557036423016212,0,Debt Consolidation,0,25,29,4826,1414,10891,37594,4236.166666666667,0.9286400819141408,8,8869,0.21954600000000002,0.20093128792115417,3804.1056397632196,1.042004714898663,0,53.0
2027-03-14,30,117655,591,Employed,High School,10,26259,36,Divorced,4,Own,576,0.23579313427917578,3,2,0.1495355695737368,1,Other,0,23,11,1582,345,22757,45166,9804.583333333334,0.936244084151426,10,5672,0.215759,0.24523039228291799,1037.440633908608,0.1645598368696893,0,61.0
2027-03-15,24,22817,463,Employed,High School,0,27012,24,Married,0,Rent,205,0.05464888832906189,3,2,0.2493723675188968,1,Debt Consolidation,0,30,24,1845,5516,21364,4814,1901.4166666666667,0.9875391752272802,4,16550,0.27051200000000003,0.2428077349417566,1431.9422457114515,0.8609066462960695,0,65.0
2027-03-16,31,42158,579,Employed,Bachelor,7,12955,48,Married,0,Rent,473,0.39273741110916865,4,1,0.21921462707249825,0,Debt Consolidation,0,26,23,1693,244,50645,18741,3513.1666666666665,0.5722215650150116,6,31904,0.218455,0.19842967087284707,393.1422604231969,0.24654175067788706,1,42.400000000000006
2027-03-17,29,17613,474,Self-Employed,Master,5,37284,60,Divorced,1,Mortgage,247,0.27995831689695205,3,2,0.20746976561121347,0,Debt Consolidation,0,27,26,22141,250,67528,5620,1467.75,0.8308182098568422,8,61908,0.305284,0.3416730832730389,1303.4101587242528,1.0563176009022333,0,55.0
2027-03-18,34,112033,476,Employed,Bachelor,14,26350,48,Married,1,Rent,313,0.5629615464275771,8,1,0.1700381855933452,0,Home,0,26,3,7158,3485,141992,49109,9336.083333333334,0.6769314010120697,3,92883,0.28335,0.26512284997431057,896.0622241661237,0.12950422366618303,1,40.800000000000004
2027-03-19,47,40458,561,Employed,High School,24,45014,36,Married,0,Mortgage,391,0.19987565446624492,10,1,0.46736634278160244,0,Home,0,21,24,991,239,10829,21378,3371.5,0.7457990803388678,7,6628,0.24951399999999999,0.20991925732506364,1695.71887511808,0.6189289263289575,0,56.0
2027-03-20,48,28574,606,Employed,High School,26,17699,60,Widowed,1,Rent,588,0.43794553734113706,6,1,0.06417002117993734,0,Auto,0,24,14,3725,653,137768,6128,2381.1666666666665,0.7867639244124064,3,131640,0.21969899999999998,0.2398024108847054,508.9612605601149,0.46068226803112544,0,46.0
2027-03-21,44,65082,639,Self-Employed,Bachelor,20,13137,24,Married,3,Own,195,0.29238212830770355,3,0,0.4392850575681945,0,Debt Consolidation,0,28,28,1666,6027,250737,8379,5423.5,0.7361671220346505,2,242358,0.168637,0.1622811695893542,644.6611878057927,0.1548190629309104,1,41.6
2027-03-22,47,48646,570,Employed,Doctorate,23,12847,72,Married,1,Own,213,0.24231397353275033,3,6,0.48774033814064405,0,Home,0,34,27,5775,890,32495,14205,4053.8333333333335,0.8267252724137565,6,18290,0.242847,0.22368691024562765,325.61284028510175,0.13286506770178888,1,45.6
2027-03-23,37,79269,562,Employed,Master,12,14343,12,Single,2,Other,378,0.5263594085569401,4,0,0.3472436772818855,0,Home,0,22,18,1752,820,150097,9535,6605.75,0.5753378279597343,4,140562,0.198343,0.2380116,1354.8884895328656,0.26233031669876483,1,40.800000000000004
2027-03-24,37,28404,579,Employed,High School,15,20416,96,Single,0,Mortgage,220,0.3503262594681276,5,3,0.17805006362673087,0,Debt Consolidation,0,23,26,1484,1864,58312,15422,2367.0,0.6320758615303416,6,42890,0.265916,0.3004152982566541,563.5956286824907,0.33105011773658244,0,52.0
2027-03-25,34,134125,545,Employed,Bachelor,10,18913,60,Divorced,4,Own,1230,0.1915821789135017,3,0,0.2694579073018053,0,Home,0,25,26,5583,609,6192,117033,11177.083333333334,0.8184363652760297,3,9775,0.251413,0.22439160781382406,527.089853957588,0.1572046840446677,1,39.2
2027-03-26,46,15000,549,Employed,High School,21,5742,36,Divorced,1,Other,496,0.005393755852228907,5,0,0.25538254241828995,0,Education,0,19,10,7679,4405,12084,48106,1250.0,0.8067511272394174,6,9537,0.216242,0.21263572444968512,217.1080686750874,0.57048645494007,0,53.0
2027-03-27,58,74772,558,Employed,Associate,38,17371,36,Divorced,2,Mortgage,295,0.2314594529180104,8,2,0.5871606334293422,0,Auto,0,18,1,2956,2526,34555,49618,6231.0,0.8231564736413698,6,7408,0.223371,0.2406299977603308,682.0886195627821,0.15681088421806808,0,62.0
2027-03-28,47,51826,654,Employed,Associate,26,31120,60,Married,0,Own,486,0.40295229984195485,5,3,0.3634952819269571,0,Home,0,26,24,22265,148,58713,6263,4318.833333333333,0.852931882257685,4,52450,0.20912000000000003,0.20809343937614283,838.566410380781,0.306695421691224,0,47.0
2027-03-29,45,63058,618,Employed,Master,21,29980,24,Married,4,Mortgage,927,0.27555522239715297,7,2,0.16079782539367468,0,Auto,0,27,21,2382,1981,18814,3283,5254.833333333333,0.8477706526132484,7,15531,0.19598000000000002,0.17094698510418735,1483.6435981949435,0.4587478698712189,0,47.0
2027-03-30,36,91309,618,Employed,Doctorate,13,16097,36,Married,1,Own,501,0.23521507434370348,6,1,0.6311335425976744,0,Auto,1,27,3,65094,801,229690,8402,7609.083333333333,0.7698069008188742,4,221288,0.19209700000000002,0.1985567848438564,597.0391550552325,0.1443063647686733,1,47.2
2027-03-31,37,53213,614,Employed,Bachelor,13,17117,24,Married,3,Rent,295,0.13438272611747118,5,1,0.10237800651844901,0,Home,0,23,6,8535,256,312237,135665,4434.416666666667,0.6658996418151127,8,176572,0.18511699999999998,0.19166891812414893,864.2328629777519,0.2614172167653209,1,35.2
2027-04-01,29,65426,526,Employed,Master,5,52355,48,Married,5,Mortgage,246,0.21803798548866507,5,1,0.26211236817893113,0,Auto,0,27,8,7154,3540,80238,27701,5452.166666666667,0.9739787722877628,4,52537,0.28435499999999997,0.26569331810784286,1782.080457451527,0.37197697382414213,0,51.0
2027-04-02,54,58785,540,Employed,High School,30,48248,108,Married,1,Other,616,0.21456150423945317,2,0,0.5778486968677974,0,Debt Consolidation,1,21,20,267,242,31431,15689,4898.75,0.6590346453210507,8,15742,0.323248,0.2873121305367461,1252.459718144198,0.38141560972578675,0,64.0
2027-04-03,48,29261,653,Employed,Bachelor,27,11336,96,Married,2,Rent,355,0.3285950208493608,3,0,0.12554809629880875,0,Home,0,22,19,869,1320,155679,71615,2438.4166666666665,0.7950627287112075,2,84064,0.21983600000000003,0.20822528320926145,243.37238460853305,0.24539382165005968,0,44.0
2027-04-04,48,36874,629,Employed,High School,29,17846,72,Single,0,Mortgage,530,0.43430577024743866,3,0,0.28567519900615096,0,Debt Consolidation,0,29,6,4633,894,47588,13115,3072.8333333333335,0.8205501823169038,8,34473,0.218346,0.22758270499366887,456.4681883967625,0.32102886209147774,0,53.0
2027-04-05,60,60991,538,Employed,Associate,35,5515,48,Married,3,Rent,547,0.1613663572418555,2,1,0.2668142886139091,0,Home,0,24,22,215,1752,1078382,40424,5082.583333333333,0.742664117777673,7,1037958,0.231515,0.23037070801794216,176.87589714947933,0.1424228290369686,1,34.4
2027-04-06,28,23423,467,Employed,High School,4,25537,108,Single,0,Mortgage,462,0.6313430904044439,3,0,0.30447824887072095,0,Home,0,17,15,1999,11019,208945,48258,1951.9166666666667,0.616474422745171,7,160687,0.33703700000000003,0.34898803425261554,777.8547531593791,0.6351986098242133,0,54.0
2027-04-07,48,92081,591,Employed,Bachelor,25,10267,84,Single,0,Mortgage,459,0.4554741588720916,1,2,0.2804612855029054,0,Education,0,31,20,1028,190,45365,25360,7673.416666666667,0.5903987039837613,6,20005,0.239767,0.2435380799510369,255.64785121211352,0.09313293963516212,1,41.6
2027-04-08,59,27736,602,Employed,Associate,41,66731,60,Married,2,Mortgage,392,0.4369964761647013,3,1,0.6326787733780449,0,Education,0,16,26,2891,389,58274,17501,1250.0,0.8411347429204751,7,40773,0.270731,0.26967359962254195,2036.3513113841009,1.9426810491072808,0,58.0
2027-04-09,41,29133,589,Employed,Master,19,16339,36,Married,1,Mortgage,385,0.6295503952348083,4,0,0.3090253961622468,0,Auto,0,22,17,1043,185,89668,4907,2427.75,0.798124355148775,6,84761,0.206839,0.20709082232878886,613.1350962834485,0.4111358650122329,0,56.0
2027-04-10,53,82844,643,Employed,High School,33,18785,24,Single,1,Rent,280,0.392967241959333,2,0,0.4760353413983991,0,Auto,0,16,9,648,1750,67245,13703,6903.666666666667,0.6744064696337446,6,53542,0.172285,0.16262156154836233,922.126788299788,0.1741287414851704,1,40.800000000000004
2027-04-11,33,52273,595,Self-Employed,Bachelor,9,12091,96,Married,1,Rent,308,0.10103843136427156,4,0,0.7383727757573321,0,Home,0,18,4,11634,1757,152351,10190,4356.083333333333,0.9332647042598553,6,142161,0.249591,0.22962624169869364,276.1218686524754,0.1340933641426684,0,59.0
2027-04-12,47,43140,498,Unemployed,Associate,22,21290,72,Single,0,Rent,468,0.09442051398103363,5,3,0.07590895323719582,0,Auto,0,29,7,1060,321,68449,61970,3595.0,0.6846452043067939,6,6479,0.28729,0.2898743624298953,626.6592884067021,0.30449493418823426,0,54.0
2027-04-13,57,19992,666,Employed,Bachelor,37,21433,36,Single,1,Mortgage,225,0.15789980681830776,1,3,0.2614749283261782,0,Home,0,25,23,2541,3450,63612,3796,1666.0,0.9657128048786648,2,59816,0.173433,0.17998470084478302,774.8378442045027,0.6001427636281529,0,45.0
2027-04-14,36,51864,622,Employed,Bachelor,12,32442,60,Single,2,Rent,320,0.18477782806997442,1,0,0.3174064814479506,0,Auto,0,20,9,21108,605,36200,84346,4322.0,0.9573829512273736,6,3167,0.22644200000000003,0.25129382077717244,954.6779973067668,0.2949278105753741,0,51.0
2027-04-15,28,16848,610,Employed,Bachelor,4,51411,60,Married,1,Mortgage,325,0.14705129659584612,2,1,0.206910362165977,0,Debt Consolidation,0,18,17,2291,1755,512768,66437,1404.0,0.8368153139799285,6,446331,0.251411,0.24662421475445476,1498.8231049498693,1.29901930551985,0,44.0
2027-04-16,48,61011,599,Employed,Associate,25,13525,36,Single,0,Mortgage,571,0.18523085821436577,6,0,0.15311261028252227,0,Education,1,23,16,733,488,122113,26175,5084.25,0.446694725855181,5,95938,0.199025,0.17918559724650115,488.4087707500524,0.2083707077248468,1,42.400000000000006
2027-04-17,26,31142,573,Employed,Bachelor,1,26935,96,Married,1,Mortgage,561,0.5130762167932117,1,4,0.1246930433286602,0,Home,0,34,8,272,2806,227402,6366,2595.1666666666665,0.8484688750238862,4,221036,0.27543500000000004,0.2783663987732026,702.544472310991,0.48688374759912306,0,49.0
2027-04-18,42,62017,593,Unemployed,High School,15,32414,24,Divorced,1,Other,787,0.583466674243554,1,1,0.23425971546541355,0,Other,0,26,23,8262,3030,31296,103071,5168.083333333333,0.5642364364428779,7,9621,0.210914,0.2079187755803565,1662.302833101888,0.47392866467618,0,56.0
2027-04-19,36,20216,590,Employed,High School,14,22463,12,Divorced,2,Rent,343,0.13421513364652068,6,1,0.488864899971569,0,Debt Consolidation,1,19,26,7644,1876,15212,120174,1684.6666666666667,0.6567294890213086,4,8309,0.19246300000000002,0.19264114280391992,2072.945737240119,1.4340793849862201,0,63.0
2027-04-20,56,48181,620,Employed,Master,34,4828,120,Widowed,3,Own,279,0.0935716121132976,1,0,0.21396728759151337,0,Debt Consolidation,1,30,4,14606,2621,59284,20257,4015.0833333333335,0.6853795316862173,5,39027,0.24982800000000002,0.2487165435551316,109.39702619290055,0.09673448692046256,0,58.0
2027-04-21,41,46997,583,Employed,High School,17,11815,48,Married,2,Own,925,0.2677039580140531,3,0,0.4226355430853109,1,Home,0,24,26,1504,1576,11789,122107,3916.4166666666665,0.9266155976491264,5,10778,0.215315,0.2139947023678798,368.40302180023093,0.33025163864933443,0,69.0
2027-04-22,24,53876,529,Employed,Bachelor,2,25702,48,Married,4,Mortgage,941,0.5227366693654142,2,3,0.15243859630174364,0,Other,0,19,27,3188,4494,23396,14655,4489.666666666667,0.964297229907047,6,8741,0.256202,0.278974972804296,894.2630301832617,0.4087748972121007,0,51.0
2027-04-23,38,47149,581,Employed,High School,17,14781,60,Married,1,Own,455,0.07448484224222048,1,1,0.20109155614864868,0,Education,0,24,24,940,255,48320,41086,3929.0833333333335,0.7570319816449504,8,7234,0.229281,0.22093743368555643,409.0233474909006,0.21990456149421636,0,52.0
2027-04-24,42,42038,540,Self-Employed,Bachelor,19,45419,84,Married,4,Mortgage,230,0.3174522073607835,3,1,0.3115118853511301,0,Auto,0,25,21,2793,488,50332,24683,3503.1666666666665,0.8203742247944467,7,25649,0.300419,0.34564974289475187,1440.899074376184,0.4769681928853468,0,58.0
2027-04-25,18,60733,527,Employed,Bachelor,0,10542,60,Married,1,Other,228,0.34085313987674265,6,2,0.18062139968927032,0,Debt Consolidation,0,22,28,1234,616,79814,5736,5061.083333333333,0.840991130187027,3,74078,0.252042,0.2701084677268032,321.9717695319801,0.10866680773852372,1,38.400000000000006
2027-04-26,45,55345,609,Employed,Bachelor,20,13927,36,Married,3,Mortgage,610,0.2688547001291852,3,0,0.2652385328689423,0,Other,0,31,1,10301,254,58731,188649,4612.083333333333,0.7316799950465178,4,3942,0.194427,0.22161891129690667,533.0455527578415,0.24783714216449723,0,53.0
2027-04-27,43,59218,627,Self-Employed,Bachelor,20,12486,72,Single,1,Rent,1642,0.13852940430590469,4,1,0.1140210338161423,0,Home,0,25,27,2380,4293,81834,40402,4934.833333333333,0.6410242282322057,4,41432,0.213986,0.2254775642462452,317.7972511239271,0.39713544890889807,0,49.0
2027-04-28,44,57596,536,Employed,Bachelor,23,16741,108,Married,5,Rent,252,0.460337095603588,1,1,0.39805938176436617,0,Home,0,22,25,224,1333,42269,49048,4799.666666666667,0.8842763423924164,10,1404,0.29374100000000003,0.3196415573125123,473.62248460967913,0.1511818496999123,0,55.0
2027-04-29,48,56791,661,Employed,Associate,28,42471,36,Single,4,Mortgage,425,0.33539381495767007,5,0,0.17454919798545507,0,Home,0,28,8,2384,3190,117235,70158,4732.583333333333,0.8195984247448904,9,47077,0.196971,0.21854727481776953,1618.7966166360761,0.4318564455570938,0,45.0
2027-04-30,18,50664,509,Employed,High School,0,11751,48,Married,2,Rent,597,0.17717067588735472,1,0,0.45662458448846893,0,Auto,1,17,18,7109,2661,14187,61293,4222.0,0.8961627014610852,7,1350,0.252251,0.21089153365536653,364.44160605054805,0.2277218394245732,0,61.0
2027-05-01,48,26353,538,Unemployed,High School,27,22120,36,Single,3,Mortgage,681,0.4765633757517152,6,1,0.11747806273251257,0,Auto,0,24,20,5618,908,23072,1727,2196.0833333333335,0.7786903378511788,7,21345,0.23812,0.24416268286436243,872.6726933312411,0.7074743793865933,0,56.0
2027-05-02,56,27331,552,Employed,High School,32,29356,96,Divorced,0,Mortgage,539,0.3883850290508493,3,2,0.4389150318146811,0,Home,1,25,8,9260,302,55770,19282,2277.5833333333335,0.8650018609610064,3,36488,0.288356,0.24456926504900894,699.0708116563935,0.5435896871639062,0,65.0
2027-05-03,41,38877,592,Employed,Associate,16,32494,48,Single,1,Rent,271,0.14291597835288253,2,0,0.41357054009884203,0,Debt Consolidation,0,30,28,1789,9477,33598,22252,3239.75,0.901993803078742,2,11346,0.231494,0.2550205814435417,1086.5266530082713,0.41902203966610735,0,56.0
2027-05-04,30,63433,530,Employed,Master,8,11280,36,Widowed,0,Other,466,0.5125895013075713,2,0,0.14952414630665598,0,Auto,1,22,20,9796,703,113479,8015,5286.083333333333,0.9245709069528054,2,105464,0.23128,0.22011353659686106,430.85456880133563,0.1696633428281183,1,42.400000000000006
2027-05-05,43,89379,595,Employed,Associate,18,19874,48,Single,0,Own,476,0.1359351094498977,1,0,0.19683774704121026,0,Education,1,29,24,2490,2886,19328,155245,7448.25,0.9644177780161654,5,10362,0.217374,0.21910518395979076,625.1867284477426,0.14784502781831202,1,43.2
2027-05-06,18,38778,476,Employed,High School,0,41729,72,Single,0,Mortgage,276,0.4063938625964684,1,0,0.3747444201167751,0,Auto,0,27,18,1319,1683,57787,102347,3231.5,0.4961944447960128,5,8126,0.318729,0.3680625148401934,1443.9172211549414,0.5322349438820799,0,56.0
2027-05-07,54,89887,614,Employed,Bachelor,29,33298,48,Single,2,Own,498,0.06860453231775092,1,1,0.5304443554734303,0,Auto,0,31,8,1678,983,52521,17114,7490.583333333333,0.7435767405392408,5,35407,0.221298,0.20195464813259836,1016.7411811345419,0.20221938849460439,1,43.2
2027-05-08,33,47757,581,Employed,High School,12,14854,12,Single,1,Mortgage,330,0.3757366551541105,3,1,0.32793937888400826,0,Home,1,33,5,7949,389,311758,105082,3979.75,0.8647782882578695,3,206676,0.18935400000000002,0.21131614209637894,1384.0504436812587,0.43069299420346974,0,59.0
2027-05-09,38,88426,620,Employed,High School,17,22841,108,Single,2,Rent,283,0.10943867450269287,2,0,0.2847870470468388,0,Auto,0,26,1,2176,711,102914,80937,7368.833333333333,0.8941859398435776,5,21977,0.257841,0.23292815883443244,506.92663924916457,0.10719833161049888,0,51.0
2027-05-10,27,90555,492,Employed,High School,3,29767,48,Single,0,Rent,402,0.17064316285223344,5,0,0.1523052500367508,0,Home,0,20,3,8991,478,258434,28268,3954.8333333333335,0.8001749343607811,3,230166,0.278767,0.2994090243729536,1070.7675095415202,0.37239685858018123,0,47.0
2027-05-11,35,26407,519,Employed,Associate,9,11566,120,Married,4,Rent,322,0.07330943589631683,4,2,0.4228733305254487,0,Home,0,24,2,3308,1976,203911,12800,2200.5833333333335,0.8722349798424271,3,191111,0.307066,0.3279656322328947,329.0473011827167,0.29585214580196917,0,57.0
2027-05-12,32,48824,529,Employed,Master,10,29364,72,Single,0,Mortgage,810,0.20131576373494497,6,1,0.6875068169151171,0,Home,0,15,11,2160,1624,111475,7293,4068.6666666666665,0.4584976609578108,4,104182,0.279864,0.2625918678068204,813.8221174143009,0.3991042399019255,0,55.0
2027-05-13,44,36310,591,Employed,Associate,22,51688,36,Married,0,Other,245,0.4779789576221636,3,2,0.10326961182949908,0,Auto,0,25,6,7739,1328,49244,18552,3025.8333333333335,0.8628250679235432,9,30692,0.24118799999999999,0.28942559999999995,2164.4078497018368,0.7962791020771699,0,54.0
2027-05-14,18,30847,606,Employed,Bachelor,0,31052,60,Single,2,Other,671,0.13497016769811737,3,0,0.07805235256127482,0,Home,0,27,17,1023,1942,30562,28590,2570.5833333333335,0.8420527881785304,9,1972,0.23305199999999998,0.23751005872446154,888.8207103901389,0.6067963991532942,0,47.0
2027-05-15,39,29867,583,Employed,Associate,16,17657,24,Single,1,Rent,216,0.3081449849991951,4,1,0.45900754119102777,0,Other,0,25,18,3465,1173,59354,3673,2488.9166666666665,0.9323983889536727,10,55681,0.201157,0.20325210242055688,901.4748598119941,0.44898042380366054,0,56.0
2027-05-16,52,70850,560,Employed,Associate,31,18167,36,Married,0,Mortgage,187,0.23387385386000162,4,3,0.05022517724564974,0,Auto,0,15,17,9410,2307,18815,28615,5904.166666666667,0.7347697233212659,4,1549,0.22316699999999998,0.19256206534619646,668.2855662949715,0.14486135208948,1,40.0
2027-05-17,31,25582,570,Employed,Bachelor,9,29224,60,Single,4,Own,264,0.01824058421386658,4,1,0.364736368061944,0,Home,0,25,29,791,300,33734,189062,2131.8333333333335,0.7562225456105764,8,9423,0.249224,0.248201745036443,854.6848637534299,0.5247524964835102,0,55.0
2027-05-18,45,51901,502,Unemployed,Master,26,41323,36,Divorced,0,Own,346,0.17961048664255758,4,1,0.40418944833410436,0,Home,0,27,12,510,768,11308,28832,4325.083333333333,0.9523784015154919,13,5148,0.275323,0.25055889415314914,1644.217007692407,0.46015691590352564,0,58.0
2027-05-19,56,33916,563,Employed,High School,33,23525,96,Married,2,Mortgage,302,0.057311727518425296,6,2,0.40535691250386036,0,Home,0,26,6,1403,453,50718,33664,2826.3333333333335,0.7841105309987687,8,17054,0.27702499999999997,0.2890900081492737,630.9297757246959,0.33008483632198227,0,58.0
2027-05-20,55,71596,598,Employed,Associate,29,14550,36,Single,0,Own,228,0.06667267974364498,1,0,0.1366724854657191,1,Home,0,23,8,1727,1044,22485,13325,5966.333333333333,0.6790204791149389,7,9160,0.20055,0.17190951472351487,520.1309767057744,0.12539208503923813,1,49.6
2027-05-21,47,15000,574,Employed,High School,23,16160,60,Divorced,2,Other,233,0.8240737888035402,7,0,0.21842559111364113,0,Debt Consolidation,0,31,25,12337,2084,14421,27862,1250.0,0.8002231349600142,2,1086,0.23416000000000003,0.22570066927601543,451.5751589919805,0.5476601271935844,0,57.0
2027-05-22,46,17765,610,Employed,High School,21,40446,48,Married,0,Own,386,0.5736479009718116,1,1,0.1349747429683176,0,Education,0,28,7,1352,1829,14731,42791,1480.4166666666667,0.7626713657188604,7,3011,0.230446,0.2630958984611561,1370.7843531522365,1.1866823663285582,0,51.0
2027-05-23,33,72801,470,Employed,High School,8,15780,24,Single,2,Other,676,0.23978631550469184,8,1,0.08449602341522386,0,Debt Consolidation,1,20,18,5041,830,68230,25051,6066.75,0.9279660469245753,5,43179,0.25578,0.234052216985552,829.6288316537099,0.24817716761918815,0,56.0
2027-05-24,60,47706,600,Self-Employed,Bachelor,39,15103,48,Married,1,Rent,227,0.4772347133148141,4,2,0.4704529628736928,0,Debt Consolidation,1,28,9,1043,1858,25043,23221,3975.5,0.6980812651361169,4,1822,0.210103,0.20414156512019518,462.92898048002485,0.17354520952836747,0,65.0
2027-05-25,51,78996,593,Employed,High School,30,38963,84,Married,1,Mortgage,508,0.28696016860984236,2,3,0.5088214837058019,0,Auto,0,18,16,5827,2915,33163,6840,6583.0,0.5058846828470036,3,26323,0.267463,0.2233661720334048,920.8606667555782,0.21705311662700566,0,58.0
2027-05-26,47,39330,572,Employed,Associate,20,16134,72,Divorced,0,Mortgage,401,0.21134819413049685,3,3,0.13500011300839146,0,Debt Consolidation,1,18,1,777,1578,171576,81559,3277.5,0.6652735382064057,4,90017,0.24513400000000002,0.27196830877078304,456.60342807349326,0.2616638987257035,0,59.0
2027-05-27,41,31608,530,Employed,Associate,18,26734,96,Widowed,3,Mortgage,490,0.2679965944923607,2,1,0.2327542533202654,0,Debt Consolidation,0,14,4,2180,1093,73403,11205,2634.0,0.6975552766551669,2,62198,0.296734,0.268804321982933,679.9176305615301,0.44416007234682237,0,54.0
2027-05-28,55,38582,669,Employed,Doctorate,34,13835,96,Married,3,Mortgage,239,0.4444162413868776,2,2,0.12708214939152748,0,Education,0,25,4,1233,1931,121377,18843,3215.1666666666665,0.8974244552445279,5,102534,0.214335,0.21900560570897157,306.4931916854744,0.16966249287817356,0,45.0
2027-05-29,18,37540,594,Employed,High School,0,44101,84,Married,3,Mortgage,103,0.24804699720753703,4,0,0.24780670476948888,0,Education,1,21,28,953,453,241253,7201,3128.3333333333335,0.6707876277515771,3,234052,0.27210100000000004,0.25350836885058187,1126.1800293192389,0.3929184963194157,0,55.0
2027-05-30,34,103263,562,Unemployed,Bachelor,11,26403,24,Married,0,Rent,546,0.11582650351182938,4,1,0.1428326020555898,0,Home,0,30,27,1367,458,258230,5468,8605.25,0.7461778721461831,5,252762,0.220403,0.23669201931500383,1391.6001398813125,0.22516488653802186,1,36.0
2027-05-31,30,41270,569,Employed,Bachelor,7,21159,12,Single,2,Mortgage,433,0.1881340029414742,4,0,0.5568667874686094,0,Auto,0,20,16,4357,369,69246,86394,3439.1666666666665,0.9576896219679519,4,10832,0.20165900000000003,0.19658932302427318,1956.6012840630253,0.694819854828115,0,58.0
2027-06-01,41,60748,590,Employed,High School,17,8335,60,Married,1,Mortgage,602,0.3791172493353683,3,2,0.07822299716868525,0,Other,0,20,18,2572,3691,32857,120982,5062.333333333333,0.9465888365076318,3,3398,0.218335,0.212059701023348,226.45654926669363,0.16365112581813926,1,40.0
2027-06-02,22,15000,533,Self-Employed,Master,0,17355,72,Married,1,Mortgage,312,0.23857460557543517,5,1,0.2246896529353513,0,Education,1,30,13,16940,375,56491,21182,1250.0,0.939949146038317,7,35309,0.265855,0.2612763564971533,479.5746677140207,0.6332597341712166,0,63.0
2027-06-03,29,94814,597,Employed,Associate,6,19636,36,Widowed,0,Other,877,0.17005023954484383,3,1,0.7240957094949502,0,Other,0,27,13,3161,1286,147055,9626,7901.166666666667,0.6596841180363925,5,137429,0.206136,0.16490880000000002,695.1116897532731,0.19897209565084562,1,41.6
2027-06-04,42,94104,566,Employed,Bachelor,20,26962,60,Married,1,Own,378,0.4870752912914658,6,0,0.6008565728245218,0,Home,0,20,21,817,1302,310439,20286,7842.0,0.6297070151457077,3,290153,0.24896199999999996,0.19916959999999997,713.0828919631439,0.13913324304554248,1,41.6
2027-06-05,32,37796,598,Self-Employed,Associate,11,9746,36,Single,5,Own,642,0.28403810075605557,2,1,0.2893885425337955,0,Education,0,32,6,1391,374,148096,1087,3149.6666666666665,0.9672479108976494,5,147009,0.195746,0.2065680920451443,365.46613136283923,0.3198643659740203,0,54.0
2027-06-06,47,112957,541,Employed,High School,28,22984,96,Single,1,Mortgage,578,0.24065734107684522,2,1,0.4695540525850368,0,Home,0,21,19,954,801,52224,92930,9413.083333333334,0.9252181943011394,5,3693,0.287484,0.3217354418845816,668.9925143247384,0.1324743944323668,0,55.0
2027-06-07,32,70634,625,Employed,Master,10,25636,24,Married,3,Mortgage,1526,0.4965050833344763,3,3,0.5363193543125941,0,Home,0,21,10,2264,300,47549,44356,5886.166666666667,0.7981734823547588,0,3193,0.188136,0.15825705548441096,1253.0843965053018,0.4721382444440867,0,56.0
2027-06-08,48,49329,541,Unemployed,Master,28,9995,36,Married,4,Mortgage,487,0.3070855680248773,4,0,0.29991652066660196,0,Auto,0,24,16,1650,823,32128,3046,4110.75,0.8075887132427388,5,29082,0.224495,0.25232156458346916,398.6277212980009,0.21544188318384744,0,56.0
2027-06-09,48,29206,505,Employed,Master,25,19300,36,Married,0,Own,517,0.07167166074156112,4,2,0.008329661835643959,0,Other,0,26,22,2018,679,72632,5624,2433.8333333333335,0.7643181121649594,8,67008,0.2518,0.2630035666106625,780.7002722979381,0.5331919217823481,0,49.0
2027-06-10,48,37647,585,Employed,Bachelor,21,10143,48,Married,3,Rent,367,0.36104436595696604,3,2,0.7161273174524635,0,Home,0,25,9,2797,79,79818,17763,3137.25,0.6666573347159706,3,62055,0.212643,0.23478741755333724,327.76431151314176,0.22145647032054883,0,58.0
2027-06-11,35,118512,600,Employed,High School,10,25021,60,Single,1,Own,663,0.21375633045087392,4,1,0.22864491761354028,0,Home,0,28,13,6484,1204,177750,101098,9876.0,0.8540474723679412,4,76652,0.23002099999999998,0.2518774497812909,737.1560283711483,0.1417735954203269,1,36.800000000000004
2027-06-12,45,15000,645,Employed,Bachelor,24,33834,12,Married,1,Rent,282,0.08779342087161085,2,1,0.10791501943341074,0,Home,0,23,29,10385,1676,19214,28320,1250.0,0.7854553406523305,5,8519,0.17633400000000002,0.20393409694395706,3140.56982032898,2.738055856263184,0,48.0
2027-06-13,43,30253,596,Employed,Master,24,19097,36,Divorced,4,Own,868,0.5093309514247577,2,1,0.49546203814123463,0,Home,0,28,17,2318,866,192459,17771,2521.0833333333335,0.7664552495617388,3,174688,0.206097,0.1822663617635054,692.575410496,0.6190098478151589,0,54.0
2027-06-14,20,50297,616,Unemployed,Master,0,12510,36,Divorced,1,Rent,454,0.4274408605266339,1,3,0.45305508279864426,0,Other,0,15,5,10716,904,32786,44099,4191.416666666667,0.7179900937628022,9,2945,0.18951,0.21093886563774478,471.9183512463443,0.22090820953448775,0,59.0
2027-06-15,65,56140,650,Employed,Bachelor,43,15214,24,Married,0,Rent,438,0.3947627176859563,5,0,0.32190405340550354,0,Other,0,22,8,1145,643,128125,13152,4678.333333333333,0.7062715758164322,5,114973,0.165214,0.17974019737962113,759.3543184886943,0.2559360851774908,0,45.0
2027-06-16,24,21460,569,Employed,Bachelor,3,23094,60,Married,0,Other,749,0.23117598365330816,3,1,0.3483202346714915,0,Debt Consolidation,1,18,1,1440,740,57503,66137,1788.3333333333333,0.8751974861660005,4,7275,0.24359400000000003,0.23316461555785545,655.2365337153536,0.7852208017047645,0,66.0
2027-06-17,38,46795,555,Employed,High School,16,21126,72,Married,2,Mortgage,343,0.16349532712453485,7,1,0.26391838863385636,0,Debt Consolidation,0,21,4,2702,381,43560,14254,3899.5833333333335,0.81948530587954,8,29306,0.258626,0.2248711717382988,536.9400773672207,0.22564976874466605,0,55.0
2027-06-18,43,71214,637,Employed,Bachelor,22,32211,60,Widowed,1,Rent,800,0.2856401677870317,2,0,0.25871856776348606,0,Other,0,28,29,852,454,42617,25135,5934.5,0.8735101325865678,3,17482,0.218711,0.21738190299493446,884.8445986357787,0.283906748443134,0,49.0
2027-06-19,32,24591,603,Employed,High School,9,17306,12,Single,0,Rent,252,0.20096164357297638,2,0,0.40677301846480196,0,Home,0,29,28,393,1196,161640,51306,2049.25,0.5000507780418225,4,110334,0.180806,0.19202075076653716,1596.5312373465013,0.9020525740375753,0,51.0
2027-06-20,24,15000,569,Self-Employed,Bachelor,3,26325,36,Married,5,Other,239,0.5734382631757596,2,0,0.12672892454346799,0,Other,0,15,20,2529,1194,31636,17300,1250.0,0.8640496752960721,5,14336,0.22682500000000003,0.24883724991022696,1045.059204323016,1.027247363458413,0,56.0
2027-06-21,47,48460,589,Employed,Master,26,16553,60,Married,0,Rent,527,0.19320737429947712,5,1,0.1657198356034146,0,Debt Consolidation,0,18,3,3431,3140,57914,19460,4038.3333333333335,0.8564348765989044,3,38454,0.227053,0.21593532851745847,453.35861420598513,0.24276317314221668,0,53.0
2027-06-22,47,18169,556,Employed,Bachelor,26,22935,36,Married,0,Mortgage,429,0.451700907748534,4,0,0.1779506742827434,0,Other,0,21,22,1871,545,82702,25588,1514.0833333333333,0.9222663708400406,2,57114,0.229935,0.18946867995651376,840.0898352213568,0.8381902153479157,0,51.0
2027-06-23,36,85861,559,Employed,High School,14,5737,48,Single,1,Other,309,0.08645551310680345,2,3,0.29384535780982673,0,Debt Consolidation,0,21,26,1897,6896,195249,29109,7155.083333333333,0.8445718728574374,2,166140,0.221237,0.22668467787781513,182.8387820001775,0.06873976990720036,1,36.800000000000004
2027-06-24,38,21984,462,Employed,High School,14,26378,108,Single,0,Rent,317,0.5765715355520972,3,1,0.21458327581779105,0,Home,0,26,15,4836,980,65724,94945,1832.0,0.8958652134501015,7,9771,0.34037799999999996,0.3166034401099528,740.4128118821774,0.5771903994990051,0,55.0
2027-06-25,31,35749,578,Employed,Associate,8,21734,24,Married,2,Mortgage,188,0.3142239698381598,3,1,0.49295536563400566,0,Debt Consolidation,0,25,19,1861,3844,42202,119020,2979.0833333333335,0.7413248131265711,5,3133,0.207734,0.2089034193350886,1115.6454580559164,0.4375995271663822,0,57.0
2027-06-26,39,62630,584,Employed,Associate,16,12126,36,Single,0,Other,311,0.41333989221571393,5,1,0.5782939909345337,0,Home,0,35,10,1459,900,134694,40948,5219.166666666667,0.7982125257829568,6,93746,0.205126,0.23650640820401583,473.5161071330807,0.1503144385373937,0,57.0
2027-06-27,39,70728,508,Employed,Bachelor,16,23803,60,Married,1,Own,232,0.13186196074835052,4,3,0.47236478926238545,0,Other,0,25,19,3015,351,241462,4392,5894.0,0.7803322078343273,6,237070,0.274803,0.25657348444268696,707.8524314052464,0.15945918415426644,1,40.800000000000004
2027-06-28,28,47921,545,Employed,High School,9,9190,96,Divorced,0,Own,671,0.24104292453472373,3,1,0.2555321072944278,0,Debt Consolidation,0,23,20,8408,1368,398203,8696,3993.4166666666665,0.8666132757007318,9,389507,0.27169,0.29215441583875706,248.41875746306698,0.23023361552465108,0,47.0
2027-06-29,32,37171,520,Employed,High School,11,23671,84,Divorced,3,Own,408,0.4514069904100433,2,2,0.3593595466670607,0,Education,0,30,29,4980,1309,78141,37404,3097.5833333333335,0.7523838023701808,7,40737,0.288671,0.29546749565164687,669.6247832439032,0.3478921040307454,0,56.0
2027-06-30,26,49392,505,Employed,Bachelor,1,9804,36,Single,1,Rent,558,0.09187486051735125,2,3,0.3852651028253787,0,Auto,0,23,16,1431,1633,31032,27377,4116.0,0.9162647831147074,2,3655,0.242304,0.21205359279808467,370.4008931888602,0.22555901195064632,0,54.0
2027-07-01,24,64004,546,Employed,Associate,1,46276,60,Married,0,Mortgage,522,0.6023761724061575,4,1,0.5344147074098183,0,Debt Consolidation,0,20,23,4576,2142,11274,23913,5333.666666666667,0.8607051531551061,5,1114,0.27827599999999997,0.2979059487537876,1491.2390061431843,0.37745872248169193,0,60.0
2027-07-02,33,47486,481,Employed,High School,7,41092,120,Married,2,Other,426,0.14691222118697475,3,2,0.5258690061386999,0,Home,0,23,19,1015,3414,65741,15609,3957.1666666666665,0.4581704933618289,4,50132,0.355592,0.31825778188140114,1139.0682887401877,0.39550224202675005,0,56.0
2027-07-03,37,78041,585,Employed,Doctorate,16,28577,60,Single,1,Rent,131,0.11085284445006181,4,0,0.21717482075170402,1,Auto,0,17,22,18340,9566,147064,9425,6503.416666666667,0.8958376524105727,5,137639,0.24107699999999999,0.21299301552493147,777.9229920713802,0.13976084243995543,1,47.2
2027-07-04,52,35981,638,Employed,High School,28,17947,72,Married,2,Mortgage,650,0.3762895416975081,2,1,0.26736010670004184,1,Auto,0,23,23,1859,337,22438,8249,2998.4166666666665,0.6465515836635958,9,14189,0.213947,0.21652946122596953,447.2489004185047,0.36594276993474495,0,62.0
2027-07-05,51,31682,509,Employed,Associate,27,20361,84,Married,0,Mortgage,220,0.3827527449845731,1,2,0.41173756465995964,0,Debt Consolidation,0,26,14,5406,3213,71323,33611,2640.1666666666665,0.5521770283457187,8,37712,0.29086100000000004,0.3289555101347394,622.3420822148121,0.3190488285644134,0,57.0
2027-07-06,49,45715,573,Employed,Bachelor,27,8119,36,Single,0,Own,600,0.27099454662667655,4,1,0.2486635464161432,0,Home,1,23,22,5411,1297,96389,11200,3809.5833333333335,0.7315294256881565,5,85189,0.206619,0.18303335326973627,294.7582277807842,0.23487036494300362,1,45.6
2027-07-07,57,39079,562,Employed,Bachelor,37,34707,120,Divorced,4,Mortgage,286,0.20949715095265053,4,1,0.2506565285566894,0,Auto,0,22,24,2865,6123,83264,9373,3256.5833333333335,0.47978490399441465,6,73891,0.30870699999999995,0.3064619876699289,931.5470062587622,0.37387251657169185,0,51.0
2027-07-08,31,68821,563,Employed,Bachelor,7,43872,36,Married,2,Own,377,0.054341569767146713,2,3,0.16384055537325004,1,Education,0,24,26,2807,2922,43242,162649,5735.083333333333,0.9034041860893396,8,7748,0.24737199999999998,0.21944705497696312,1674.2368406300188,0.3576646966414354,0,61.0
2027-07-09,60,70154,664,Employed,Associate,41,44674,36,Single,0,Own,283,0.1997931189012456,1,2,0.33718078518617906,0,Home,0,22,18,785,972,50209,33703,5846.166666666667,0.7124039412399141,6,16506,0.197674,0.1816608254833247,1618.7965770971293,0.32530659584864086,0,47.0
2027-07-10,53,44145,580,Employed,Bachelor,28,23098,24,Married,1,Rent,216,0.2981869231281294,2,0,0.5849080379257838,0,Debt Consolidation,0,28,2,5123,7899,48427,330723,3678.75,0.9502129902884562,5,4626,0.208098,0.18876663770582847,1162.9546056451236,0.37484324992052287,0,63.0
2027-07-11,28,101716,540,Employed,Bachelor,6,25532,48,Married,1,Rent,465,0.40696573147497106,5,0,0.2891108896860626,0,Auto,0,24,18,4733,1413,63889,37873,8476.333333333334,0.9740557055569798,2,26016,0.250532,0.2549303980462104,853.6039685284572,0.15556301488793783,1,41.6
2027-07-12,34,64170,601,Employed,High School,13,13894,60,Married,1,Rent,288,0.5000512742332106,2,1,0.4958404804754865,0,Other,0,19,4,713,1402,96954,16632,5347.5,0.7613722000075834,3,80322,0.21839399999999998,0.22094554678473455,384.4844879842075,0.12575679999704675,0,55.0
2027-07-13,55,63635,622,Employed,Bachelor,33,29089,60,Single,2,Rent,383,0.40866686554732623,2,1,0.4426198915142492,0,Auto,0,16,9,12780,870,103753,11125,5302.916666666667,0.8177479493811429,4,92628,0.22308900000000004,0.2088080881759025,785.006077702926,0.22025729445171857,0,53.0
2027-07-14,44,89553,538,Employed,Bachelor,22,17127,24,Married,1,Rent,493,0.20444855477691545,4,0,0.2805237550010667,0,Debt Consolidation,0,14,27,3980,743,51461,92066,7462.75,0.6809267599022248,3,3270,0.223127,0.23086597901954767,897.73413135353,0.18635678956866167,1,40.800000000000004
2027-07-15,18,29949,489,Employed,Associate,0,23993,60,Divorced,2,Rent,1054,0.3016021362236054,4,1,0.10145126454345495,0,Debt Consolidation,0,16,19,2602,187,113703,72135,2495.75,0.6607495157800718,5,41568,0.284493,0.29792100120305176,773.1939266177478,0.7321221783502946,0,52.0
2027-07-16,31,67328,568,Employed,Associate,6,20104,60,Single,0,Other,487,0.2181070832388162,4,1,0.42443179253139307,0,Auto,0,21,9,15475,1695,115197,12585,5610.666666666667,0.8346711601358753,5,102612,0.24110399999999998,0.26528934796359566,608.2345320542443,0.19520577448685436,0,53.0
2027-07-17,28,151707,483,Employed,Doctorate,3,20368,60,Single,0,Mortgage,822,0.28291716934370664,4,0,0.482710510707383,0,Home,0,17,12,2179,1413,70458,10766,12642.25,0.8570858940209766,3,59692,0.283868,0.2920206195251966,649.0262649582514,0.11635794775125088,1,41.6
2027-07-18,34,36219,544,Employed,Doctorate,11,36721,36,Married,0,Mortgage,910,0.190867012573744,3,3,0.18881202852411363,0,Debt Consolidation,0,16,9,2259,3003,31660,24096,3018.25,0.9574553285772959,7,7564,0.249721,0.26087090547920916,1481.216002779958,0.7922524650973107,0,51.0
2027-07-19,39,74876,544,Employed,Bachelor,17,30260,48,Divorced,1,Mortgage,585,0.4910274461441315,2,0,0.29028508075044585,1,Other,0,25,11,3228,2519,21396,19163,6239.666666666667,0.8302330723326492,11,2233,0.25326,0.243023826241874,991.5968541505437,0.252673249770374,0,65.0
2027-07-20,74,86082,624,Employed,Bachelor,53,38769,48,Married,2,Rent,351,0.5291845752069186,5,0,0.13297896316723815,0,Auto,0,25,25,878,1152,36775,3817,7173.5,0.7486582955751091,5,32958,0.22176900000000002,0.18635208917183008,1151.7480515300322,0.2094860321363396,0,47.0
2027-07-21,35,17499,571,Employed,Bachelor,14,24441,96,Married,2,Mortgage,594,0.17193802124062618,2,0,0.33568075858213503,0,Education,0,24,10,9663,49,35237,13251,1458.25,0.9375387181140138,2,21986,0.273941,0.2865820471893143,651.2694436969869,0.8539478441261696,0,55.0
2027-07-22,43,78767,483,Employed,Bachelor,18,29401,72,Divorced,0,Own,499,0.0745018568732211,1,1,0.373174367493463,0,Home,0,25,26,595,1617,273188,244362,6563.916666666667,0.9791179261162865,8,28826,0.302901,0.293344348466142,871.9280592423306,0.20885823645572343,0,53.0
2027-07-23,28,33008,629,Employed,Bachelor,8,16079,48,Single,3,Own,200,0.06740729652951635,9,0,0.17128174349570224,0,Home,0,24,15,7285,539,7824,50262,2750.6666666666665,0.6078838015414776,4,9402,0.19657900000000003,0.2136246283393236,501.03743280504995,0.25486091837313984,0,47.0
2027-07-24,43,43112,583,Employed,Master,20,23143,36,Single,2,Rent,230,0.5981571854564944,4,1,0.3181472461565309,0,Home,0,21,1,4481,782,29381,39511,3592.6666666666665,0.711410669311694,4,5091,0.216643,0.22811165305206188,893.5829179940814,0.31274343607183563,0,60.0
2027-07-25,18,96648,540,Employed,High School,0,18713,60,Married,2,Mortgage,235,0.7160819054250955,2,2,0.2796457878710437,0,Home,0,16,6,24423,575,48422,18952,8054.0,0.929854600167042,5,29470,0.253713,0.3030887778358721,608.9842152362799,0.10479068974873104,0,55.0
2027-07-26,42,45381,592,Employed,Bachelor,18,12077,48,Married,5,Mortgage,351,0.16478543310646868,6,0,0.3671457465911145,0,Debt Consolidation,0,32,24,799,713,34858,14806,3781.75,0.8261807663292541,4,20052,0.21107700000000001,0.20423963585773386,370.24102289257826,0.19071620886959165,1,43.2
2027-07-27,31,48354,609,Unemployed,Bachelor,7,20685,24,Married,3,Own,765,0.11446253288777739,2,3,0.17957432789514952,0,Home,0,26,12,4628,654,193429,62674,4029.5,0.6190482109639971,5,130755,0.191185,0.19445594095254826,1047.185877068965,0.4497297126365467,0,46.0
2027-07-28,35,15000,631,Employed,Bachelor,14,29624,48,Divorced,0,Rent,261,0.24055216906771046,3,0,0.2627396295793944,0,Auto,0,29,1,13091,1206,99243,35958,1250.0,0.6457998607135306,9,63285,0.20912400000000003,0.2083030164499367,914.6259818904607,0.9405007855123686,0,53.0
2027-07-29,33,41119,632,Employed,Bachelor,9,25058,36,Married,2,Rent,317,0.476194132641423,3,3,0.030932807697077083,0,Other,0,28,2,466,2116,45026,22197,3426.5833333333335,0.8938189451836945,1,22829,0.194058,0.2153494342851394,950.9582533542731,0.37003572655588113,0,53.0
2027-07-30,32,38689,602,Employed,Doctorate,7,17526,36,Married,0,Mortgage,173,0.26200289882964967,2,2,0.6030326919805956,0,Other,0,22,15,4296,339,79651,32332,3224.0833333333335,0.7856971479938675,4,47319,0.201526,0.1860935020196598,638.9770940141136,0.2518474276453091,1,44.800000000000004
2027-07-31,41,132577,562,Employed,Associate,20,45660,60,Single,0,Mortgage,654,0.1333464579217809,5,1,0.2744277017828416,0,Home,0,28,24,10481,265,27281,40806,11048.083333333334,0.880467104594691,4,6227,0.26966,0.2618466252503144,1372.0779560163937,0.1833872803894848,1,39.2
2027-08-01,32,70781,620,Employed,Master,10,17207,96,Single,4,Other,448,0.017877589793277006,4,0,0.2523830858309333,0,Other,0,20,16,668,675,159243,15565,5898.416666666667,0.9440254363217393,7,143678,0.242207,0.2743363649784063,444.0805593889392,0.15124068200035704,0,44.0
2027-08-02,25,44748,501,Employed,High School,1,37972,60,Married,3,Other,248,0.2833478454062357,3,2,0.12300150255887862,0,Other,0,20,29,566,1086,158220,13778,3729.0,0.8291726330412076,4,144442,0.292472,0.34405571460243245,1333.2214992303432,0.4240336549290274,0,47.0
2027-08-03,29,46798,549,Employed,High School,8,7638,36,Divorced,1,Rent,737,0.32811392643765386,1,1,0.127447615275559,0,Auto,0,25,17,6540,3027,37751,14364,3899.8333333333335,0.5986036407648246,6,23387,0.218138,0.2293382209735109,295.4014670005298,0.26472963810432837,0,51.0
2027-08-04,49,39537,654,Employed,Master,28,17465,48,Single,0,Mortgage,288,0.3197317495403477,4,1,0.576398097460708,0,Home,0,25,19,14187,1105,15292,11684,3294.75,0.869008039565903,3,3608,0.18546500000000002,0.20715937197802015,538.1509950828563,0.2507477031892727,0,53.0
2027-08-05,35,63904,563,Employed,High School,10,22462,36,Divorced,4,Mortgage,430,0.09217626838370492,5,2,0.1298934938566354,1,Home,0,25,8,1352,2978,48327,7577,5325.333333333333,0.8562660428029683,8,40750,0.225962,0.2176975101475813,855.1607153858215,0.2413296285777081,0,62.0
2027-08-06,32,19154,545,Employed,Associate,11,26827,60,Single,0,Rent,120,0.26438468481327004,3,1,0.468829622081026,0,Auto,0,19,16,1244,2658,39427,9504,1596.1666666666667,0.908067226138945,7,29923,0.259327,0.25703088055623924,798.5041825279037,0.5754437814730523,0,58.0
2027-08-07,42,46150,599,Employed,High School,18,18887,60,Married,3,Rent,182,0.18269541928926303,3,3,0.3758988482142481,0,Home,0,27,2,970,1266,25313,37347,3845.8333333333335,0.7854358220460862,6,3746,0.224387,0.2222779191898605,524.0874832128512,0.18359804547246403,0,58.0
2027-08-08,32,33576,561,Employed,Associate,9,11306,12,Divorced,3,Rent,342,0.35677549136058695,4,0,0.30626920310260625,0,Other,0,25,29,12686,711,43268,13519,2798.0,0.9187574907371354,7,29749,0.195806,0.19491750258614823,1044.5775264241713,0.4955602310307975,0,55.0
2027-08-09,38,51397,631,Employed,Bachelor,18,14357,60,Widowed,0,Rent,698,0.10020608341402251,2,1,0.4574193048961764,0,Home,0,31,1,2148,477,63593,38723,4283.083333333333,0.9479428690253493,3,24870,0.203857,0.20350402908395587,383.1772747965025,0.2524296612167642,0,56.0
2027-08-10,38,46764,543,Employed,Master,19,26981,24,Married,0,Mortgage,754,0.5040774868408235,2,0,0.11185645195971111,0,Auto,0,30,20,1247,5253,54100,52156,3897.0,0.8482715396730706,5,1944,0.230481,0.2210314324590346,1401.0991506691703,0.5530149219063819,0,52.0
2027-08-11,36,60461,558,Employed,Bachelor,13,15129,60,Married,2,Mortgage,230,0.44716580484500107,5,0,0.42833901902272237,0,Home,0,26,9,6687,676,60671,12667,5038.416666666667,0.75544030019551,3,48004,0.24112899999999998,0.23441913706666315,430.34359200903907,0.13106172746247116,1,46.400000000000006
2027-08-12,43,25290,579,Employed,High School,17,15971,60,Married,0,Rent,1031,0.3139905066959169,2,1,0.054308774631581125,0,Education,0,26,17,1533,5635,44884,32672,2107.5,0.7840755097604482,1,12212,0.23147099999999998,0.2381985517355429,457.784727368013,0.7064221719421178,0,52.0
2027-08-13,59,25486,523,Employed,Bachelor,39,14173,12,Single,1,Mortgage,331,0.42352013706682257,0,0,0.14587740111864117,0,Debt Consolidation,0,28,23,1696,6480,29537,13914,2123.8333333333335,0.6701933141858697,6,15623,0.217673,0.17413840000000003,1295.430093913613,0.7657993065590267,0,53.0
2027-08-14,59,37779,596,Employed,Master,38,6619,36,Single,4,Own,448,0.11922707121527328,2,0,0.46312079944263834,0,Other,0,33,26,12520,998,90184,3836,3148.25,0.8476952955667061,4,86348,0.193619,0.17631043419271,238.06940029718058,0.21792087677191474,1,43.2
2027-08-15,38,80741,603,Employed,High School,14,19368,96,Single,1,Other,439,0.1747581153976513,1,1,0.03336951930577397,0,Auto,0,16,24,11049,3505,39366,30178,6728.416666666667,0.3696097001960654,5,9188,0.252868,0.29569588150527815,528.3016223263768,0.1437636327010629,0,45.0
2027-08-16,41,64894,551,Employed,High School,17,23469,96,Married,2,Own,1090,0.13922949045205749,1,0,0.23930186315420457,0,Auto,0,14,18,3444,1245,42622,51338,5407.833333333333,0.9636626878469204,5,2764,0.28296899999999997,0.29768191896542756,643.4055714920568,0.3205360566139348,0,51.0
2027-08-17,32,43819,413,Employed,Bachelor,11,52981,72,Married,3,Rent,677,0.5663183591066553,5,1,0.5011035362085638,0,Home,0,19,11,4331,7781,68254,22078,3651.5833333333335,0.815701436789775,2,46176,0.361481,0.37252048308388835,1849.3961336214286,0.6918632009734851,0,60.0
2027-08-18,32,26530,590,Self-Employed,Bachelor,11,17211,24,Widowed,0,Own,486,0.38737268664202157,3,0,0.35821092491031475,0,Debt Consolidation,0,30,10,3313,532,11509,56044,2210.8333333333335,0.6171848046885946,4,5487,0.197211,0.20493546148258476,880.1229180469992,0.6179221642127398,0,59.0
2027-08-19,53,39436,599,Unemployed,Master,32,14796,72,Single,0,Rent,367,0.3163800911458527,4,3,0.19464105700127804,0,Education,0,22,2,1590,2648,205646,133955,3286.3333333333335,0.8441163361381024,6,71691,0.230296,0.20715584930420963,360.5699528328204,0.22139262181747246,0,56.0
2027-08-20,46,18339,568,Employed,Bachelor,22,41749,36,Married,5,Own,242,0.2722224879910356,4,2,0.5392454336133602,0,Home,0,20,7,2600,1042,225476,32736,1528.25,0.7234734680914006,5,192740,0.242749,0.2104214725393481,1573.7999794797904,1.1881563745982597,0,57.0
2027-08-21,53,34195,624,Employed,High School,31,25606,36,Married,0,Rent,389,0.1975613169210963,2,0,0.3487036283153682,0,Education,0,18,24,3843,1649,38632,29689,2849.5833333333335,0.6105202063952039,6,8943,0.198606,0.19881397002255238,950.064015346239,0.4699157240577531,0,51.0
2027-08-22,41,49958,423,Employed,Bachelor,18,18374,48,Married,1,Mortgage,398,0.24705295505088376,2,1,0.29788915480877826,0,Auto,0,27,28,1882,694,46534,57650,4163.166666666667,0.7294061902612248,2,2906,0.301874,0.33538237528432596,699.9149862008741,0.26372112243105184,0,53.0
2027-08-23,41,34277,618,Employed,Master,19,22210,60,Divorced,1,Mortgage,259,0.3803869228824591,4,0,0.5225283507926612,0,Auto,0,33,23,2412,204,73071,5369,2856.4166666666665,0.6542997895393325,6,67702,0.21821000000000002,0.22342964637395496,617.7547888191611,0.30694219056014044,0,54.0
2027-08-24,52,42784,508,Employed,High School,31,55710,24,Divorced,3,Rent,508,0.24223224593847345,4,1,0.15428639425682103,0,Home,0,22,10,1675,1499,166928,22257,3565.3333333333335,0.8885816256677664,6,144671,0.27671,0.3215152219135076,3176.933399292695,1.0335452690611522,0,47.0
2027-08-25,50,75603,537,Employed,High School,31,20387,48,Married,5,Mortgage,252,0.08362353844486844,3,3,0.19286570425431687,0,Debt Consolidation,0,21,10,1593,2052,28772,100627,6300.25,0.7614009808364355,4,9026,0.246887,0.2310705156859052,654.629669639792,0.143903760904693,0,49.0
2027-08-26,58,205589,591,Unemployed,High School,34,7404,36,Single,2,Mortgage,358,0.2239806150849998,1,2,0.05502801388036765,0,Home,0,25,21,3648,173,32718,58834,17132.416666666668,0.6965517750987397,4,6073,0.196904,0.204316956805356,276.7904617551514,0.03705200930527323,1,40.800000000000004
2027-08-27,37,38465,614,Employed,Bachelor,14,31717,48,Married,4,Mortgage,420,0.23168093662176792,2,0,0.3050439341223836,0,Debt Consolidation,0,29,21,6121,513,57083,4571,3205.4166666666665,0.8163279261530572,5,52512,0.219717,0.18375310440992526,937.9185981260445,0.42363247569251355,0,50.0
2027-08-28,18,44769,545,Self-Employed,Associate,0,14682,72,Married,1,Other,291,0.10073414389497949,3,2,0.045452604173634246,0,Debt Consolidation,0,25,21,5856,968,99019,20282,3730.75,0.9014976375863735,7,78737,0.257182,0.23812736702605666,384.86320440551077,0.1811601432434526,0,51.0
2027-08-29,25,47859,529,Employed,Master,4,18992,24,Married,2,Rent,324,0.10006121916800335,1,1,0.25730863782132607,0,Auto,0,22,25,4121,356,77455,31220,3988.25,0.7331423173671178,6,46235,0.229492,0.2660400387821142,1028.9804163783385,0.3392416263720525,0,52.0
2027-08-30,45,30303,433,Employed,High School,19,13674,48,Married,0,Mortgage,690,0.14377673685482778,4,1,0.12221297053579923,0,Debt Consolidation,0,19,22,4886,303,40947,19959,2525.25,0.9157353144612902,2,20988,0.292174,0.26564078594333196,465.4004781653708,0.4575390468925337,0,50.0
2027-08-31,50,72539,535,Self-Employed,Bachelor,27,8538,24,Divorced,0,Mortgage,402,0.22374433554057313,1,1,0.03929771773260347,0,Auto,0,25,1,720,528,59728,97410,6044.916666666667,0.8257105108046716,6,6382,0.21603799999999998,0.2249141860527035,445.01038611893813,0.14011944793045475,1,45.6
2027-09-01,39,15458,617,Unemployed,Bachelor,15,12576,120,Married,1,Mortgage,591,0.20219436397484236,0,0,0.3264101351158549,0,Other,0,29,28,580,501,389101,10883,1288.1666666666667,0.9016581778427177,1,378218,0.25907600000000003,0.28089873884091654,313.92324564915623,0.7024892578464145,0,50.0
2027-09-02,22,25254,523,Employed,Associate,0,36669,96,Single,1,Mortgage,542,0.39366432810562957,5,1,0.12714677122829318,0,Auto,0,18,5,2554,2100,80296,30444,2104.5,0.9131709093936048,12,49852,0.31016900000000003,0.2959069056007673,1000.759204229502,0.7330763621903074,0,54.0
2027-09-03,42,39921,543,Employed,Bachelor,21,19800,108,Married,1,Mortgage,974,0.19078644077633022,2,1,0.35981062797819435,0,Debt Consolidation,0,19,21,2290,1047,18142,49489,3326.75,0.5454801068890028,5,8138,0.2933,0.3246811891686487,567.4741046824308,0.4633573621950645,0,54.0
2027-09-04,46,70314,610,Employed,Associate,26,22398,72,Single,2,Mortgage,250,0.20883237112883732,3,0,0.4447645169994173,0,Other,0,22,18,7361,185,57892,15018,5859.5,0.615175945982233,3,42874,0.232398,0.254591150073809,609.664233925558,0.14671289938144177,0,53.0
2027-09-05,46,78924,510,Employed,Bachelor,20,30667,24,Married,1,Rent,204,0.36909650734622385,2,1,0.24906475051276233,1,Home,0,28,12,2543,808,129442,81263,6577.0,0.787945189226676,6,48179,0.25066700000000003,0.2589701239052356,1650.5788532522583,0.2819794516120204,0,64.0
2027-09-06,52,116570,638,Employed,Bachelor,30,17341,36,Married,2,Mortgage,305,0.3794743748116838,3,1,0.36668297544440615,0,Debt Consolidation,0,38,5,1085,2990,22517,116153,9714.166666666666,0.8486462687879542,7,3969,0.183341,0.18918093864765906,634.9341557583457,0.09675911357210387,1,41.6
2027-09-07,45,52756,620,Employed,Doctorate,19,38240,72,Divorced,3,Mortgage,412,0.2446383296068252,3,1,0.363428098426975,0,Home,0,21,19,18695,215,216203,157599,4396.333333333333,0.46605894533096354,6,58604,0.24324,0.23173467143195542,987.638065988659,0.31836486450572277,0,49.0
2027-09-08,25,22013,594,Self-Employed,Bachelor,4,19499,36,Divorced,1,Mortgage,355,0.16720983640333784,7,0,0.2354117233652113,0,Debt Consolidation,0,31,29,1167,116,139807,41548,1834.4166666666667,0.6065874003889583,2,98259,0.207499,0.18832508521127822,713.1055748505127,0.5822589787037729,0,54.0
2027-09-09,34,17850,565,Unemployed,High School,9,33321,72,Single,2,Rent,336,0.08745394192261106,2,0,0.5884903214095062,0,Debt Consolidation,0,23,10,906,107,420981,3387,1487.5,0.9429666595092663,1,417594,0.265821,0.2970033733511984,996.0062365674718,0.8954663775243507,0,56.0
2027-09-10,49,125011,526,Employed,Bachelor,26,26293,36,Married,1,Mortgage,338,0.2899747898023695,1,1,0.10036212337416325,0,Auto,1,16,5,1751,3399,135977,151380,10417.583333333334,0.8869619329952992,2,8721,0.248293,0.259943570932636,1059.2822517446787,0.13412729296570816,0,56.0
2027-09-11,35,85825,595,Employed,Associate,11,15859,60,Married,2,Own,229,0.4098292801518438,4,2,0.4302840407107493,0,Auto,1,25,28,3975,1604,37552,144411,7152.083333333333,0.8739519862772275,6,9530,0.22335900000000003,0.19445947292707147,415.2924189020934,0.09008457939790412,1,49.6
2027-09-12,38,29421,551,Employed,High School,14,21236,84,Single,1,Mortgage,192,0.3747914243633046,2,0,0.3291362672988851,0,Auto,0,13,12,3008,1370,222773,11537,2451.75,0.875552349567793,4,211236,0.270736,0.2916938372950191,595.3847219805536,0.3211521248008784,0,52.0
2027-09-13,51,23793,638,Employed,High School,33,24400,48,Married,1,Rent,860,0.11957617305086451,4,0,0.2623244306115251,0,Auto,0,17,6,3472,5557,75037,9108,1982.75,0.8731026293156074,3,65929,0.20040000000000002,0.2027164438486884,746.0368475678252,0.8100047144460094,0,50.0
2027-09-14,49,38247,645,Employed,Bachelor,25,25439,48,Single,2,Own,302,0.24403427147591497,4,2,0.03596111513992019,0,Debt Consolidation,0,23,26,2894,300,56041,66525,3187.25,0.9160629271033862,2,10851,0.197939,0.17061966107276688,734.8592263786176,0.32531468393713003,0,48.0
2027-09-15,38,39165,548,Employed,High School,14,18347,36,Married,1,Own,508,0.7550010763198537,4,1,0.3216721619186401,0,Auto,0,26,5,2563,735,14330,20377,3263.75,0.8545578588931254,5,5727,0.229347,0.23192859865614587,712.0528038377189,0.37381931944472424,0,59.0
2027-09-16,33,35733,597,Employed,Associate,8,23198,108,Divorced,1,Rent,475,0.07188981278804654,3,0,0.6578157043340961,0,Other,0,13,26,3016,1241,128225,35723,2977.75,0.6035919727614518,6,92502,0.269698,0.3214084491279596,659.2970826800771,0.3809242154915883,0,56.0
2027-09-17,51,42279,530,Employed,Bachelor,27,18076,60,Married,0,Mortgage,360,0.35634979187190885,3,0,0.42677568728359294,0,Auto,1,24,3,5024,631,185317,18881,3523.25,0.7357531210917031,6,166436,0.258076,0.23295880055360835,512.6484688186509,0.24768281240861448,0,62.0
2027-09-18,44,56746,557,Employed,Bachelor,23,37664,60,Married,0,Own,190,0.25033174365487587,2,2,0.21076155297471605,0,Other,0,26,17,1302,11571,34120,8874,4728.833333333333,0.8002629693290605,2,25246,0.264164,0.28215780074246577,1177.6073942661092,0.28920608908457535,0,52.0
2027-09-19,31,89034,525,Self-Employed,Associate,7,24605,72,Married,4,Rent,996,0.057751083212716096,0,2,0.28671860925325765,0,Home,1,25,28,4760,881,239551,46467,7419.5,0.831609942821012,7,193084,0.277105,0.25246427722376746,666.5146970979612,0.2240736838193896,0,55.0
2027-09-20,36,35934,567,Employed,Associate,14,18284,72,Single,2,Mortgage,335,0.3432352419825345,5,0,0.4879343752293636,0,Home,1,20,11,5435,767,9560,36138,2994.5,0.6973169949601474,5,8380,0.24978399999999998,0.2235357193667068,463.25121768908105,0.2665724553979232,0,63.0
2027-09-21,42,25507,586,Employed,High School,19,39798,48,Widowed,2,Other,224,0.4419583156893289,3,0,0.12234621820172177,0,Auto,0,26,6,3675,2189,58587,29449,2125.5833333333335,0.8605382760155662,2,29138,0.241798,0.23457307220355478,1285.5765945213461,0.7101940304330635,0,55.0
2027-09-22,30,62410,594,Employed,High School,8,36496,72,Married,2,Own,228,0.22649654767730137,5,3,0.40184991244414514,0,Auto,0,25,2,3140,874,53054,6118,5200.833333333333,0.8348066421132319,12,46936,0.254496,0.2270544472068522,932.3472527595314,0.2231079479749139,0,60.0
2027-09-23,50,23997,607,Employed,High School,26,42374,36,Widowed,2,Own,574,0.481701623818806,3,1,0.560398914038113,0,Debt Consolidation,0,28,2,12787,82,55980,8589,1999.75,0.7845381136894117,6,47391,0.223874,0.23487726415910098,1651.0768539598153,1.1126775116688663,0,62.0
2027-09-24,18,26753,583,Employed,Master,0,32186,84,Single,4,Mortgage,389,0.18423845747990045,5,0,0.520850765197516,0,Debt Consolidation,0,21,9,3433,3789,106543,10569,2229.4166666666665,0.6382290584445164,6,95974,0.265686,0.21919837022392588,752.3949578382313,0.511970227415945,0,58.0
2027-09-25,26,27358,594,Employed,Bachelor,3,50170,36,Single,0,Rent,1011,0.3716870157490181,2,1,0.539830961003149,0,Auto,0,29,10,2263,5964,428413,19035,2279.8333333333335,0.8981195664321687,5,409378,0.23817,0.23168767417526154,1946.482547822246,1.2972362955576777,0,54.0
2027-09-26,25,24860,587,Employed,Associate,5,18341,60,Single,2,Rent,714,0.12499444533184031,5,3,0.36097882095416656,0,Debt Consolidation,0,20,5,4832,612,136039,32430,2071.6666666666665,0.6701714502511573,4,103609,0.22984100000000002,0.2410934038624318,528.7979219070023,0.5999024562704758,0,53.0
2027-09-27,37,292070,533,Employed,High School,16,29981,60,Married,0,Rent,555,0.6301138770317837,2,1,0.5685755527997968,0,Home,0,26,1,1026,1316,74151,42724,24339.166666666668,0.8437089055358055,8,31427,0.268481,0.26547471814204276,907.3879970752612,0.060083733231427856,1,49.6
2027-09-28,53,81251,594,Employed,Bachelor,35,19851,24,Single,0,Rent,328,0.32100566529543206,2,0,0.20445610617910773,0,Auto,0,16,6,463,2641,179251,3533,6770.916666666667,0.8658144628255658,6,175718,0.197851,0.22016288304309767,1029.9929290679788,0.2005626410606115,1,39.2
2027-09-29,30,28597,558,Employed,High School,4,14574,72,Single,2,Other,331,0.32479297223247,4,0,0.3968946523306632,0,Home,0,13,20,5030,656,222679,7112,2383.0833333333335,0.9701162138036082,4,215567,0.25057399999999996,0.2360944546231563,380.239300858052,0.2984533905758165,0,52.0
2027-09-30,28,24940,528,Employed,High School,4,32521,72,Married,3,Mortgage,251,0.5567738595516835,2,2,0.31130847437379355,0,Debt Consolidation,0,25,26,1747,2744,57715,11639,2078.3333333333335,0.9874425961640219,7,46076,0.283521,0.27849155830844174,933.7247889710985,0.570035985070296,0,57.0
2027-10-01,38,45440,600,Employed,Doctorate,19,17787,48,Widowed,0,Rent,587,0.20738037113462116,2,2,0.2711194926565587,1,Home,0,19,15,1604,946,17396,8782,3786.6666666666665,0.8567642029636939,5,8614,0.212787,0.17352362155354442,516.4929381142392,0.29141538858650684,0,62.0
2027-10-02,39,23945,568,Employed,High School,18,16598,60,Single,1,Mortgage,313,0.10041721456277594,4,0,0.3545143926013573,0,Home,0,24,19,18184,886,71800,3403,1995.4166666666667,0.9249727984611348,4,68397,0.23759799999999998,0.23269240885257889,470.47654027630244,0.3926380657053927,0,53.0
2027-10-03,43,26181,444,Employed,High School,18,23430,60,Married,4,Own,468,0.42343937459987346,3,1,0.2696441337770263,0,Auto,0,34,26,3688,1504,63363,107966,2181.75,0.7907982719116756,4,3629,0.30643,0.35189178097162105,834.3774924927062,0.5969416718197347,0,55.0
2027-10-04,59,107201,639,Employed,Associate,35,26286,24,Married,0,Rent,400,0.35665566745862887,2,0,0.10606267261350746,0,Home,0,24,28,1368,3197,34520,24454,8933.416666666666,0.8738043374245295,7,10066,0.181786,0.1492891565230261,1273.6324468933742,0.187345168074183,1,36.800000000000004
2027-10-05,34,72237,587,Employed,Master,8,17080,84,Divorced,0,Mortgage,380,0.5757904435120573,3,0,0.22607231740770437,0,Education,0,25,4,1307,1914,795730,29231,6019.75,0.7310903768799971,4,766499,0.24858000000000002,0.22925358136325452,409.92965632678556,0.13122300034499532,1,38.400000000000006
2027-10-06,47,27297,552,Employed,High School,26,8678,24,Married,1,Mortgage,728,0.12427719663052651,4,3,0.6733924660462032,1,Home,0,22,18,5652,1381,91923,3520,2274.75,0.8311607371990931,0,88403,0.20767799999999997,0.18932576487669117,437.1617604326508,0.5122153029707224,0,69.0
2027-10-07,51,27373,571,Employed,Associate,28,13448,72,Married,1,Mortgage,223,0.565982858342095,4,2,0.0769594589852648,0,Home,0,26,28,8086,2888,10974,25418,2281.0833333333335,0.8858669602633361,1,8000,0.242948,0.24841346754124163,360.9430592881852,0.25599374242714434,0,53.0
2027-10-08,41,36819,594,Employed,Doctorate,20,16328,36,Single,0,Rent,460,0.22820027961970818,6,1,0.7114689234348864,0,Debt Consolidation,0,28,7,3796,441,30855,56358,3068.25,0.8297306801819803,7,1101,0.204328,0.22298488166767466,626.0978628642513,0.3539795853871918,0,60.0
2027-10-09,32,212308,630,Employed,Associate,11,28935,36,Married,2,Own,669,0.2635441528564193,4,1,0.37727778463529266,0,Home,0,35,25,826,481,93353,2476,17692.333333333332,0.8229620593198838,2,90877,0.198935,0.1712969778766967,1033.4803492349172,0.09622701071471168,1,37.6
2027-10-10,30,82444,584,Employed,High School,6,7944,48,Single,1,Mortgage,292,0.3831141432979435,4,0,0.1294659697237662,0,Home,0,19,2,3089,541,103159,13274,6870.333333333333,0.96380724220146,6,89885,0.21094400000000002,0.1803444291984661,233.4979967985576,0.07648799138303201,1,40.800000000000004
2027-10-11,38,15000,514,Employed,Associate,14,30475,96,Married,5,Mortgage,187,0.1959582339323003,2,0,0.19105660091738347,1,Auto,0,21,26,3705,1298,161621,2464,1250.0,0.5928198657133882,6,159157,0.308475,0.24678,730.1650949873854,0.7337320759899083,0,59.0
2027-10-12,33,20034,543,Unemployed,Master,11,13724,48,Divorced,0,Other,181,0.5120280014031927,3,3,0.11896735635237922,0,Home,0,33,12,10651,2395,13046,24654,1669.5,0.8113925147844114,9,6914,0.23722400000000002,0.18977920000000004,410.1893365491013,0.35411161218873993,0,56.0
2027-10-13,28,35451,597,Employed,Bachelor,4,64987,120,Married,1,Rent,1221,0.7510164413759496,4,2,0.33936655122057596,1,Education,0,25,19,2667,4030,117838,10439,2954.25,0.9504908648007938,6,107399,0.32148699999999997,0.3091016612882056,1757.0203275866177,1.0080461462593273,0,65.0
2027-10-14,36,76908,613,Employed,High School,15,18600,12,Divorced,2,Own,160,0.7443569091817394,4,0,0.3861284579909571,0,Auto,0,14,29,5920,691,59553,6619,6409.0,0.6824056082459492,5,52934,0.1771,0.1670057492688178,1693.7664977473582,0.28924426552463073,1,40.800000000000004
2027-10-15,36,53111,599,Employed,Master,10,15263,72,Married,1,Mortgage,505,0.3706030558727851,2,4,0.43862119854363635,0,Other,0,21,20,1629,495,55593,8742,4425.916666666667,0.9453054518222627,4,46851,0.230763,0.23344379960122166,395.77361737890163,0.20352249832514582,0,56.0
2027-10-16,30,22731,478,Employed,Bachelor,9,22284,24,Married,3,Mortgage,448,0.03384149270494197,6,2,0.17269373938550517,0,Home,1,27,25,4486,1447,136207,32283,1894.25,0.6703741197970603,3,103924,0.258284,0.3000666097830713,1246.0376958385352,0.8943052373438222,0,53.0
2027-10-17,44,48606,607,Employed,Bachelor,20,29444,96,Married,3,Mortgage,180,0.491289651925573,5,0,0.15216063159081641,0,Home,0,22,21,576,1052,72619,5686,4050.5,0.958336571419003,4,66933,0.260944,0.23636976039938476,685.3258399600903,0.2136343266164894,0,47.0
2027-10-18,47,63071,548,Employed,Master,25,33670,12,Divorced,2,Rent,310,0.5688897681731369,2,1,0.5258874365053239,0,Home,0,32,11,2186,882,9861,31664,5255.916666666667,0.7379051037591577,1,10911,0.22467,0.20205691393064162,3122.3193612190876,0.6530391516644583,0,59.0
2027-10-19,47,37625,633,Employed,Bachelor,27,14455,36,Married,2,Rent,798,0.18292430939562496,1,0,0.321391497767771,0,Other,1,26,5,709,5556,201396,37374,3135.4166666666665,0.734096672403679,4,164022,0.182955,0.19434109705774888,533.0407795476233,0.4245179894902719,0,55.0
2027-10-20,53,17856,605,Employed,High School,31,33095,36,Married,2,Own,396,0.38308833786416213,7,0,0.5354060004691367,0,Debt Consolidation,0,18,16,2124,1225,270174,8660,1488.0,0.9018718940807966,3,261514,0.215595,0.21361580783115408,1253.0088550940502,1.1082048757352487,0,51.0
2027-10-21,23,15000,591,Employed,Master,3,42348,48,Single,2,Mortgage,680,0.19223460284943172,3,0,0.06593355188986638,0,Auto,0,25,18,935,281,65169,28443,1250.0,0.8550518332488161,5,36726,0.241848,0.23116205733499737,1360.0133272673488,1.632010661813879,0,51.0
2027-10-22,39,28428,446,Employed,High School,15,45646,48,Married,1,Own,327,0.16048538327991269,1,2,0.3613280280214508,0,Home,0,27,28,11665,11717,338075,30351,2369.0,0.7293528329679261,2,307724,0.317646,0.3430780953001838,1759.838326722524,0.8808941860373677,0,49.0
2027-10-23,41,26249,590,Employed,Associate,21,32259,36,Married,4,Rent,578,0.7160990670010245,5,1,0.4844296103788817,0,Auto,0,22,16,1204,3105,67895,18480,2187.4166666666665,0.810096265107189,6,49415,0.222259,0.22947472581057765,1247.853910375678,0.8347078717097085,0,60.0
2027-10-24,31,15000,583,Employed,Master,8,41629,120,Married,2,Mortgage,882,0.08880592791123446,4,0,0.4711112126584414,0,Auto,0,25,27,649,1524,38077,25305,1250.0,0.9583445329930046,6,12772,0.305129,0.2655937581456811,993.170109375839,1.5001360875006713,0,57.0
2027-10-25,27,32389,538,Employed,High School,7,23196,48,Single,0,Rent,1138,0.24785094901228136,5,1,0.2507370050511443,0,Debt Consolidation,0,21,6,954,572,18871,35760,2699.0833333333335,0.914551595307541,2,3963,0.249196,0.25021715888297785,769.3937200561013,0.7066820414546054,0,55.0
2027-10-26,35,123993,461,Employed,Bachelor,14,26601,60,Married,0,Rent,867,0.122907537299068,5,0,0.2823667618475257,0,Home,0,25,5,1207,4333,233123,8488,10332.75,0.8613752311720225,3,224635,0.301101,0.30902386739489296,875.4352418266045,0.1686322849025288,1,37.6
2027-10-27,50,68294,566,Employed,Bachelor,26,22608,84,Married,0,Mortgage,504,0.19737012578682345,5,3,0.6930874988380861,0,Home,0,28,21,52871,198,83637,198704,5691.166666666667,0.9537465233749018,3,5224,0.26460799999999995,0.22883008457407777,542.0070947382031,0.18379484488913284,1,45.6
2027-10-28,60,37717,550,Employed,Bachelor,37,35992,60,Married,0,Rent,533,0.08987590322456301,1,1,0.20638963277113434,0,Auto,0,18,19,4486,9477,55634,72252,3143.0833333333335,0.8248134140464717,6,7366,0.265992,0.2256603336265351,1005.6776769234995,0.4895440285039105,0,52.0
2027-10-29,50,32736,567,Employed,High School,26,27487,24,Married,1,Mortgage,331,0.3970597758898657,4,1,0.3450631318895004,0,Home,0,22,7,6805,1084,66701,23511,2728.0,0.7979503849835211,6,43190,0.218987,0.2627844,1484.7130844604335,0.6655839752420943,0,56.0
2027-10-30,54,22711,678,Employed,Bachelor,32,17362,48,Married,5,Mortgage,285,0.16975102932083724,4,2,0.06676935504147113,0,Other,0,25,8,1226,1840,12069,13992,1892.5833333333333,0.5971094115159781,1,6551,0.173362,0.17864825684467805,508.78320592813054,0.41941783590055776,0,46.0
2027-10-31,42,66503,562,Employed,Bachelor,21,29507,36,Married,3,Mortgage,189,0.4123312000273616,1,1,0.17735930029818026,0,Debt Consolidation,1,25,7,1039,4687,87500,5483,5541.916666666667,0.8354286830477107,1,82017,0.233507,0.24367955250000048,1163.3521145155842,0.24402245574165088,0,56.0
2027-11-01,25,55710,547,Employed,High School,2,45815,36,Married,0,Own,234,0.17680546131959643,2,1,0.14855764404575442,0,Other,0,34,25,2374,778,97559,25332,4642.5,0.7259472360001535,4,72227,0.25731499999999996,0.22585371773445226,1763.6002424297474,0.43028545878939095,0,47.0
2027-11-02,42,96796,584,Employed,Bachelor,20,33355,48,Married,1,Own,92,0.13722539046904134,4,2,0.25794952337972604,0,Auto,0,28,24,3264,1886,151114,4838,8066.333333333333,0.8585379814008085,5,146276,0.236355,0.22142030001573892,1053.4588277624844,0.14200489620593632,1,36.800000000000004
2027-11-03,36,51312,569,Unemployed,Bachelor,12,76925,84,Married,0,Own,683,0.6974518339207787,2,0,0.5707536434327108,0,Debt Consolidation,0,22,21,3883,1780,48890,4133,4276.0,0.9209860712296184,7,44757,0.317425,0.32353860879658636,2322.5692658662606,0.7028927188648879,0,63.0
2027-11-04,32,48446,495,Employed,Associate,8,19728,60,Single,1,Mortgage,316,0.10877887369835879,5,1,0.1682300359379184,0,Debt Consolidation,0,23,16,5340,829,325334,24263,4037.1666666666665,0.7392745097472527,7,301071,0.277228,0.2590576334621411,589.5654629505241,0.2243071782067929,1,35.2
2027-11-05,32,300000,613,Unemployed,Master,8,9751,60,Married,5,Mortgage,474,0.15180714805217294,2,0,0.19611637103128823,0,Debt Consolidation,0,23,16,12047,660,102874,57875,25000.0,0.9187251759961328,8,44999,0.20825100000000002,0.20089890048569323,258.8298100911023,0.02931319240364409,1,37.6
2027-11-06,44,25557,557,Employed,Associate,21,42281,48,Single,1,Mortgage,383,0.20301857326200257,2,3,0.03533198686864458,0,Auto,0,20,23,13363,179,67332,4313,2129.75,0.6546089525734873,4,63019,0.258781,0.279507882269975,1472.3932555284805,0.8711788968322481,0,50.0
2027-11-07,36,15951,581,Employed,Bachelor,15,13654,72,Married,0,Mortgage,328,0.7466466737752382,2,1,0.6704546410542767,0,Home,0,29,29,3168,519,76237,2649,1329.25,0.9112715192064903,5,73588,0.238154,0.19816161509018845,325.59851108903996,0.491704729049494,0,60.0
2027-11-08,65,53951,613,Employed,High School,40,24904,60,Married,1,Rent,348,0.31431434982333445,0,1,0.21577376354182587,0,Debt Consolidation,0,30,26,3290,1064,133812,13121,4495.916666666667,0.7540920131747839,6,120691,0.223404,0.2535869164573565,736.2116310908875,0.24115474362089023,0,45.0
2027-11-09,29,21269,496,Employed,Master,6,14341,48,Married,5,Mortgage,430,0.17112773566303668,3,1,0.1559058130063224,0,Home,0,27,23,5782,925,73053,7657,1772.4166666666667,0.773451501665443,7,65396,0.261341,0.25064527346214066,476.02264942755244,0.5111792652748427,0,49.0
2027-11-10,48,44942,620,Employed,Associate,26,26982,108,Married,0,Rent,403,0.2220515727485323,5,1,0.23727994561414736,0,Auto,0,18,19,1814,1129,1012891,81247,3745.1666666666665,0.9650426919845572,8,931644,0.26198200000000005,0.2749012047490298,676.735809345376,0.28830113729127566,1,33.6
2027-11-11,18,125786,436,Employed,Doctorate,0,30364,48,Single,0,Other,428,0.22943962328271372,3,0,0.3636944650620063,1,Auto,0,29,4,1732,1786,85811,79094,10482.166666666666,0.842455174306111,6,6717,0.30736399999999997,0.30957038827375327,1110.2519801335995,0.14674942967900398,0,67.0
2027-11-12,52,55044,595,Employed,Bachelor,30,26098,60,Married,2,Mortgage,253,0.2369186535022358,3,2,0.14609906316416763,0,Home,0,21,5,1656,259,33385,4109,4587.0,0.8076606740060798,8,29276,0.23359800000000003,0.2387543240663238,748.9005748479345,0.21842175165640604,0,52.0
2027-11-13,37,27593,419,Employed,High School,16,32760,48,Divorced,1,Rent,207,0.46522987175365704,0,0,0.11143130790478738,0,Auto,0,23,11,5908,1178,74126,3163,2299.4166666666665,0.9550854639405683,9,70963,0.31826,0.30543823539305337,1189.9407124661925,0.6075196082192698,0,51.0
2027-11-14,30,22306,486,Employed,High School,5,27472,12,Married,0,Own,175,0.508856642490557,3,0,0.07629578492253566,0,Home,0,24,14,10309,3658,194408,254761,1858.8333333333333,0.8811593494732175,6,3734,0.249472,0.21333792147072658,2562.424634813553,1.472657384459905,0,53.0
2027-11-15,35,187058,610,Employed,Bachelor,14,10067,12,Divorced,5,Rent,365,0.16484855706894322,2,0,0.10294324257150794,0,Home,1,21,16,2535,538,139472,31065,15588.166666666666,0.8200228683052474,8,108407,0.170067,0.15506314305340493,911.0373278935318,0.0818593587802841,1,36.800000000000004
2027-11-16,27,52093,551,Employed,Doctorate,5,57037,36,Married,0,Own,504,0.6033813311025079,1,0,0.5288212764789606,0,Home,1,26,20,1856,2990,30566,7239,4341.083333333333,0.9097162859848235,4,23327,0.266537,0.23553993835604667,2224.3892152140024,0.6285042248011831,0,66.0
2027-11-17,59,53106,588,Self-Employed,Doctorate,35,3833,24,Divorced,2,Mortgage,403,0.1797549405913453,2,2,0.15160117310069388,0,Auto,0,27,21,7456,437,7893,221987,4425.5,0.9488181778076458,11,6181,0.184833,0.18126575338579898,191.5935851396347,0.13435625017277927,1,41.6
2027-11-18,18,136945,596,Employed,Master,0,34256,48,Divorced,0,Mortgage,180,0.1133043453305165,1,1,0.5127120657301365,0,Debt Consolidation,0,32,29,6805,2203,28655,51892,11412.083333333334,0.8896256641028079,3,10564,0.23125600000000002,0.19548207397767334,1034.1944488630274,0.10639551196725933,1,44.0
2027-11-19,35,119079,585,Employed,High School,15,19664,36,Single,4,Rent,634,0.38383269815188115,3,1,0.2149472934604274,0,Education,0,33,26,826,1112,324486,19318,9923.25,0.8121044764693786,4,305168,0.212164,0.2390946348669395,770.5403614270571,0.14154035839337487,1,36.0
2027-11-20,37,18600,553,Self-Employed,Bachelor,14,21522,24,Married,1,Mortgage,936,0.32843306236294767,2,1,0.3090001291725763,0,Home,0,26,12,3698,983,113721,44459,1550.0,0.5497024483673714,7,69262,0.22002199999999997,0.23421260233112687,1131.6845323526811,1.3339900208726976,0,57.0
2027-11-21,34,29835,621,Employed,Bachelor,13,30274,36,Divorced,3,Own,777,0.23400564290101356,1,1,0.19890813093399642,0,Home,0,27,8,551,1513,60003,106137,2486.25,0.9056757303975681,6,2303,0.204774,0.21289154384140863,1145.0744895237005,0.773081745409231,0,50.0
2027-11-22,59,97013,672,Employed,Bachelor,34,22089,24,Divorced,1,Other,255,0.1828164390288549,1,1,0.5791133767704947,0,Home,0,21,1,5853,3295,70596,5316,8084.416666666667,0.7496551870976408,4,65280,0.16108899999999998,0.14793022842200645,1068.8506596235177,0.16375339300384703,1,41.6
2027-11-23,37,65396,590,Employed,Associate,13,22385,12,Divorced,2,Own,295,0.2951489110590689,2,0,0.22260290439437655,0,Other,0,24,15,1769,947,205045,19093,5449.666666666667,0.8216381436455903,5,185952,0.192385,0.18987151967461502,2062.787745450281,0.432648066325209,0,48.0
2027-11-24,42,127378,563,Employed,Bachelor,22,21157,60,Single,3,Mortgage,415,0.6580387770959865,2,2,0.07873976329208938,0,Other,0,23,8,1529,1418,148596,4640,10614.833333333334,0.8032800256047334,9,143956,0.244657,0.2485759007590923,619.2207965577919,0.09743165663374759,1,37.6
2027-11-25,21,78208,559,Employed,Master,0,28171,60,Married,0,Own,795,0.3093940241131301,4,2,0.028363660191407136,0,Education,0,28,17,1334,4250,108757,2442,6517.333333333333,0.8352756089188137,6,106315,0.253671,0.2595199937658824,842.6526073341797,0.25127648434955707,0,46.0
2027-11-26,58,53285,568,Employed,Bachelor,34,29829,60,Single,0,Mortgage,775,0.36872717598511345,3,0,0.4046117361862571,0,Auto,1,31,14,9954,14185,81781,71206,4440.416666666667,0.7684819304444552,4,10575,0.25082899999999997,0.2396360306334947,857.4895956328497,0.3676433357904512,0,62.0
2027-11-27,52,82788,567,Employed,Bachelor,27,9198,96,Married,0,Mortgage,509,0.3462357498391952,5,0,0.2582424980339443,0,Other,0,23,22,15299,3706,19005,21687,6899.0,0.9190360036927834,5,5281,0.260698,0.29529291050701195,250.63673759815683,0.11010823852705563,0,51.0
2027-11-28,49,45943,571,Employed,Master,28,42358,36,Divorced,2,Rent,300,0.25458161009557306,4,1,0.214575209971408,0,Debt Consolidation,0,27,13,2033,348,87518,12553,3828.5833333333335,0.7136465896391296,2,74965,0.24185800000000002,0.2533299611622636,1691.6156587860378,0.5201965023057366,0,51.0
2027-11-29,31,16350,610,Employed,Associate,7,27946,48,Married,1,Rent,323,0.49056894943530344,5,2,0.1507686041997302,0,Debt Consolidation,0,15,2,850,701,7699,51235,1362.5,0.8359797746877587,3,2594,0.217946,0.20882377905248126,863.6002923493013,0.8708992971371019,0,54.0
2027-11-30,25,15000,578,Employed,Associate,3,22863,36,Married,0,Mortgage,549,0.2305974762021432,2,0,0.2495601148176169,0,Education,0,18,16,31711,185,438971,17576,1250.0,0.9306397217514161,5,421395,0.218863,0.2189042431497554,871.8528330125212,1.136682266410017,0,48.0
2027-12-01,26,74758,491,Employed,High School,3,44511,48,Married,4,Rent,415,0.3281860140229452,6,1,0.10040501907991717,0,Debt Consolidation,0,17,25,1176,171,188623,33133,6229.833333333333,0.709900097564848,8,155490,0.29401099999999997,0.30458531157012253,1614.5551025466987,0.325779999873731,0,46.0
2027-12-02,27,61047,571,Employed,High School,3,20411,120,Single,1,Other,480,0.24468232244564858,4,2,0.18044760596270396,0,Debt Consolidation,0,15,18,2337,121,62764,11418,5087.25,0.8096654517994355,5,51346,0.28991100000000003,0.2884675507363667,520.7660915810918,0.19672044652436813,0,48.0
2027-12-03,26,68079,531,Employed,Bachelor,3,37289,72,Single,3,Rent,224,0.4734025852526099,0,1,0.1350445678722802,0,Auto,0,18,4,2991,3373,59096,114719,5673.25,0.7598633345158978,7,9239,0.286789,0.3054298230801548,1134.8936268350278,0.23952648426123083,0,54.0
2027-12-04,40,52434,553,Employed,High School,20,18353,72,Married,0,Rent,641,0.1751830930797101,5,1,0.5302837053631346,0,Education,0,30,2,648,2087,48519,11898,4369.5,0.9016842305546462,2,36621,0.256853,0.25378600683503133,498.65027036188036,0.2608193775859664,0,61.0
2027-12-05,20,20693,553,Employed,High School,0,33905,72,Single,2,Mortgage,1255,0.22582449569098498,1,0,0.05679119408902212,0,Debt Consolidation,0,21,10,6660,1734,37641,5837,1724.4166666666667,0.8439994557125757,4,31804,0.272405,0.29205337076132204,1002.6977730514076,1.3092530457940796,0,52.0
2027-12-06,49,62408,485,Employed,High School,25,33194,48,Divorced,3,Mortgage,572,0.4658171492797879,4,3,0.1928522139320692,0,Debt Consolidation,0,27,9,1036,217,37361,31656,5200.666666666667,0.7324831968055844,1,5705,0.285694,0.296171330557864,1187.8026451132457,0.33838020352132653,0,52.0
2027-12-07,48,70416,559,Employed,Associate,26,19231,60,Divorced,4,Other,369,0.17849839458208228,3,1,0.396481326384417,0,Debt Consolidation,0,28,8,5451,2038,63454,30447,5868.0,0.7806606585897267,4,33007,0.24473099999999998,0.23731759471498953,550.2466005864399,0.15665415824581455,0,54.0
2027-12-08,47,41611,537,Employed,High School,27,22561,72,Married,1,Other,392,0.5638564753120199,3,1,0.40747858499700623,0,Home,0,32,2,11532,693,12225,201146,3467.5833333333335,0.7645040554673936,7,5995,0.269061,0.2810647107219069,651.4305448894768,0.3009100127051434,0,62.0
2027-12-09,55,48215,609,Employed,Associate,34,15097,60,Single,0,Own,241,0.22724029388218536,3,1,0.5876393499154569,0,Home,1,28,29,426,2983,24049,16023,4017.9166666666665,0.7019812951626101,9,8026,0.21559699999999998,0.21002378832924173,408.4447753620372,0.16163719390945655,0,62.0
2027-12-10,25,16679,551,Employed,Bachelor,3,37982,60,Single,1,Mortgage,219,0.35032059049237496,5,3,0.38372698986437515,0,Debt Consolidation,0,30,24,21804,1448,555885,27519,1389.9166666666667,0.7647703817753045,5,528366,0.267482,0.28461885393956765,1193.2068221078362,1.0160370445047084,0,48.0
2027-12-11,32,15000,573,Employed,Associate,11,19521,84,Divorced,2,Own,491,0.3826620560576141,3,2,0.2528003311671468,0,Other,0,22,5,763,211,58562,6154,1250.0,0.9375036213315894,5,52408,0.25802100000000006,0.27750432913540635,528.9454835077927,0.8159563868062342,0,54.0
2027-12-12,18,19340,458,Employed,High School,0,27281,24,Married,0,Own,498,0.5605915252611515,1,4,0.2974514988644121,0,Auto,1,22,11,1482,517,28831,16839,1611.6666666666667,0.8157191717747504,7,11992,0.273281,0.2186248,1413.4359307697373,1.185999543393839,0,61.0
2027-12-13,36,44408,458,Employed,High School,10,17401,36,Married,2,Mortgage,321,0.1093562405869766,3,0,0.19018071581162768,0,Home,0,20,12,2422,147,61963,38899,3700.6666666666665,0.8498115966239033,7,23064,0.273401,0.2407913231288635,683.4140691661476,0.27141435844878786,0,50.0
2027-12-14,44,49781,604,Employed,Bachelor,26,27660,60,Married,0,Mortgage,309,0.32670871688316094,4,0,0.20649604385360315,0,Auto,0,23,21,717,2209,106840,10042,4148.416666666667,0.7518933598638222,5,96798,0.23065999999999998,0.18636104119934038,711.9886776618578,0.24611526751054202,1,38.400000000000006
2027-12-15,40,30036,617,Employed,Bachelor,17,61302,60,Single,1,Own,381,0.7012440802389969,4,2,0.29046732483670334,0,Debt Consolidation,0,28,1,3001,542,56880,65194,2503.0,0.9070291062369561,8,1224,0.25780200000000003,0.22883059580584364,1724.01606152239,0.8409972279354334,0,56.0
2027-12-16,55,108524,601,Employed,Master,32,14127,24,Divorced,2,Mortgage,546,0.1714700397123502,3,1,0.2243852656451078,0,Auto,0,26,12,12599,2929,50342,57786,9043.666666666666,0.832786368383694,7,5780,0.188627,0.17844335848851614,704.2157064011592,0.13824212595199137,1,37.6
2027-12-17,40,166958,618,Employed,High School,17,22601,60,Widowed,3,Mortgage,187,0.14187312566224514,3,1,0.13337751257218622,0,Education,0,22,21,973,6032,236338,24271,13913.166666666666,0.8955268955093253,6,212067,0.21860100000000005,0.22893239404489377,635.747299234906,0.05913443854633424,1,32.0
2027-12-18,56,20527,587,Employed,High School,33,21419,72,Married,0,Rent,899,0.11392545776498626,1,1,0.4662314285888206,0,Debt Consolidation,0,27,22,559,857,78662,3840,1710.5833333333333,0.8251503275523466,8,74822,0.242919,0.2483892674810313,574.8521995754535,0.8616079502560259,0,55.0
2027-12-19,51,17341,616,Employed,High School,27,25019,60,Married,1,Rent,896,0.24658338605379138,6,0,0.1716914600500858,0,Debt Consolidation,0,31,23,3811,849,35842,6809,1445.0833333333333,0.7931468783879707,8,29033,0.22201900000000002,0.24986465745157696,734.1422558152206,1.1280610731666367,0,49.0
2027-12-20,45,70529,636,Employed,Master,24,19327,36,Single,2,Own,310,0.21407958620265247,1,0,0.16009288892463788,0,Auto,1,19,22,1559,1004,47584,13397,5877.416666666667,0.8443106711582143,9,34187,0.18632700000000002,0.19300612965228,711.3918282280432,0.17378244323237985,1,42.400000000000006
2027-12-21,29,27817,535,Self-Employed,Master,6,19740,72,Single,3,Rent,196,0.07796945862845313,3,1,0.3985330323111206,0,Auto,0,21,12,296,1814,134615,33907,2318.0833333333335,0.7215434491313586,4,100708,0.26724000000000003,0.28565649875978694,575.7292606259937,0.3329169618403107,0,54.0
2027-12-22,20,40844,560,Employed,Bachelor,0,44341,36,Married,4,Own,579,0.2972755171563793,3,0,0.021279628645121472,0,Home,1,19,10,878,253,48678,32217,3403.6666666666665,0.717370730089381,3,16461,0.24934099999999998,0.21635513817766192,1685.05339800374,0.6651807064940966,0,57.0
2027-12-23,32,49578,673,Unemployed,Master,9,42354,48,Divorced,0,Rent,1100,0.3161751806721143,3,2,0.30077677768600575,1,Debt Consolidation,0,21,3,2318,1762,43219,8238,4131.5,0.7057335347223206,1,34981,0.200854,0.21996170221582098,1334.3203611715523,0.5892098175412205,0,67.0
2027-12-24,43,44116,569,Employed,Master,21,21106,48,Married,2,Mortgage,503,0.3496438087414133,0,2,0.20475958279907092,0,Home,0,28,23,4420,2467,11392,3121,3676.3333333333335,0.7420671619632512,5,8271,0.231606,0.22505048700814725,670.767769217313,0.3192767528925504,0,53.0
2027-12-25,60,30609,651,Employed,Bachelor,38,33215,24,Divorced,2,Mortgage,1413,0.16303189269088572,5,4,0.17169812650279262,0,Home,0,26,28,4257,250,1229837,16902,2550.75,0.9463777609439699,1,1212935,0.182715,0.1808985120799845,1659.6714052987181,1.2046148800543832,1,28.8
2027-12-26,48,61742,555,Employed,Bachelor,28,24602,48,Widowed,2,Rent,265,0.19798151880543488,2,1,0.20516198143570633,0,Home,1,21,28,7260,785,186130,26380,5145.166666666667,0.8108935353455868,4,159750,0.242102,0.21151529640534739,763.8245747804262,0.1999594262797628,1,42.400000000000006
2027-12-27,46,51485,489,Employed,High School,24,13752,48,Married,0,Mortgage,560,0.24247855650279504,1,3,0.5717431366241253,0,Debt Consolidation,0,24,6,5302,1216,27961,40494,2767.75,0.7207356727836312,4,10469,0.264252,0.2640343625779551,466.80719270060615,0.37098986277684265,0,60.0
2027-12-28,28,73890,584,Employed,Bachelor,5,37537,36,Single,1,Own,322,0.2543150406150302,5,0,0.35377616356848174,0,Education,0,22,15,1952,5963,44790,44427,6157.5,0.5986138637062072,3,9715,0.23053700000000002,0.2664444974629907,1525.3049552461043,0.30000892492831577,0,54.0
2027-12-29,50,68519,591,Employed,High School,31,22288,60,Married,3,Own,347,0.31713315142616055,3,2,0.37599660133383955,1,Other,0,26,19,2317,1277,28743,10875,5709.916666666667,0.546492966064344,8,17868,0.231788,0.24605389395086694,649.0361156173024,0.1744396939156676,0,66.0
2027-12-30,40,59178,651,Employed,Master,19,14371,72,Divorced,1,Mortgage,673,0.2367290230858709,4,2,0.0911917439337455,0,Debt Consolidation,0,27,14,6873,6289,106181,54045,4931.5,0.66712499835237,3,52136,0.203871,0.1780047575829439,326.1518919286912,0.20260608170509808,1,33.6
2027-12-31,51,54276,542,Employed,Bachelor,26,12599,48,Single,4,Mortgage,285,0.14552383709053987,4,1,0.5646836726527626,0,Home,0,30,16,2900,8693,58672,2400,4523.0,0.8448326179582795,4,56272,0.236599,0.25613993138436997,422.07277217780467,0.15632827154052722,1,44.0
2028-01-01,65,17996,599,Employed,Bachelor,42,66485,96,Divorced,1,Rent,209,0.15579902430915576,3,1,0.06865219899571666,0,Other,0,27,8,4858,2098,130780,7081,1499.6666666666667,0.9288317787103424,1,123699,0.301985,0.27510460053606584,1719.3311983167416,1.2858398744054733,0,48.0
2028-01-02,23,47727,592,Employed,Associate,1,17781,60,Divorced,1,Mortgage,481,0.14055494911627975,1,2,0.2707341704751917,0,Auto,0,20,28,2593,372,77841,34975,3977.25,0.9493617437355675,3,42866,0.226781,0.24317963136971785,514.8100893389001,0.25037653889971717,0,52.0
2028-01-03,33,81014,569,Employed,Associate,11,28382,60,Married,0,Mortgage,239,0.1556266960169134,4,0,0.5222336859070615,0,Other,0,26,12,484,576,231254,11292,6751.166666666667,0.9698262613634733,10,219962,0.248882,0.27820863509602695,880.6321437903049,0.1658427645281514,0,52.0
2028-01-04,44,109767,549,Employed,High School,25,25488,12,Married,0,Mortgage,292,0.14384961240482264,4,1,0.6139620423726776,0,Debt Consolidation,0,25,3,2907,183,199161,2409,9147.25,0.7907890713785558,3,196752,0.215988,0.235391293179522,2404.453903285925,0.2947830116467709,1,44.0
2028-01-05,40,67550,648,Employed,Bachelor,17,35021,60,Divorced,3,Own,468,0.25111735447586425,2,1,0.32214325708037495,0,Education,0,19,10,3251,2565,36306,7990,5629.166666666667,0.61411996577273,5,28316,0.21602100000000002,0.20886068683894585,945.1926248792578,0.25104828273206653,0,51.0
2028-01-06,36,49093,524,Unemployed,High School,17,66618,48,Married,3,Own,380,0.0694515871390248,2,1,0.3983058853007698,0,Debt Consolidation,0,22,6,123717,4078,127795,20144,4091.0833333333335,0.7649655945411047,7,107651,0.299618,0.2685212761230281,2278.2339077349457,0.6497628356959108,0,55.0
2028-01-07,44,81778,634,Self-Employed,Bachelor,24,15905,24,Married,3,Other,366,0.09685554125727834,7,0,0.495027132487336,0,Debt Consolidation,0,29,14,2758,2224,110414,86907,6814.833333333333,0.6149458472509499,5,23507,0.173905,0.162684578747528,780.7999749965259,0.16827997383108306,1,43.2
2028-01-08,45,101139,639,Employed,Bachelor,19,19558,60,Married,0,Rent,499,0.5617019798417651,3,2,0.43280231240963557,0,Debt Consolidation,0,32,5,2512,3283,450657,5312,8428.25,0.8221371511132441,4,445345,0.20505800000000002,0.18341984427373081,500.29036694618543,0.11856439556802248,1,39.2
2028-01-09,24,150360,573,Employed,Bachelor,3,31574,48,Married,3,Rent,1355,0.21666166736275563,4,2,0.3850162417819948,0,Other,1,24,15,2244,1122,59073,14164,12530.0,0.8397960782843445,1,44909,0.240074,0.26326882694177306,1070.4050732561989,0.19356784303720664,0,58.0
2028-01-10,25,19398,502,Unemployed,Associate,4,24793,60,Married,2,Rent,390,0.504577308251242,4,0,0.2924323936066267,0,Auto,0,24,4,1011,1730,97723,11513,1616.5,0.9272340350575397,2,86210,0.278793,0.2928981642896544,791.3563694594164,0.7308112399996389,0,59.0
2028-01-11,37,119458,527,Employed,Associate,13,15204,24,Single,1,Mortgage,229,0.29662561497685586,1,0,0.28613000756871954,0,Auto,0,21,18,524,944,11404,56183,9954.833333333334,0.7343564072017805,5,6959,0.226704,0.2284614659192203,795.1228775630826,0.10287694864100344,1,40.800000000000004
2028-01-12,46,25322,530,Employed,Associate,27,20772,36,Single,1,Mortgage,609,0.48368330349035604,1,1,0.09130862002662894,0,Auto,0,22,2,1055,521,412776,5951,2110.1666666666665,0.7215747391473575,8,406825,0.240772,0.23368239912043876,808.0704963753793,0.6715443470699215,0,51.0
2028-01-13,47,95798,647,Employed,Bachelor,24,5510,120,Divorced,0,Mortgage,196,0.12000945501228158,3,0,0.2810669213221322,0,Home,0,16,4,527,1063,164074,81456,7983.166666666667,0.8514760717549792,8,82618,0.23701,0.2741029185396899,134.82823502262065,0.041440727575434225,0,48.0
2028-01-14,23,22899,565,Employed,Master,0,16983,60,Single,0,Mortgage,176,0.34553382098891616,4,3,0.11592929191120345,0,Debt Consolidation,0,23,11,790,1758,23159,10823,1908.25,0.5943925653583907,5,12336,0.239483,0.24788410834468635,496.3690344715307,0.35234850489795927,0,52.0
2028-01-15,38,53240,569,Employed,Master,15,19247,48,Married,0,Mortgage,345,0.43030585485024725,6,0,0.1774524108997935,1,Auto,0,25,14,757,623,116499,16780,4436.666666666667,0.5287494916135889,8,99719,0.229747,0.24090727812546558,628.4533013483788,0.21941096198686222,0,61.0
2028-01-16,47,74158,524,Employed,High School,25,22092,84,Married,1,Mortgage,166,0.1650727206814453,5,1,0.4791302231464775,0,Auto,0,14,23,4453,1384,29884,31059,3947.3333333333335,0.8471192435000802,5,1989,0.285092,0.2869122444139067,612.3515303874391,0.1971841404460663,0,55.0
2028-01-17,43,40381,603,Unemployed,Master,22,12232,24,Single,1,Rent,877,0.24148477126011392,5,0,0.4973811592196273,0,Debt Consolidation,0,31,18,914,214,79939,7483,3365.0833333333335,0.5509366338303086,2,72456,0.18573199999999998,0.18446693623223126,613.3149434284704,0.4428760882876017,0,55.0
2028-01-18,34,53947,569,Employed,Associate,15,12941,96,Married,0,Mortgage,502,0.2630643381190897,2,0,0.2526785675021861,0,Auto,0,24,4,861,673,315790,18238,4495.583333333333,0.682349115890902,1,297552,0.26344100000000004,0.2615723644825774,322.8146063293671,0.18347220931566918,0,49.0
2028-01-19,36,45122,640,Employed,Master,15,7096,48,Married,0,Rent,332,0.4455547355368368,2,1,0.20162505380368803,0,Other,0,20,10,3713,656,16937,42243,3760.1666666666665,0.708743427684788,6,3672,0.182096,0.1906098605641198,212.39966693834862,0.14478072787687124,0,51.0
2028-01-20,45,58392,613,Employed,High School,21,12111,36,Married,2,Rent,649,0.42066002579063405,3,2,0.17882889430111998,0,Home,0,24,8,2773,3905,25665,23448,4866.0,0.645031182183447,4,2217,0.190611,0.22630239226698828,466.48260049589965,0.22924015628769,0,49.0
2028-01-21,29,38676,507,Employed,Master,6,23845,48,Single,1,Other,430,0.2686654293535465,3,1,0.07885021622692803,0,Debt Consolidation,1,21,6,7446,3786,27946,3516,3223.0,0.7317825607680135,7,24430,0.265345,0.2769384807457743,826.8775617444821,0.38997131918848343,0,59.0
2028-01-22,33,160759,474,Employed,High School,12,31656,60,Divorced,0,Own,313,0.20304990376936266,5,0,0.6964730198966945,0,Home,0,16,10,3234,601,87747,142899,6731.833333333333,0.7537138043427118,7,1202,0.299656,0.28572175647071,996.5914194240313,0.19453711263757242,0,56.0
2028-01-23,28,38074,508,Self-Employed,High School,5,47419,72,Single,0,Own,227,0.11747553209460251,4,0,0.17756665535253568,1,Other,0,23,19,521,263,41843,44523,3172.8333333333335,0.8108509709383315,5,2173,0.308419,0.24673520000000002,1267.8508082843416,0.4711406655306009,0,65.0
2028-01-24,66,73990,547,Employed,High School,45,48517,36,Single,1,Mortgage,177,0.16860285094201438,3,1,0.056738279664205034,0,Home,0,22,16,728,1377,61985,32057,6165.833333333333,0.8408456306121429,8,29928,0.260017,0.20935915324096652,1826.2852509687546,0.3249009732615902,0,49.0
2028-01-25,59,59459,636,Employed,Associate,36,6930,72,Married,3,Other,173,0.6507898169277033,3,1,0.4317466261295249,0,Auto,0,27,12,3396,327,36763,63540,4954.916666666667,0.6542790382385524,5,5980,0.20393,0.20459303431671177,167.8432627967048,0.06878889913319192,0,55.0
2028-01-26,37,57479,568,Employed,Associate,14,22314,96,Single,0,Own,549,0.073239887947494,5,1,0.31847607128542,0,Other,0,27,10,1798,476,148223,67305,4789.916666666667,0.7686634690252475,5,80918,0.273314,0.27630013010318066,578.8678463934918,0.23546711245362484,0,51.0
2028-01-27,44,50833,610,Employed,High School,20,47895,48,Married,1,Own,148,0.09630617846246567,4,0,0.37257286563619724,0,Home,0,30,3,1422,342,39396,45731,4236.083333333333,0.833926809352276,9,9716,0.237895,0.20635652244872033,1473.7320654548353,0.38283762094422963,0,53.0
2028-01-28,59,53449,603,Employed,High School,34,41990,60,Divorced,0,Rent,142,0.18891878700417494,0,0,0.10644266425656282,0,Education,0,17,15,51943,1679,359455,33502,4454.083333333333,0.8798954978002073,4,325953,0.24548999999999999,0.23240423594108073,1189.5252700500444,0.29894484911973157,0,40.0
2028-01-29,52,56958,498,Employed,Bachelor,26,24690,48,Married,1,Rent,730,0.31798725841798864,7,0,0.08856337920075623,0,Debt Consolidation,0,29,3,19677,902,40105,54265,4746.5,0.8108731050928351,6,9273,0.27069,0.2632663040649687,837.0238264969777,0.33014301622184294,0,53.0
2028-01-30,34,25517,584,Employed,High School,9,16634,24,Married,2,Rent,558,0.21032647187879364,1,2,0.2421897871401678,0,Auto,0,22,8,8795,582,169034,26062,2126.4166666666665,0.7334259868780736,5,142972,0.199634,0.20010588078850505,846.6868224882492,0.6605887004686676,0,51.0
2028-01-31,38,26427,575,Self-Employed,Associate,14,49017,96,Single,2,Mortgage,449,0.37195833337792517,1,1,0.38427910003648014,0,Debt Consolidation,0,24,2,1075,1182,11349,17612,2202.25,0.9257504842194988,5,6834,0.29651700000000003,0.2647082006059563,1233.075328707421,0.7637985372720723,0,63.0
2028-02-01,38,21007,541,Employed,High School,17,5777,108,Divorced,3,Own,386,0.051660845827913804,1,2,0.07404891452991025,0,Auto,0,24,16,1919,851,81989,20564,1750.5833333333333,0.8410099370763581,10,61425,0.280277,0.3363324,170.53160584511713,0.3179120897863287,0,49.0
2028-02-02,36,55221,497,Employed,Master,11,18462,48,Single,0,Own,208,0.4755876226503997,4,1,0.38211254047317267,0,Other,0,20,15,2321,1079,75443,66896,4601.75,0.9577490513814472,6,8547,0.264962,0.27053883622679514,633.4849418746312,0.1828619420600057,0,55.0
2028-02-03,19,53861,641,Unemployed,Doctorate,0,52620,96,Divorced,1,Rent,309,0.2696898283578972,5,0,0.7068926306558124,0,Auto,0,25,6,2696,1628,66555,36974,4488.416666666667,0.7352199509477406,3,29581,0.26712,0.2889219324072852,1410.6338457456868,0.38312705202183844,0,60.0
2028-02-04,21,31290,545,Employed,Master,0,14427,36,Single,2,Rent,320,0.20998226153100294,3,4,0.22053943925221925,0,Debt Consolidation,0,25,27,15813,683,17876,23731,2607.5,0.736140299742572,9,9600,0.226927,0.20472604949457496,539.6394210257228,0.32967954785262615,0,53.0
2028-02-05,18,37857,595,Employed,Associate,0,36411,36,Single,1,Own,373,0.260746541539592,4,0,0.09152804911192257,0,Home,0,24,16,12593,1678,179721,30236,3154.75,0.7049937722253774,1,149485,0.223911,0.21790914924087013,1386.6172473772044,0.5577675718764417,0,47.0
2028-02-06,35,50008,592,Employed,Bachelor,15,18554,48,Divorced,4,Own,384,0.29201432285268825,2,0,0.2561361528488736,0,Home,0,20,15,5118,299,54042,6187,4167.333333333333,0.7837275983924268,6,47855,0.217554,0.21508473033707745,579.6239251705816,0.23123274480177133,0,52.0
2028-02-07,50,92520,624,Employed,High School,26,16568,48,Married,1,Mortgage,765,0.30627457513869527,5,1,0.336087106843565,0,Home,0,22,6,427,920,41735,5974,7710.0,0.9938983671121987,4,35761,0.19956800000000002,0.1931866158730315,498.17543776197783,0.1638359841455224,1,41.6
2028-02-08,48,16110,551,Unemployed,High School,23,16213,48,Divorced,4,Rent,276,0.2043603396415509,4,0,0.2622625286950371,0,Education,0,29,15,4948,1187,166028,38819,1342.5,0.6325723512532839,5,127209,0.235713,0.27654286954263924,561.855240365008,0.6241007377020543,0,53.0
2028-02-09,44,79724,616,Employed,Master,21,8750,48,Married,2,Rent,513,0.3131938594152117,2,0,0.04677275956061299,0,Home,0,23,22,2427,868,140526,40385,6643.666666666667,0.8275891350235837,5,100141,0.19575000000000004,0.16756459232406673,251.38047374616696,0.1150540073874116,1,34.4
2028-02-10,33,109294,582,Employed,Associate,12,7990,72,Married,2,Own,82,0.12806286487646476,4,1,0.07389603721960049,0,Debt Consolidation,0,26,26,2453,2677,56070,9918,9107.833333333334,0.9492225805102679,8,46152,0.23199,0.26706347582229356,223.66890821964466,0.03356110032239405,1,38.400000000000006
2028-02-11,18,15000,613,Employed,Doctorate,0,21937,36,Married,0,Mortgage,380,0.09445977434504968,2,0,0.23707007764805346,0,Debt Consolidation,0,19,5,4667,4487,74636,13670,1250.0,0.6908025857639314,3,60966,0.200437,0.2405244,861.2552148489051,0.993004171879124,0,50.0
2028-02-12,40,33246,637,Employed,Master,21,19371,84,Single,0,Rent,404,0.18068677402186423,2,2,0.43456990873544094,0,Debt Consolidation,1,20,13,3069,507,74975,3154,2770.5,0.6763559884945859,7,71821,0.22587100000000002,0.19251712505394383,421.47113883942734,0.29795023960997197,0,57.0
2028-02-13,26,49575,605,Employed,Bachelor,5,15150,60,Married,0,Mortgage,338,0.17920769137457185,5,0,0.47439953852641253,0,Auto,0,27,19,5653,6380,56553,64021,4131.25,0.6131973651289029,4,4504,0.21765,0.1976158930676839,399.3752567701068,0.1784872028490425,0,53.0
2028-02-14,26,21201,537,Employed,High School,4,29221,60,Married,1,Mortgage,545,0.14722569611786065,1,0,0.26099721929309727,0,Debt Consolidation,1,18,17,3505,756,315359,33772,1766.75,0.6000758250011873,4,281587,0.265721,0.2506919595899631,858.8608369474367,0.7946007284264536,0,53.0
2028-02-15,18,15000,547,Self-Employed,High School,0,28748,60,Married,0,Own,548,0.2544920032684611,3,0,0.14926691418375057,0,Auto,0,27,16,19955,418,344228,6940,1250.0,0.6984962956154239,8,337288,0.260248,0.2899682106030163,912.4596447649216,1.1683677158119372,0,49.0
2028-02-16,35,92881,526,Employed,Bachelor,14,19295,96,Married,1,Rent,269,0.09658516745133428,4,1,0.48320385654610504,0,Debt Consolidation,1,30,28,3056,3540,11918,19107,7740.083333333333,0.6983787830053388,7,5015,0.291295,0.29417463695065,524.2727941266052,0.10248892162572822,0,60.0
2028-02-17,42,43581,585,Employed,High School,22,28313,36,Single,2,Rent,205,0.14306179996276983,4,1,0.04715595220748013,0,Debt Consolidation,0,18,25,3869,177,41529,40830,3631.75,0.8367131997193825,8,4883,0.220813,0.264074244482467,1146.9021536082403,0.3722453785663221,0,50.0
2028-02-18,35,32256,622,Employed,Master,14,21995,60,Married,2,Rent,374,0.4166256377574868,5,1,0.1816117927800945,0,Other,0,21,6,1572,1177,430472,12305,2688.0,0.6960949301213654,6,418167,0.215995,0.2247485295023872,613.4311780217041,0.3673479084902173,0,45.0
2028-02-19,32,42451,577,Employed,High School,10,13272,48,Married,4,Mortgage,394,0.06550512354188144,2,3,0.34538984567815517,0,Auto,0,21,18,19388,3413,74674,43220,3537.5833333333335,0.673395297444528,9,31454,0.21977200000000002,0.22450716070307405,421.40295732576726,0.2304971729266497,0,54.0
2028-02-20,46,47932,560,Employed,Associate,22,14940,60,Widowed,5,Own,350,0.32238823454924925,0,0,0.5227052341817171,0,Education,0,27,11,1644,3766,594475,22250,3994.3333333333335,0.8030014626150982,6,572225,0.23994,0.23917667675378063,429.07974107460444,0.19504625079060448,1,40.800000000000004
2028-02-21,29,51757,538,Employed,Master,5,13516,36,Married,0,Rent,179,0.3579334410429122,3,1,0.21561108573532028,0,Education,0,24,20,429,1688,41313,12514,4313.083333333333,0.8063597677703835,7,28799,0.229516,0.19954670927468976,501.99087653850523,0.1578895708495868,1,41.6
2028-02-22,44,83490,565,Employed,High School,22,21039,36,Single,2,Mortgage,170,0.29104026240836484,1,0,0.5050318600705944,0,Home,0,25,22,6349,1167,41617,28992,6957.5,0.7594326686971846,5,12625,0.223539,0.24540911925524272,831.4070624380348,0.1439320247844822,1,45.6
2028-02-23,29,66302,434,Employed,Bachelor,8,18795,96,Single,5,Mortgage,498,0.49797144467931703,5,1,0.23949970665127737,0,Debt Consolidation,0,19,28,18050,1475,32002,24412,3077.0,0.6869283870632111,5,7590,0.336795,0.34121663393283863,573.2815245126942,0.34815779152183757,0,53.0
2028-02-24,25,82284,636,Employed,Master,4,12970,24,Divorced,3,Mortgage,492,0.2893648375930942,3,3,0.33952210959533946,0,Debt Consolidation,0,17,27,21060,147,37485,30585,6857.0,0.7709061398625113,8,6900,0.16997,0.1792654491305265,647.055366776086,0.1661157017319653,1,40.0
2028-02-25,47,22626,536,Employed,High School,26,18390,120,Single,2,Rent,743,0.6878813949682592,3,1,0.3784249758469275,0,Auto,0,25,6,3982,974,34273,45517,1885.5,0.8790801940332269,5,2151,0.30539,0.3401730906902285,540.1839192449921,0.6805536564545172,0,60.0
2028-02-26,69,227072,611,Employed,Bachelor,45,17421,60,Single,2,Mortgage,557,0.13526731366369774,5,1,0.21431315542600124,0,Other,0,28,6,30395,1163,31558,7916,18922.666666666668,0.8487282327722057,2,23642,0.21692099999999997,0.22306810348942158,484.19294616777825,0.05502358438738963,1,38.400000000000006
2028-02-27,51,69368,677,Employed,Bachelor,30,14508,36,Married,1,Mortgage,292,0.41228446106008626,1,1,0.2630480455425944,0,Education,0,22,21,2512,1040,43690,26139,5780.666666666667,0.8934720581531176,5,17551,0.16100799999999998,0.15462349157157879,506.2156131074367,0.1380836604383756,1,37.6
2028-02-28,40,33053,612,Employed,Associate,17,14515,12,Married,2,Own,384,0.2952652968663594,2,0,0.19313864162901764,0,Education,0,29,10,1097,1674,42290,8393,2754.4166666666665,0.8023198534254538,3,33897,0.173515,0.16132601623396522,1317.8693868148403,0.617869259727652,0,48.0
2028-02-29,61,96845,583,Self-Employed,Associate,41,11934,96,Divorced,1,Rent,438,0.382453888752104,3,2,0.433247287628351,0,Debt Consolidation,0,22,24,2404,1207,8199,30687,8070.416666666667,0.7678387939345692,2,3837,0.255434,0.2043472,253.30026000275043,0.08565855872820491,1,46.400000000000006
2028-03-01,29,38562,563,Employed,High School,5,29845,60,Married,1,Own,720,0.18722537392170002,3,2,0.21736269028825567,0,Debt Consolidation,1,33,11,1059,269,103956,27697,3213.5,0.710066899040807,4,76259,0.253345,0.281495617117999,931.9432833426434,0.5140635703571319,0,56.0
2028-03-02,35,57980,598,Employed,High School,16,36154,36,Married,1,Rent,237,0.08103636365866462,3,0,0.0669377058851638,0,Debt Consolidation,0,29,19,5641,5133,54006,26961,4831.666666666667,0.27665271103250605,3,27045,0.222154,0.2362781860240525,1411.3691127378984,0.3411595266101204,0,49.0
2028-03-03,25,82331,596,Employed,Bachelor,7,20771,72,Married,0,Mortgage,600,0.2033571704910188,4,0,0.4272147071372443,0,Debt Consolidation,0,26,29,214,1116,18354,25954,6860.916666666667,0.6715576418643804,5,2549,0.237771,0.2678010450841959,582.4123591093463,0.17234028870428095,0,55.0
2028-03-04,30,29084,535,Employed,Master,5,26354,60,Married,2,Rent,326,0.0626896719867067,4,0,0.3816011949399492,1,Home,0,22,22,2012,782,497187,19491,2423.6666666666665,0.6052099658246425,6,477696,0.263854,0.2746420794045686,812.0559527299854,0.46955960090633425,0,61.0
2028-03-05,38,59200,565,Employed,High School,16,12298,60,Divorced,2,Rent,251,0.0637965314834977,5,1,0.2705708033657374,0,Other,0,23,7,1729,543,12038,114887,4933.333333333333,0.6388888603481532,4,8528,0.234798,0.25301039892209587,363.136257161777,0.12448707915441425,0,52.0
2028-03-06,26,43791,514,Employed,High School,3,12412,120,Divorced,2,Rent,636,0.3066441110569588,2,2,0.3828707682487011,0,Debt Consolidation,0,33,23,4337,261,24568,41448,3649.25,0.39206733105611924,2,5172,0.310412,0.36613917558258263,389.2759764120887,0.28095525831666474,0,55.0
2028-03-07,41,180488,483,Self-Employed,Master,20,32427,96,Married,3,Rent,544,0.34090401153928235,1,1,0.19036091327803675,0,Education,1,35,20,881,1010,24462,14814,15040.666666666666,0.94847028375001,11,9648,0.325927,0.32452006412880313,950.271811695121,0.09934877521132403,1,45.6
2028-03-08,32,60901,571,Employed,Bachelor,7,49347,60,Married,3,Mortgage,656,0.26537308396475817,6,0,0.4991375743909208,0,Debt Consolidation,0,18,10,12043,1662,97103,15652,5075.083333333333,0.9508555878010237,8,81451,0.268847,0.2815431450197393,1541.0565901076807,0.432910446155107,0,54.0
2028-03-09,60,49531,563,Self-Employed,Master,37,19079,12,Single,0,Own,416,0.5394402439496603,5,3,0.3229217357324703,0,Home,0,26,24,3843,3032,55065,48641,4127.583333333333,0.669025846364149,1,6424,0.202579,0.2200367767735735,1785.7209386416037,0.5334164717792744,0,59.0
2028-03-10,37,24593,512,Employed,Associate,15,28459,48,Single,2,Mortgage,366,0.3846293520049764,6,2,0.29460723305615916,0,Auto,0,21,9,2350,1059,9842,44758,2049.4166666666665,0.7042183282493601,7,7872,0.267459,0.21396720000000002,887.336635813078,0.6115577452834927,0,55.0
2028-03-11,34,131928,614,Unemployed,High School,9,15271,36,Single,2,Other,206,0.367715496095639,0,3,0.23360034515966147,0,Debt Consolidation,0,26,16,5709,269,35362,21873,10994.0,0.8356947712333456,4,13489,0.193271,0.20546931774328517,571.789695504848,0.07074674326949681,1,40.0
2028-03-12,43,116211,570,Employed,High School,22,40387,72,Divorced,1,Rent,572,0.2692301992790534,1,0,0.46305972847425986,0,Other,0,25,22,768,2777,377458,21188,9684.25,0.7812053825736867,4,356270,0.27038700000000004,0.2785545151038558,1159.7296072035847,0.1788191762091628,1,39.2
2028-03-13,37,96504,579,Self-Employed,Bachelor,15,27757,24,Divorced,0,Rent,221,0.6344889517240465,3,1,0.19767405239812988,1,Home,0,20,3,1529,1044,283455,34569,8042.0,0.7591125469068102,3,248886,0.213257,0.19982691191954086,1412.4801011125624,0.20311863978022413,1,52.0
2028-03-14,50,159380,598,Employed,Master,30,17969,60,Single,1,Mortgage,341,0.45788114511401456,1,1,0.25944903670466984,0,Home,0,20,6,2411,499,70023,47373,13281.666666666666,0.979057601869834,6,22650,0.22396899999999997,0.24588295949694428,523.0856302681617,0.06505852405080902,1,42.400000000000006
2028-03-15,31,87098,562,Employed,High School,7,17498,48,Single,3,Rent,401,0.3465049100619109,2,1,0.27337195083013455,0,Home,0,21,29,2123,325,58881,14151,7258.166666666667,0.9798072680959614,4,44730,0.231498,0.23465005780266374,565.3040057642175,0.1331333448434018,1,40.800000000000004
2028-03-16,41,109589,567,Employed,High School,21,40817,48,Single,1,Other,384,0.35213545205461755,6,0,0.10668636936033794,0,Debt Consolidation,0,21,5,2132,548,27063,13448,9132.416666666666,0.9419551735753978,5,13615,0.25231699999999996,0.2094113929883907,1262.6349004874255,0.18030658921834405,1,40.800000000000004
2028-03-17,27,39745,575,Employed,Doctorate,5,9975,36,Married,0,Rent,457,0.2708975866454281,6,1,0.4267841853721805,0,Home,0,23,22,2874,1258,109004,31836,3312.0833333333335,0.9112974808720203,3,77168,0.20747500000000002,0.1928389061792337,367.0771361434692,0.2488093001313783,1,44.0
2028-03-18,45,45220,567,Employed,Associate,23,29722,60,Single,1,Own,286,0.3307833164700296,1,4,0.13569793940142258,0,Debt Consolidation,1,24,9,5361,1149,22212,78078,3768.3333333333335,0.8734622671522086,6,8493,0.251222,0.2659738253048046,900.4323038174167,0.314842716625586,0,58.0
2028-03-19,52,34429,580,Employed,Doctorate,29,14432,72,Married,0,Mortgage,912,0.30822054512193264,6,0,0.24865652260618318,0,Debt Consolidation,0,18,8,9025,625,37568,30787,2869.0833333333335,0.8529373756111012,5,6781,0.239432,0.24201379582444923,381.71504173393674,0.45091581227474625,0,54.0
2028-03-20,47,81364,631,Employed,Master,27,11823,60,Married,1,Own,450,0.1536058249333126,1,3,0.04064323583132296,0,Debt Consolidation,1,18,9,13283,1980,361992,11011,6780.333333333333,0.9660241811364636,4,350981,0.20132300000000003,0.1993237051143342,312.7924527764398,0.11250073046208739,1,36.800000000000004
2028-03-21,34,17580,594,Employed,High School,13,29232,36,Divorced,3,Rent,318,0.44739681194371933,3,1,0.39156454206912283,0,Home,0,14,2,11355,879,107898,177882,1465.0,0.5074841446589332,3,2595,0.217232,0.2055696971366364,1094.6794073439028,0.9642862848763841,0,61.0
2028-03-22,75,34203,692,Employed,Bachelor,50,14983,48,Married,0,Mortgage,278,0.375869909482776,4,2,0.15164522509808054,0,Debt Consolidation,1,23,3,7843,953,126717,31684,2850.25,0.9146553157608813,3,95033,0.163983,0.16511126733396733,428.55482238961554,0.24789222783601983,0,52.0
2028-03-23,46,67841,582,Employed,Bachelor,24,19771,72,Single,0,Own,515,0.29035872435815985,2,1,0.34888764197766586,0,Education,0,21,15,4683,362,65652,15390,5653.416666666667,0.9424257794424206,5,50262,0.24377100000000002,0.27891986130683843,568.188931082325,0.19159899136197725,0,52.0
2028-03-24,50,70130,597,Employed,High School,28,17924,60,Married,4,Rent,970,0.6930384592011101,4,3,0.2661212373750003,0,Auto,0,19,2,2115,563,12147,8446,5844.166666666667,0.7550421772009456,6,3701,0.224424,0.23729362631273854,512.8252211683216,0.25372740131213256,0,58.0
2028-03-25,50,43983,572,Employed,High School,31,15165,72,Divorced,3,Mortgage,487,0.398155178672456,2,3,0.27780260161767445,0,Debt Consolidation,0,21,27,14467,4098,28755,24457,3665.25,0.8974929204002644,4,4298,0.24416500000000002,0.22589351796444074,386.3607962814923,0.2382813713338769,0,53.0
2028-03-26,55,74036,666,Employed,Bachelor,32,10742,60,Married,1,Own,281,0.3602697931283412,4,1,0.3715658894967021,0,Auto,0,15,26,9187,1054,92192,41714,6169.666666666667,0.7079760370127912,8,50478,0.18274200000000002,0.17536211112722716,270.0732455827322,0.08931977614934337,1,36.800000000000004
2028-03-27,48,15000,607,Employed,High School,26,13103,60,Single,1,Mortgage,668,0.27364444589814096,5,1,0.1498025937302986,0,Auto,1,22,17,6130,1864,85278,10877,1250.0,0.7335324032833107,1,74401,0.214603,0.23221819262430518,371.0515504812123,0.8312412403849699,0,53.0
2028-03-28,25,68402,579,Unemployed,Associate,7,11978,48,Married,2,Mortgage,312,0.08210489975797444,1,1,0.28745484177585673,0,Auto,0,16,27,6526,1080,25831,8408,5700.166666666667,0.722669965870996,4,17423,0.217478,0.22211051953299413,378.75356406895105,0.12118129248892448,0,54.0
2028-03-29,27,64102,583,Employed,High School,5,17129,60,Married,1,Other,730,0.5128130149162566,3,1,0.09351033899799811,0,Home,0,24,3,34340,1967,134978,37156,5341.833333333333,0.9026441675578524,4,97822,0.23062900000000003,0.20947682383191715,462.8930361730377,0.223311541513158,0,52.0
2028-03-30,61,47984,623,Self-Employed,Bachelor,40,13696,72,Divorced,2,Own,407,0.2977547672784746,2,2,0.11258788655683202,0,Debt Consolidation,0,26,4,584,258,23964,13663,3998.6666666666665,0.6213045646682364,4,10301,0.217196,0.22261065641024738,346.2529936629926,0.18837604042922457,0,54.0
2028-03-31,41,23183,564,Employed,High School,19,28578,36,Married,2,Mortgage,156,0.36604311497062336,3,0,0.25585785728887456,0,Education,0,26,28,1352,1062,56803,265819,1931.9166666666667,0.9131336153806825,7,7626,0.23157799999999998,0.21293144223900207,1080.9841782610795,0.6402885795252105,0,54.0
2028-04-01,44,33995,515,Self-Employed,High School,20,42009,48,Married,3,Rent,582,0.27973526778745667,1,0,0.17947571933785697,0,Home,0,20,21,2382,578,21599,45826,2832.9166666666665,0.6320422279847397,6,4712,0.279509,0.2866846370829414,1480.2166260907318,0.7279482133575167,0,54.0
2028-04-02,30,53561,469,Employed,High School,11,26831,60,Married,2,Own,482,0.32581852152204793,3,4,0.21605973263863326,0,Auto,0,14,25,5276,639,37877,25756,4463.416666666667,0.6478918291502399,3,12121,0.297331,0.28656745991307647,846.0678220611233,0.297545114257267,0,52.0
2028-04-03,69,51191,671,Employed,Bachelor,44,9729,24,Single,2,Other,325,0.6250521244564509,4,0,0.25711137013019536,0,Auto,1,31,12,5949,1423,40187,355499,4265.916666666667,0.538094592028524,6,8329,0.14922899999999997,0.15196361419118506,472.63476401851835,0.1869785151339536,0,54.0
2028-04-04,65,74861,622,Employed,Bachelor,42,16526,72,Married,0,Other,387,0.22073599139144773,2,1,0.3988465054292838,0,Home,0,19,13,4433,1041,13269,15023,6238.416666666667,0.9292925587321186,4,9114,0.220526,0.2380789894680881,433.1520385573644,0.13146798015907313,0,51.0
2028-04-05,40,27195,557,Employed,High School,18,18556,36,Single,0,Rent,354,0.0625850519864275,1,1,0.02088692801723861,0,Home,0,23,18,6145,2038,42600,35122,2266.25,0.5898170931455328,3,7478,0.22505599999999998,0.23423242344592882,722.3973729785303,0.47496850434794496,0,51.0
2028-04-06,49,23220,608,Employed,High School,29,21486,24,Single,3,Other,1027,0.36480445985168836,1,0,0.1680689148698881,0,Debt Consolidation,0,15,22,1270,554,27494,9751,1935.0,0.9157032785652572,5,17743,0.192486,0.18337856037749514,1076.180008790505,1.086914733225067,0,49.0
2028-04-07,30,55369,447,Employed,Associate,6,10289,60,Married,5,Own,396,0.7482080078222935,3,1,0.5892803636564348,0,Debt Consolidation,0,17,27,1162,163,92981,13814,4614.083333333333,0.9762345534867533,8,79167,0.291789,0.24930257893593577,301.57522163212036,0.1511839234876094,1,46.400000000000006
2028-04-08,43,71532,592,Employed,Master,21,20178,96,Married,2,Rent,157,0.25739764951546235,3,0,0.20884658779578846,0,Home,0,22,23,575,1238,47390,4913,5961.0,0.8393899247957044,3,42477,0.259178,0.26018468217451823,501.46303390180356,0.11046184094980768,1,41.6
2028-04-09,18,15678,564,Employed,Master,0,17557,48,Divorced,3,Mortgage,572,0.15051289394198472,4,1,0.37041882762441025,0,Debt Consolidation,0,34,29,5991,620,11937,8422,1306.5,0.8961190255387177,3,3515,0.23055699999999998,0.20475536489087687,538.724260683192,0.8501525148742379,0,55.0
2028-04-10,28,148907,624,Employed,Master,7,16377,24,Single,3,Mortgage,391,0.46014884554630536,4,2,0.19445608437374684,0,Auto,0,15,25,1258,2568,73481,13532,12408.916666666666,0.880005367063987,3,59949,0.179377,0.17110995997323283,810.5896680055375,0.09683276149587629,1,35.2
2028-04-11,35,42932,516,Employed,High School,14,33422,60,Married,0,Own,631,0.3316503766948537,3,4,0.24430326524456492,0,Other,0,23,21,565,339,17389,41389,3577.6666666666665,0.9101408579901709,2,10819,0.280422,0.3025034107235561,1086.460101347815,0.48005034044940326,0,53.0
2028-04-12,40,26123,517,Employed,High School,19,26203,84,Married,4,Rent,543,0.56141038538219,4,0,0.4215902969605265,0,Debt Consolidation,0,34,2,360,1979,55144,12496,2176.9166666666665,0.8558694506491784,9,42648,0.29270300000000005,0.27560605722697634,706.7321905535797,0.5740836154592871,0,63.0
2028-04-13,25,34328,449,Unemployed,High School,4,18362,48,Married,1,Own,307,0.2884706264212905,3,2,0.2695176674879865,0,Debt Consolidation,0,34,13,5472,2740,11820,60467,2860.6666666666665,0.9010113445154062,6,1974,0.288862,0.2983287080020028,659.3583819915863,0.33780880284021897,0,56.0
2028-04-14,53,16932,542,Employed,Bachelor,26,124648,24,Married,3,Mortgage,293,0.25120024418080755,4,0,0.2460642725997977,0,Debt Consolidation,0,29,14,6339,540,25937,14172,1411.0,0.7188723937761443,6,11765,0.328648,0.3306955425354801,7167.880449449239,5.287654464528163,0,54.0
2028-04-15,67,144358,614,Employed,Bachelor,42,27642,36,Widowed,3,Own,591,0.15356608289816015,4,1,0.04682975174950175,0,Home,0,28,28,1478,749,22792,18059,12029.833333333334,0.8990542144104836,7,4733,0.205642,0.21700086443893835,1051.3765581682355,0.13652529612504208,1,35.2
2028-04-16,34,15000,613,Employed,High School,13,9380,24,Married,1,Other,624,0.6564385829022867,1,0,0.5057223735905418,0,Debt Consolidation,0,26,7,567,3470,45045,17836,1250.0,0.6161559266906161,6,27209,0.17787999999999998,0.14621605993049497,453.120229168606,0.8616961833348847,0,60.0
2028-04-17,42,89720,545,Employed,Bachelor,18,16630,36,Divorced,3,Rent,383,0.382316886628284,3,0,0.6158953156169629,0,Education,0,26,29,1526,9243,392494,12934,7476.666666666667,0.861633654845092,8,379560,0.22913,0.24324017070298012,655.2749026770349,0.13886868961351334,1,40.800000000000004
2028-04-18,59,41032,671,Employed,Associate,36,18513,48,Married,1,Mortgage,545,0.5940038596783861,6,1,0.2607230771986397,0,Debt Consolidation,0,25,20,1423,659,20856,574476,3419.3333333333335,0.6506534241157844,5,4177,0.178013,0.20230222059511588,565.6306177935745,0.3248091102925252,0,48.0
2028-04-19,37,44500,591,Employed,High School,13,58298,84,Single,5,Mortgage,496,0.013901803520899177,2,1,0.12109174197478481,0,Auto,0,26,22,7779,896,81851,44513,3708.3333333333335,0.8249812634270561,8,37338,0.287798,0.26507454420546683,1532.2674443233884,0.546948524311925,0,50.0
2028-04-20,46,45719,602,Employed,Associate,25,8828,36,Married,2,Rent,195,0.12225650812056248,2,2,0.21404206968517905,0,Education,0,19,19,3379,357,88773,62358,3809.9166666666665,0.7796990423905883,6,26415,0.192828,0.18754001932461634,322.50240719944065,0.13583037438249498,1,39.2
2028-04-21,41,38612,460,Employed,High School,18,57574,48,Married,1,Mortgage,507,0.10098839915509045,3,0,0.18328620733413709,0,Home,0,15,1,1754,1012,23480,39534,3217.6666666666665,0.8874230076658414,3,3739,0.32257399999999997,0.3111967907314492,2110.6699432346013,0.8135304910083709,0,54.0
2028-04-22,45,53214,579,Employed,High School,23,26891,48,Widowed,1,Other,267,0.4105672433050511,4,2,0.49943501642592725,0,Other,0,15,24,2227,957,30808,23404,4434.5,0.9837237518878487,3,7404,0.23239100000000001,0.2359849243819601,870.7377249448715,0.2565650524173799,0,57.0
2028-04-23,20,170024,595,Employed,Master,0,25315,72,Single,3,Rent,363,0.27048437007821163,1,1,0.13295870470517038,0,Auto,0,27,7,3009,3140,113587,6118,14168.666666666666,0.7754307156593154,7,107469,0.242815,0.20710823190444938,616.8414142427024,0.06915551316821407,1,36.0
2028-04-24,53,76158,654,Employed,Master,31,20222,36,Single,0,Mortgage,480,0.23630438154266806,4,1,0.11929228926957638,0,Other,0,28,10,5146,1162,24275,7022,6346.5,0.7523658392392517,2,17253,0.178222,0.15579232574804122,706.7518756494966,0.1869931262348533,1,35.2
2028-04-25,49,29954,607,Self-Employed,Associate,29,21534,24,Single,1,Mortgage,613,0.2545003861854346,4,1,0.22538274623271917,0,Home,0,23,11,5989,734,12168,27640,2496.1666666666665,0.8782924043277641,4,6840,0.19303399999999998,0.2129912600833862,1109.705024365914,0.6901402247576607,0,54.0
2028-04-26,58,32713,667,Employed,Bachelor,38,12726,108,Single,2,Rent,439,0.3043181826491186,1,2,0.432510643919477,0,Auto,0,19,1,2075,382,131144,63415,2726.0833333333335,0.7262692220552368,5,67729,0.22422599999999998,0.24416673805884473,292.1102380630162,0.26819071490710705,0,53.0
2028-04-27,28,50187,509,Employed,Associate,6,34226,24,Single,2,Rent,283,0.3302454989778141,2,1,0.16335254274723643,0,Education,0,26,15,3003,1168,128286,30778,4182.25,0.7162702434315613,4,97508,0.254726,0.23733404420904214,1805.0152609928468,0.4992564435394457,0,48.0
2028-04-28,58,92276,562,Employed,Doctorate,31,22320,24,Widowed,0,Mortgage,393,0.22964106032291853,2,1,0.37533560158992757,0,Education,0,22,25,4101,685,56042,56945,7689.666666666667,0.7204317328890918,4,8542,0.21631999999999998,0.22940387357048023,1168.3117115538125,0.2030402329819861,1,42.400000000000006
2028-04-29,20,23405,595,Employed,High School,0,11704,84,Single,2,Other,480,0.7215037766625898,2,0,0.26929990766897416,0,Debt Consolidation,0,24,4,2068,1554,20159,13812,1950.4166666666667,0.7488167842350492,4,6347,0.239204,0.23735710610343716,286.85295273306235,0.3931739129586305,0,59.0
2028-04-30,45,25388,594,Employed,High School,26,7461,48,Single,0,Own,302,0.3277286720941057,7,3,0.300765971720567,0,Debt Consolidation,0,32,6,1046,1098,72780,29256,2115.6666666666665,0.8435254043070931,4,43524,0.205461,0.22295563316477635,236.26566926371632,0.25441893930851567,0,58.0
2028-05-01,58,57198,505,Employed,Bachelor,36,12490,24,Married,2,Mortgage,149,0.08184563791517568,5,0,0.24121658891048714,0,Education,1,23,6,1979,433,92926,22104,4766.5,0.9253990199069978,8,70822,0.23498999999999998,0.23635146486105285,658.0877458755776,0.1693250279818688,0,57.0
2028-05-02,46,32559,643,Employed,Bachelor,25,13490,48,Married,0,Mortgage,828,0.3175066014764917,3,1,0.6059716182776874,0,Home,0,15,10,5964,617,229972,4817,2713.25,0.80496517465708,4,225155,0.18699000000000002,0.1816400181665879,397.4257485671273,0.45164498242592,0,52.0
2028-05-03,29,32442,609,Employed,Bachelor,6,33854,36,Married,5,Rent,969,0.5464221987749793,2,2,0.10512246743517667,0,Education,0,20,25,2969,420,25342,27710,2703.5,0.9196400436857957,5,1083,0.214354,0.24043294279802216,1328.9586796488384,0.8499939632509111,0,49.0
2028-05-04,42,92239,584,Employed,High School,22,45353,96,Married,5,Rent,144,0.17334249779608163,4,0,0.03811964403539395,0,Debt Consolidation,0,24,8,5232,1585,50519,175287,7686.583333333333,0.839098199136041,7,2888,0.288353,0.28280638864546925,1196.7299373485341,0.17442469289760743,0,49.0
2028-05-05,31,28148,614,Employed,Bachelor,10,23928,60,Single,2,Mortgage,282,0.3180783037499587,2,0,0.10924188209286757,0,Home,0,36,1,1156,2512,22175,12196,2345.6666666666665,0.5786632896124588,5,9979,0.22192800000000001,0.21738826041950535,657.3170463686835,0.4004477958087325,0,53.0
2028-05-06,50,23325,600,Employed,Master,25,12346,72,Married,2,Own,339,0.28608381879452227,2,1,0.11319225293432907,0,Other,0,19,29,799,1995,9060,28565,1943.75,0.8070579929530363,4,5225,0.227346,0.2146518261348007,306.3000109648055,0.3319871439047231,0,49.0
2028-05-07,47,45039,508,Self-Employed,Master,26,26882,36,Single,0,Mortgage,310,0.537407113392904,4,0,0.13198242399309723,0,Debt Consolidation,0,16,22,548,3740,23387,9662,3753.25,0.6818866819083552,4,13725,0.257882,0.26885388842429436,1095.8111947660443,0.3745583680186623,0,55.0
2028-05-08,43,60402,479,Employed,High School,20,18779,72,Single,4,Mortgage,820,0.10584887044943014,3,0,0.3242788999778482,0,Auto,0,21,24,1654,1278,74594,82555,5033.5,0.6615622324436368,7,1003,0.29427899999999996,0.2737201786937704,533.525382817168,0.26890342362514513,0,53.0
2028-05-09,49,66047,648,Employed,Bachelor,22,51674,48,Married,2,Mortgage,708,0.377338310879231,2,4,0.3394645578176804,0,Education,0,23,17,808,1753,64742,4961,5503.916666666667,0.5604721261981978,3,59781,0.222674,0.22322414267052956,1637.103378793765,0.42607901260504155,0,49.0
2028-05-10,42,15000,570,Employed,High School,21,11535,48,Married,1,Rent,244,0.23946457291869866,2,0,0.4605203852508499,0,Home,0,23,12,3627,3080,33958,24180,1250.0,0.7827091184084719,10,9778,0.221535,0.22103080243450632,364.06843355575705,0.4864547468446057,0,58.0
2028-05-11,35,29299,521,Unemployed,Bachelor,10,11097,48,Widowed,3,Other,438,0.2724574092514945,3,0,0.28863198274289775,0,Other,0,22,29,1167,1057,45214,12098,2441.5833333333335,0.7946272698794629,6,33116,0.245597,0.22913937085166744,355.1521311841989,0.3248515503672612,0,57.0
2028-05-12,49,30540,588,Employed,Associate,25,19047,72,Married,1,Rent,382,0.4474431097187567,1,3,0.44382883833916104,0,Home,0,24,18,5127,1245,59684,16889,2545.0,0.8417095507256748,5,42795,0.240047,0.23364295939093632,494.1223833595169,0.3442524099644467,0,58.0
2028-05-13,25,15000,580,Employed,High School,1,30303,60,Married,1,Other,340,0.21747056006001503,2,0,0.3727046134026612,0,Other,0,23,2,650,1555,170524,24444,1250.0,0.75005490097942,4,146080,0.245303,0.2508719935433203,890.9829647741943,0.9847863718193556,0,56.0
2028-05-14,44,105443,656,Employed,Doctorate,21,32390,48,Divorced,0,Rent,274,0.13936451468435604,1,1,0.3280875645114681,0,Home,1,21,10,2083,657,64154,59739,8786.916666666666,0.7671898660063994,4,4415,0.19939,0.1889397351296077,966.6535792582218,0.14119327931772296,1,41.6
2028-05-15,45,25720,622,Employed,Associate,19,23022,48,Widowed,2,Mortgage,286,0.053412492362398895,3,1,0.2791982332047958,0,Education,0,31,1,6509,345,35256,7227,2143.3333333333335,0.6844099063084693,6,28029,0.207022,0.23817976970604945,748.2446632183573,0.4825402783289381,0,54.0
2028-05-16,63,39336,628,Unemployed,High School,40,23892,60,Single,1,Own,621,0.41543965471068445,4,0,0.34600412125706065,0,Home,0,16,29,21788,11484,68117,27158,3278.0,0.9691851263559961,3,40959,0.21489200000000003,0.2224611023254242,663.2186020150833,0.39176894509307,0,56.0
2028-05-17,35,151013,542,Employed,Associate,13,12789,24,Single,2,Own,304,0.2425067381356608,6,0,0.25501361026489505,0,Debt Consolidation,0,15,8,1766,1126,8486,457628,6609.916666666667,0.9067092680665366,3,9897,0.21678899999999998,0.23293591623321758,671.6677926746738,0.1476066706854106,1,40.800000000000004
2028-05-18,18,29876,563,Employed,High School,0,18391,96,Divorced,4,Mortgage,311,0.059870579207383375,6,0,0.5764488210120587,0,Home,0,24,3,2723,1228,87001,7224,2489.6666666666665,0.8344560619008776,8,79777,0.271891,0.3074285352860586,516.7207783380397,0.33246248962566866,0,60.0
2028-05-19,50,59495,540,Employed,Bachelor,27,16369,84,Married,1,Rent,309,0.8869569935671021,4,1,0.1915286019812215,0,Home,0,25,20,5521,1626,139407,30512,4957.916666666667,0.8896940535980439,9,108895,0.27136899999999997,0.23738879506894356,401.2199822915684,0.14324968127571763,1,39.2
2028-05-20,28,36527,591,Self-Employed,Bachelor,4,23086,84,Married,0,Mortgage,316,0.33269311113674205,1,1,0.24002729141907964,0,Other,0,27,28,6668,1681,57848,14218,3043.9166666666665,0.919123656963347,4,43630,0.252586,0.24488267617703327,576.8123482971462,0.29331037806460303,0,56.0
2028-05-21,58,126963,492,Unemployed,Bachelor,36,18419,60,Married,2,Rent,267,0.18504681485456817,3,0,0.13521877143230934,0,Debt Consolidation,0,19,4,9293,543,14396,20283,10580.25,0.8621352822098278,10,5518,0.27741899999999997,0.3233452250856757,622.5967374159077,0.08408088064232014,0,53.0
2028-05-22,18,45275,571,Employed,High School,0,15420,60,Married,4,Own,242,0.4461861802503544,2,0,0.2577669171063793,0,Education,0,20,12,1426,217,207474,56121,3772.9166666666665,0.9501179194344788,2,151353,0.23492000000000002,0.27053756178533295,471.35031158198274,0.18907131394773702,0,50.0
2028-05-23,30,44740,569,Employed,Associate,7,26946,48,Married,0,Mortgage,459,0.21820331210279853,9,0,0.1417128472249564,0,Education,0,26,24,717,2142,651299,99772,3728.3333333333335,0.803075879268704,4,551527,0.23744600000000002,0.2308507644140083,864.9154482353057,0.35509578405953657,1,34.4
2028-05-24,53,69987,597,Self-Employed,Master,33,16027,24,Married,4,Other,296,0.2673823090195391,1,2,0.04392023265598424,0,Home,0,25,10,3787,1451,8965,60401,5832.25,0.8161641513605791,2,3973,0.19252699999999998,0.16123633040304614,785.6788647649405,0.1854651060508278,1,42.400000000000006
2028-05-25,21,24005,518,Employed,Master,0,22552,36,Single,2,Rent,365,0.1428303335453671,5,1,0.07938142434917174,0,Home,0,21,16,1402,292,97221,26047,2000.4166666666667,0.5006649414182838,7,71174,0.248552,0.20597639859897995,844.9962957383342,0.6048721328414917,0,49.0
2028-05-26,39,30620,539,Employed,Associate,16,13315,36,Divorced,1,Rent,152,0.24051411057119737,4,0,0.13673613933153228,0,Debt Consolidation,0,18,4,8398,760,231061,56756,2551.6666666666665,0.7724797160618799,8,174305,0.228815,0.21981439739288858,508.3780451815567,0.2588026303781411,0,50.0
2028-05-27,18,30522,551,Employed,High School,0,20645,72,Single,3,Other,463,0.3439392429216947,4,1,0.4128875044764348,0,Home,0,24,19,1616,670,25280,10471,2543.5,0.9833593297184813,4,14809,0.26014499999999996,0.2553194036785624,562.8756973977972,0.4033322969914674,0,57.0
2028-05-28,46,30541,570,Employed,Bachelor,23,12426,120,Married,0,Mortgage,881,0.6091003171137249,5,0,0.33378728810163666,0,Debt Consolidation,0,22,21,4023,713,161365,12358,2545.0833333333335,0.9180190700356483,10,149007,0.282426,0.2842239939036526,313.18625254544503,0.46921302611392357,0,53.0
2028-05-29,40,22755,564,Employed,High School,19,12066,60,Single,3,Own,422,0.11374937967272877,5,1,0.3838649299138702,0,Auto,0,21,2,932,445,40178,9703,1896.25,0.7766074784081038,7,30475,0.235066,0.23705513739734052,345.0548917458093,0.4045114788376054,0,59.0
2028-05-30,45,15385,585,Employed,Bachelor,22,21608,24,Single,1,Mortgage,521,0.09486087860000472,2,0,0.16226397545857266,0,Debt Consolidation,0,27,10,4813,997,176101,7100,1282.0833333333333,0.912665777887883,2,169001,0.20410799999999998,0.23186638122333947,1133.6856028103784,1.2906225046294795,0,47.0
2028-05-31,34,18838,595,Employed,Bachelor,9,21903,48,Married,1,Rent,232,0.22316547268423242,1,0,0.2092612369491635,0,Auto,1,23,20,1235,2600,12681,122056,1569.8333333333333,0.8007611278408444,5,10574,0.21940300000000001,0.1914450153583645,656.5736007291578,0.5660305344914478,0,60.0
2028-06-01,40,21260,553,Employed,Bachelor,15,31075,36,Married,1,Other,523,0.39568938752498783,3,2,0.13321986508876724,0,Home,1,28,17,3289,238,75300,6179,1771.6666666666667,0.9414835600566512,4,69121,0.23957499999999998,0.2334688377621746,1208.5300780052362,0.9773452933237456,0,56.0
2028-06-02,36,126481,613,Employed,Doctorate,12,52039,72,Divorced,0,Mortgage,562,0.5648921759880811,2,2,0.15504008347519688,0,Auto,0,25,3,1822,2787,296489,8697,10540.083333333334,0.6982794587732498,7,287792,0.26053899999999997,0.26795692617857636,1459.6643729232762,0.19180724753187683,1,34.4
2028-06-03,40,47623,506,Employed,Associate,16,67493,36,Married,2,Mortgage,296,0.1846406152222486,3,3,0.09297372754891046,0,Debt Consolidation,1,32,2,2407,1611,61898,26749,3968.5833333333335,0.8525624070015129,5,35149,0.299493,0.3039528000226842,2879.8162207098744,0.8002392677596643,0,60.0
2028-06-04,29,15000,584,Employed,High School,7,14535,36,Single,0,Mortgage,194,0.2707345721736664,6,0,0.41877695946483706,1,Home,0,23,1,12385,634,58403,77056,1250.0,0.9420362695753891,10,3958,0.207535,0.21819845027853174,553.7444962530589,0.5981955970024471,0,74.0
2028-06-05,35,169679,585,Employed,Associate,17,38463,36,Single,0,Mortgage,376,0.30732665852333835,5,0,0.39415467596880116,0,Auto,0,29,27,2350,1362,86014,15342,14139.916666666666,0.9010646831273494,0,70672,0.230963,0.2064533083758944,1442.1014221229166,0.12857935905724927,1,40.0
2028-06-06,32,15000,518,Employed,Bachelor,8,13106,60,Single,0,Own,706,0.2853039491168856,1,1,0.10115847558927979,0,Home,0,23,19,6862,576,37388,6513,1250.0,0.7852526071073345,5,30875,0.259106,0.3102394538838259,432.3034418547671,0.9106427534838136,0,52.0
2028-06-07,18,224462,561,Employed,Bachelor,0,21135,72,Married,2,Mortgage,376,0.473280910766236,3,1,0.21625055332689164,0,Education,0,28,19,18312,660,18972,45762,18705.166666666668,0.6739680881066903,5,4577,0.255635,0.20450800000000002,511.7808703040473,0.047461799519065886,1,40.800000000000004
2028-06-08,48,113000,562,Self-Employed,Bachelor,24,33498,36,Single,1,Mortgage,362,0.393361791144046,3,2,0.06909876393630436,0,Debt Consolidation,1,31,20,9601,1589,27296,67677,9416.666666666666,0.7839385883113746,6,8138,0.237498,0.2282861013090929,1293.707813333966,0.17582737840714685,1,46.400000000000006
2028-06-09,25,107672,579,Employed,High School,4,36331,24,Married,2,Rent,356,0.0891337139935123,1,1,0.33010044065220334,0,Home,0,26,22,2934,712,189012,36160,8972.666666666666,0.8326527877769491,1,152852,0.221831,0.25287089829518034,1944.2778704846028,0.25636502011493456,0,48.0
2028-06-10,33,70935,563,Employed,Associate,7,50745,24,Married,0,Own,224,0.20591927860380957,1,1,0.08464365573316998,0,Home,0,21,29,20997,1304,26867,32254,5911.25,0.7994275362919836,2,2262,0.24424499999999996,0.25482449711813476,2720.636745462837,0.49814112843524416,0,50.0
2028-06-11,38,32468,512,Employed,Bachelor,14,32982,60,Single,0,Mortgage,249,0.4462143762784019,1,4,0.34478641671713295,0,Auto,0,22,17,14241,282,33139,16022,2705.6666666666665,0.9336645188799931,5,17117,0.281982,0.2851731527351133,1037.2393940178124,0.4753872344528074,0,56.0
2028-06-12,57,47657,543,Employed,High School,34,9635,48,Single,0,Own,273,0.3531450488570083,3,0,0.6368946829545353,0,Home,0,24,20,4484,886,62946,25026,3971.4166666666665,0.8979371603096252,2,37920,0.233135,0.186508,286.31522597724546,0.14083519129880073,1,47.2
2028-06-13,42,97305,595,Employed,Bachelor,19,29213,48,Divorced,1,Rent,372,0.4598838004298135,4,0,0.47222058499511893,0,Home,0,28,8,6099,457,34149,22605,8108.75,0.8907492259217528,3,11544,0.226713,0.1840004416633985,864.2506207909615,0.1524588402393663,1,45.6
2028-06-14,64,43396,620,Employed,Associate,44,13662,12,Single,5,Mortgage,542,0.28799135555511796,3,1,0.08575511432623037,0,Auto,0,23,5,4156,643,12872,49955,3616.3333333333335,0.6569143454056179,5,5943,0.16866200000000003,0.14113534250976165,1227.4015437319815,0.4892805448609037,0,50.0
2028-06-15,49,123833,620,Employed,Associate,27,37354,36,Single,2,Rent,156,0.31111156976408666,4,0,0.1688141218487291,0,Auto,0,26,7,2680,453,196466,5755,10319.416666666666,0.9268396711318374,5,190711,0.21235400000000001,0.2088057545687273,1405.0250655726384,0.15127066926321467,1,33.6
2028-06-16,30,49242,495,Employed,Bachelor,10,10035,72,Single,2,Rent,893,0.5790757387655969,2,0,0.42049278671166984,0,Auto,1,23,3,1535,536,19130,12001,4103.5,0.9120391863276994,4,7129,0.277535,0.222028,253.35008372853517,0.2793591041132046,0,67.0
2028-06-17,33,62408,599,Employed,Associate,11,26108,72,Single,3,Rent,448,0.6636974969841649,6,1,0.3049658084745119,0,Home,0,34,25,4313,546,71737,2782,5200.666666666667,0.9684853242689734,8,68955,0.241608,0.24383832666650807,693.4369508550403,0.21947896760448152,0,54.0
2028-06-18,64,46245,598,Employed,High School,41,30555,96,Divorced,1,Own,708,0.3759277492608826,2,2,0.15019284174865402,0,Education,0,21,10,3585,379,288765,31648,3853.75,0.6010858284635541,7,257117,0.266555,0.213244,665.6851664340476,0.356454146333843,0,45.0
2028-06-19,36,42031,506,Employed,Bachelor,13,30044,60,Married,4,Mortgage,401,0.19760151625296052,3,2,0.06992097881161581,0,Education,0,19,20,3735,1773,121881,5180,3502.5833333333335,0.9339227095426252,1,116701,0.28204399999999996,0.29013875833180763,953.9065609829926,0.3868306424257313,0,46.0
2028-06-20,49,28671,555,Employed,Associate,27,10104,60,Divorced,0,Mortgage,599,0.4523949692964671,4,1,0.08678309524364779,1,Education,0,31,5,5044,822,846536,25084,2389.25,0.6708518802122233,3,821452,0.23760399999999998,0.22925869260109447,284.40634533497536,0.36974211377418664,1,47.2
2028-06-21,31,44797,534,Employed,High School,8,38664,48,Single,4,Mortgage,551,0.24776853065106172,4,1,0.08605260496950148,0,Home,0,31,21,2250,1483,157230,8015,3733.0833333333335,0.7175015838086557,9,149215,0.266664,0.2805126733270912,1348.6578539782276,0.508871001355866,0,47.0
2028-06-22,35,30153,563,Unemployed,Master,12,25818,60,Married,0,Rent,577,0.24532666873516062,5,1,0.3018133562105156,0,Education,0,24,5,312,1513,1353870,16869,2512.75,0.756630256342765,5,1337001,0.24931799999999998,0.23117596956420572,729.567009774544,0.5199749317578526,1,41.6
2028-06-23,19,47988,563,Unemployed,High School,0,74894,48,Married,0,Own,244,0.023777271619533337,4,0,0.06891897591800653,0,Home,0,22,13,2853,999,52577,22015,3999.0,0.945868785916613,6,30562,0.288394,0.2907508770944538,2656.4940014729796,0.7253048265748886,0,53.0
2028-06-24,21,51064,515,Employed,High School,1,18304,60,Single,0,Rent,374,0.058552722848144854,3,3,0.17832674267902665,0,Debt Consolidation,0,22,15,1224,728,75721,1047,4255.333333333333,0.8382431993154315,5,74674,0.265804,0.2502027204267198,537.4641837570441,0.21419336920500803,0,47.0
2028-06-25,25,40626,525,Employed,Bachelor,2,38758,48,Married,2,Mortgage,810,0.6703339911538514,0,1,0.316935811405903,0,Education,0,20,14,369,209,9668,32948,3385.5,0.4661969600977161,4,2594,0.271258,0.23329626756949892,1249.260999292161,0.6082590457220974,0,57.0
2028-06-26,42,47717,566,Unemployed,Bachelor,15,41323,60,Married,0,Rent,325,0.21079347187093675,5,0,0.08785119090358318,0,Debt Consolidation,0,23,24,4281,96,7749,149655,3976.4166666666665,0.9171756975900758,7,10852,0.263323,0.23733104668385785,1182.3856839252005,0.37908142186437555,0,54.0
2028-06-27,49,129434,566,Employed,Bachelor,24,27293,60,Married,0,Own,302,0.04959612394554646,3,0,0.326920671896372,0,Auto,0,22,15,4219,425,83334,5023,10786.166666666666,0.9100585939493826,6,78311,0.249293,0.2712071711208706,835.37103716305,0.10544719660951991,1,39.2
2028-06-28,32,16574,501,Employed,High School,8,20393,60,Divorced,0,Mortgage,292,0.034594938232392985,3,1,0.3661169045797136,0,Education,0,25,29,2628,4441,154172,31996,1381.1666666666667,0.923054257161993,0,122176,0.274893,0.3043590047534484,665.2533822657415,0.6930759374435198,0,51.0
2028-06-29,29,15000,562,Employed,Master,5,12994,24,Single,3,Mortgage,278,0.23563178174013727,3,2,0.30952047976019353,1,Debt Consolidation,0,18,29,12032,1730,27383,10045,1250.0,0.8223200252410249,4,17338,0.20699399999999998,0.19805417029056444,660.1055400846876,0.7504844320677501,0,68.0
2028-06-30,40,44507,618,Employed,Associate,19,24323,72,Married,0,Rent,475,0.4450345379815886,5,2,0.43373446608245264,0,Other,1,26,16,1957,3646,59897,17658,3708.9166666666665,0.8062742668942906,4,42239,0.23032300000000003,0.25073098119139975,656.2843781461349,0.3050174700104168,0,61.0
2028-07-01,44,30336,505,Employed,High School,21,11166,60,Married,1,Own,383,0.3039779615760026,3,1,0.5827113986213052,0,Home,0,25,27,1637,2080,21439,18189,2528.0,0.6500753280331947,2,3250,0.263666,0.2787141278335728,346.79688780769555,0.2886854777720315,0,59.0
2028-07-02,48,98274,646,Employed,High School,27,19824,60,Married,1,Mortgage,493,0.1582970430743538,1,1,0.22316436362767872,0,Home,0,31,15,17591,2007,26192,42953,8189.5,0.9286907939339886,3,1720,0.201824,0.20171071885929318,527.1035195331149,0.12456236882997923,1,37.6
2028-07-03,18,33381,545,Employed,Master,0,25037,72,Divorced,0,Mortgage,1496,0.2248698371329221,2,1,0.5185046202837335,0,Debt Consolidation,0,12,29,602,656,93537,3361,2781.75,0.9260487442818769,6,90176,0.267537,0.25661152004490057,684.6190018142127,0.7839018609918981,0,57.0
2028-07-04,36,199935,576,Employed,Bachelor,13,12971,48,Married,1,Other,336,0.3085968522534819,1,1,0.11511015714158088,0,Debt Consolidation,0,21,3,544,2221,18873,50507,16661.25,0.7418527605420447,5,10204,0.21997100000000003,0.22334242312577374,411.0226607759523,0.044835931324237514,1,40.800000000000004
2028-07-05,37,17445,498,Self-Employed,High School,13,21145,36,Married,1,Rent,479,0.3524948829121822,4,0,0.23032803145828307,0,Education,0,32,24,19637,213,71537,36576,1453.75,0.5396075781303444,3,34961,0.25714499999999996,0.27432433204761913,868.1621687031176,0.9266807695292295,0,57.0
2028-07-06,47,65596,574,Employed,Master,26,28624,24,Widowed,5,Own,351,0.24449564455724163,4,1,0.22938688798608664,0,Auto,0,17,2,4139,1051,25934,6522,5466.333333333333,0.9266286499140322,2,19412,0.216624,0.20335451423338133,1461.536474234424,0.331581768565356,0,56.0
2028-07-07,30,48353,500,Employed,Bachelor,5,14783,36,Single,3,Own,198,0.214790628417315,2,0,0.21807078591779142,0,Home,0,22,7,1115,1673,183450,37400,4029.4166666666665,0.7169241192427417,10,146050,0.24978299999999998,0.2121995570164119,558.6214131865958,0.1877744288511395,1,40.0
2028-07-08,40,24435,503,Employed,High School,16,20453,36,Married,1,Mortgage,423,0.32541813599859465,2,3,0.3461449356583956,0,Auto,0,25,9,15594,2485,63681,19554,2036.25,0.5679514235557448,3,44127,0.253953,0.230985393880332,792.7807647490608,0.5970685155305394,0,57.0
2028-07-09,40,24204,642,Employed,Master,16,15556,36,Married,2,Rent,223,0.19124671770509327,7,4,0.1477531602357426,0,Auto,0,19,12,2060,2752,46454,97943,2017.0,0.6914619045641082,10,5133,0.17955600000000002,0.17566594752658465,559.0103045823076,0.38770962051676133,0,48.0
2028-07-10,19,74269,416,Employed,High School,0,11921,24,Divorced,0,Rent,664,0.2540855303737214,3,0,0.23080631410042285,0,Home,0,25,17,239,3043,14032,92194,6189.083333333333,0.7971218642986306,5,3653,0.27892100000000003,0.28896008064714945,659.7810674071641,0.2138896822211955,0,52.0
2028-07-11,26,54470,623,Employed,Master,2,25087,48,Single,1,Rent,533,0.24194886504764274,3,1,0.23610280721062057,0,Debt Consolidation,0,28,7,11638,2111,20392,36228,4539.166666666667,0.702937986673453,8,5875,0.20858700000000002,0.20044051551387182,763.9954266688559,0.2857342595929185,0,50.0
2028-07-12,49,67280,652,Self-Employed,Master,27,18560,48,Married,0,Other,324,0.16206005525469688,5,3,0.45120434566954487,0,Auto,1,27,2,6494,6447,53672,39255,5606.666666666667,0.9269119663601861,5,14417,0.18756,0.1943981437497808,559.2628741078634,0.15753796803350714,0,62.0
2028-07-13,47,106027,504,Employed,High School,25,34457,72,Single,1,Rent,1249,0.4537255331105294,3,0,0.1857440697512192,0,Debt Consolidation,0,30,22,4676,921,137640,77975,8835.583333333334,0.8930895959678492,6,59665,0.29745699999999997,0.33238148098467757,1109.5833973166814,0.2669414466862231,0,48.0
2028-07-14,37,72718,542,Employed,Master,14,37129,12,Married,3,Own,363,0.19080236384211777,5,1,0.3380549470407642,0,Education,1,31,17,907,278,141546,42568,6059.833333333333,0.880889997144981,11,98978,0.231129,0.2089129678836465,3455.2845529328292,0.6300972886382182,0,57.0
2028-07-15,18,109690,504,Employed,High School,0,33478,72,Single,0,Other,215,0.5233712593970556,4,0,0.27688121734355065,0,Home,0,25,26,15432,507,27135,32121,9140.833333333334,0.7678194252227961,3,2028,0.296478,0.30403468888646895,1015.8815305321576,0.13465747439498488,0,52.0
2028-07-16,37,77008,490,Employed,High School,12,10131,84,Divorced,3,Rent,1248,0.1438320455886702,4,0,0.5610177472005522,0,Debt Consolidation,0,22,18,1312,463,143515,16994,6417.333333333333,0.6936579038250792,9,126521,0.29013100000000003,0.28807769112822484,281.59824998086424,0.23835418397790323,0,53.0
2028-07-17,48,47410,591,Employed,High School,22,22247,48,Married,0,Mortgage,567,0.1815977958454003,5,2,0.10200860636408339,1,Home,0,16,2,898,509,66764,20475,3950.8333333333335,0.784496520620261,4,46289,0.221747,0.25315038213945745,741.5610480354317,0.331211402160413,0,66.0
2028-07-18,35,85122,567,Employed,Associate,8,18011,36,Married,1,Mortgage,517,0.33068907858112595,1,1,0.49318376483022464,1,Education,0,18,12,898,764,19237,9001,7093.5,0.8471917110356555,5,10236,0.21951099999999998,0.259482661822602,725.1781018910951,0.17511497876804047,0,67.0
2028-07-19,53,132812,609,Employed,Bachelor,26,11930,36,Married,2,Own,211,0.22277788068929358,4,0,0.34339089040491827,1,Home,0,24,19,5011,538,20043,12954,11067.666666666666,0.8115049640232406,5,7089,0.19243,0.18047066058496353,431.5798060471983,0.05805919399275954,1,48.800000000000004
2028-07-20,48,108547,567,Employed,Bachelor,23,51297,96,Married,1,Mortgage,629,0.37338311990288714,1,2,0.1957288462762328,0,Education,0,23,24,2487,5023,99729,98317,9045.583333333334,0.9124188920341447,4,1412,0.302797,0.3207353172982622,1489.4518809812662,0.23419737599173807,0,49.0
2028-07-21,30,50954,468,Employed,Bachelor,3,39710,72,Married,2,Mortgage,644,0.1363895407922594,2,2,0.22208538809844316,1,Home,0,27,3,1344,1600,22487,24276,4246.166666666667,0.8795407825469357,2,10167,0.32071,0.3417637450204417,1303.5427600975884,0.45865904779155825,0,66.0
2028-07-22,50,86368,508,Employed,Bachelor,29,32543,24,Single,1,Own,595,0.23738182438695626,4,1,0.5272585891959441,0,Home,0,27,20,374,2444,20902,53869,7197.333333333333,0.9713328707059758,5,4503,0.253543,0.2859319105257768,1796.0880767736614,0.33221861014824866,0,57.0
2028-07-23,36,147656,524,Employed,High School,12,11990,36,Single,0,Other,221,0.20773923559717739,4,0,0.24891794148168087,0,Debt Consolidation,0,30,14,16352,316,28260,29156,7377.916666666667,0.9573558662761247,2,1102,0.23499,0.2698053496193356,489.3691292210619,0.09628315977469637,0,50.0
2028-07-24,38,27332,556,Employed,High School,16,34256,24,Single,2,Own,542,0.18399690747652359,0,1,0.29843099714370686,0,Home,1,30,2,1119,1251,79518,5496,2277.6666666666665,0.7004876321891236,6,74022,0.231256,0.24959249860432922,1827.5944817945744,1.040360521788925,0,61.0
2028-07-25,40,55555,505,Employed,Bachelor,18,28861,36,Married,3,Rent,386,0.5864807572838848,1,2,0.402606186522912,0,Home,0,25,28,1257,2945,23244,26675,4629.583333333333,0.8151868811879182,5,1525,0.26136099999999995,0.2827941246854358,1198.1554084492836,0.3421809900349456,0,57.0
2028-07-26,37,105550,569,Employed,Associate,16,26444,84,Divorced,1,Mortgage,300,0.31417314825413245,1,0,0.41032967254188163,0,Education,0,20,11,4773,1068,45818,48151,8795.833333333334,0.7367380793306564,7,8193,0.266944,0.2741355489960458,710.6799758977571,0.11490440275483738,0,55.0
2028-07-27,48,15000,525,Unemployed,Associate,26,23013,72,Widowed,1,Rent,715,0.2456606145646337,3,2,0.27845364463420297,1,Other,0,23,22,1059,2879,30215,28278,1250.0,0.8544325859367375,6,1937,0.275513,0.24908980885731233,618.6205746898205,1.0668964597518562,0,69.0
2028-07-28,37,141959,618,Self-Employed,Doctorate,13,43138,72,Married,0,Other,107,0.141931215267041,3,1,0.282580868561837,0,Auto,0,21,28,5140,580,80529,2953,11829.916666666666,0.8792131574677863,6,77576,0.24913800000000003,0.26855705797424567,1211.6152083244237,0.11146445452484932,1,37.6
2028-07-29,45,178317,609,Employed,High School,22,15781,96,Married,0,Mortgage,646,0.4602273766523325,1,2,0.644762869661305,0,Debt Consolidation,0,18,24,4054,2208,146094,16216,14859.75,0.7197972353198746,0,129878,0.24628099999999997,0.22214112117223794,352.77356105336594,0.06721334888227365,1,40.0
2028-07-30,42,36165,513,Employed,High School,19,30370,24,Married,1,Mortgage,293,0.18938900401996756,3,2,0.14634244044768357,0,Debt Consolidation,0,27,13,2702,184,59861,200372,3013.75,0.8134526665017164,5,4284,0.24887,0.227260204785607,1586.4492854088408,0.6236248147354096,0,50.0
2028-07-31,31,25623,583,Employed,High School,3,14190,60,Single,2,Mortgage,444,0.36785128504854553,2,2,0.1217355761785777,0,Debt Consolidation,0,15,14,2011,1067,65757,40643,2135.25,0.8913801858571422,5,25114,0.22769,0.21982741062032943,391.77312987184786,0.3914169909246448,0,52.0
2028-08-01,18,90163,586,Employed,Associate,0,17817,36,Divorced,2,Own,521,0.36145515627434743,3,3,0.26520844029625346,0,Debt Consolidation,0,29,4,2877,1977,325035,40342,7513.583333333333,0.7221225899504387,3,284693,0.209817,0.2189854042366895,679.5044795355283,0.15977788842902677,1,38.400000000000006
2028-08-02,25,78473,539,Employed,High School,1,17194,84,Married,0,Mortgage,527,0.23676917911452844,5,2,0.39205478680571165,0,Other,0,27,21,15922,2026,116428,12249,6539.416666666667,0.9693142811012511,4,104179,0.272694,0.28330387848463473,472.47385763875525,0.15283838124788224,0,50.0
2028-08-03,23,18474,471,Employed,Associate,0,23159,72,Married,2,Mortgage,161,0.5574748888911129,0,0,0.0951411831776138,0,Education,0,34,29,3136,1026,101517,9456,1539.5,0.9082602331830247,6,92061,0.302659,0.26686155079187607,648.0118743062801,0.5255030037715362,0,51.0
2028-08-04,43,64480,504,Employed,High School,22,16925,84,Single,2,Rent,190,0.18084095890788662,2,2,0.1985986239257543,0,Education,0,16,9,3681,11166,14847,13881,5373.333333333333,0.9626243292032771,8,5317,0.289925,0.30753542137193274,492.54208584249284,0.12702396138507932,0,50.0
2028-08-05,52,27280,565,Employed,High School,25,26484,60,Married,1,Mortgage,448,0.4907674429391598,2,2,0.1705843048229064,0,Other,0,17,2,633,10190,119579,9181,2273.3333333333335,0.8911690859847383,8,110398,0.24898399999999998,0.2775333454547683,820.6644866840418,0.5580635571923938,0,53.0
2028-08-06,27,219934,603,Employed,Master,5,21881,48,Single,5,Rent,685,0.1873267760218158,3,2,0.5098309383514127,0,Auto,1,23,12,1601,961,38272,10176,18327.833333333332,0.8719622374281877,6,28096,0.21538100000000002,0.25832485627723417,735.7077089904308,0.07751640268391959,1,46.400000000000006
2028-08-07,68,20897,493,Employed,High School,47,26152,48,Single,3,Mortgage,647,0.5337480939995382,5,2,0.387218215605782,0,Auto,0,18,25,4128,995,220718,27073,1741.4166666666667,0.7901840157617439,4,193645,0.274652,0.2631846424078576,886.4670859527552,0.8805859707820768,0,53.0
2028-08-08,41,251796,577,Employed,Master,18,16241,72,Married,0,Rent,590,0.09463656399395894,5,1,0.10996777368857617,0,Home,0,31,18,857,269,69288,74617,20983.0,0.821961136134771,6,6490,0.242741,0.2085447127858167,397.1037061257891,0.047043020832378074,1,37.6
2028-08-09,42,27050,580,Employed,Associate,19,14281,36,Single,0,Own,245,0.3401869294139362,2,2,0.0770508927821126,0,Education,0,15,21,863,562,20897,39748,2254.1666666666665,0.6955123347051739,7,7973,0.209281,0.24359303423405773,562.9820793984384,0.35843936978858637,0,52.0
2028-08-10,34,31036,598,Employed,Associate,10,35781,60,Married,2,Mortgage,271,0.618278845402935,3,2,0.3601389674186356,0,Debt Consolidation,0,20,2,1180,3926,17908,44806,2586.3333333333335,0.8155127155458783,5,5560,0.24178100000000002,0.24881072689181546,1047.7264145417917,0.5098826193614351,0,61.0
2028-08-11,39,79870,561,Employed,High School,16,13164,48,Single,1,Rent,560,0.12459254667272655,4,1,0.09147685341440648,0,Debt Consolidation,0,23,9,801,2868,43880,70027,6655.833333333333,0.7717340602358955,9,1320,0.227664,0.23266668403400095,423.8512066307853,0.1478178850578368,0,50.0
2028-08-12,38,64356,545,Employed,High School,16,49687,48,Married,4,Mortgage,277,0.3875600743623196,1,1,0.209099129481193,0,Auto,0,17,20,3356,395,31629,37170,5363.0,0.8219299143640197,10,9452,0.272187,0.2676719703706603,1696.8288975806167,0.3680456642887594,0,52.0
2028-08-13,46,42716,556,Employed,High School,25,63861,36,Single,2,Other,210,0.21426386893480978,6,1,0.35762138122032167,0,Auto,0,30,10,62702,496,111818,36075,3559.6666666666665,0.8944707480321682,10,75743,0.270861,0.2770092769486654,2631.2124605060526,0.7981681226255416,0,53.0
2028-08-14,41,48508,560,Employed,High School,20,36750,36,Married,1,Rent,1181,0.5139086189365533,0,1,0.34827003448338384,0,Home,0,19,5,3172,4377,19107,3655,4042.3333333333335,0.7960828690608824,5,15452,0.24175,0.2583199613373517,1477.393322046623,0.6576383249063964,0,58.0
2028-08-15,34,103678,612,Employed,Associate,11,9148,12,Married,3,Other,415,0.4058850170533451,2,1,0.27506428376942105,0,Education,0,20,19,2124,6837,16197,48089,8639.833333333334,0.9307914475240231,6,5755,0.168148,0.14654601453544655,824.1928066532635,0.14342786010377476,1,39.2
2028-08-16,18,72114,580,Employed,Bachelor,0,23523,60,Married,4,Rent,606,0.18382894845582043,2,0,0.3506538523373379,0,Education,0,24,29,2538,87,337694,34701,6009.5,0.6062710235161535,4,302993,0.23852299999999999,0.2707882608937083,719.3911700335799,0.22054932524063228,0,47.0
2028-08-17,39,50342,527,Employed,Associate,17,25018,84,Divorced,3,Own,429,0.44025438904960223,4,0,0.7375100956541675,0,Home,0,33,28,2528,1731,131013,17965,4195.166666666667,0.6535978235088434,4,113048,0.286518,0.24422775112815795,624.0428068830057,0.2510133423899739,1,44.0
2028-08-18,36,73294,569,Employed,Master,16,30987,24,Married,3,Mortgage,418,0.13546510692645058,1,1,0.15737342673916915,0,Home,0,19,4,14096,228,31898,25545,6107.833333333333,0.7404707299189066,7,6353,0.22148700000000002,0.22228074409466042,1611.0405685805179,0.33220300192329816,0,52.0
2028-08-19,23,45744,571,Employed,Bachelor,0,21509,48,Divorced,2,Mortgage,337,0.3494009256487205,1,0,0.20094417740683837,0,Auto,0,20,3,888,1279,40001,100097,3812.0,0.8552707995532945,8,1114,0.23100900000000002,0.26712644295476395,733.8757369609683,0.28092228146929915,0,56.0
2028-08-20,43,28643,604,Employed,Associate,22,23864,72,Single,1,Rent,690,0.35498165683630334,2,2,0.40453843900302794,0,Debt Consolidation,0,22,18,2220,478,46349,40065,2386.9166666666665,0.5944942616088664,8,6284,0.236864,0.1894912,557.1671670857103,0.5225013443085056,0,55.0
2028-08-21,47,28028,614,Employed,Associate,26,29758,36,Married,2,Mortgage,872,0.2808144727917541,4,1,0.11934301786922455,0,Other,0,23,22,9847,1553,58403,34880,2335.6666666666665,0.8515579514431484,4,23523,0.207758,0.19117373801121273,1092.5766048098267,0.8411202817795748,0,49.0
2028-08-22,37,75619,593,Employed,High School,13,29781,48,Single,3,Own,471,0.24458518788581637,5,2,0.4446176831956728,0,Home,0,16,17,3740,1445,178304,18571,6301.583333333333,0.9005281097657806,5,159733,0.228281,0.26739918578141875,1016.5718424896224,0.23606318663134226,0,52.0
2028-08-23,30,60955,547,Employed,High School,8,34994,96,Married,3,Mortgage,204,0.3545391748286208,6,2,0.4767964649598344,0,Home,0,32,13,2090,3748,33801,25489,5079.583333333333,0.8606042559733718,6,8312,0.296494,0.28051761690398025,917.8963918151758,0.22086386189454696,0,56.0
2028-08-24,38,29163,638,Unemployed,Associate,15,17401,48,Married,2,Mortgage,303,0.44606622570489696,1,2,0.10734702853089395,0,Auto,1,29,14,2276,1244,76049,17263,2430.25,0.9537772705914065,6,58786,0.19340100000000002,0.18142786739243996,512.4536125480488,0.33554309743773225,0,57.0
2028-08-25,43,73180,521,Self-Employed,High School,23,19259,72,Divorced,0,Mortgage,509,0.37549951470966086,2,1,0.5091987224881915,0,Education,0,18,7,5321,552,73252,20195,6098.333333333333,0.860381504907238,9,53057,0.273759,0.2745740265366902,548.1968728726215,0.17335832842950885,0,60.0
2028-08-26,18,33456,551,Employed,Associate,0,22937,48,Married,0,Mortgage,239,0.35983191340787024,5,1,0.28413719009386296,0,Debt Consolidation,0,16,20,7103,1631,31718,11700,2788.0,0.8558147438465832,7,20018,0.24243699999999999,0.2448807784642123,753.9907635032454,0.3561659840399015,0,53.0
2028-08-27,32,18287,572,Self-Employed,High School,9,19268,60,Single,0,Other,376,0.10543079668861428,2,1,0.47961702989725097,1,Home,0,18,8,3716,621,209164,8743,1523.9166666666667,0.9230330142526132,6,200421,0.23826800000000004,0.24806327578218543,563.3556415559069,0.6164087985274174,0,69.0
2028-08-28,35,17005,535,Employed,High School,13,22867,24,Single,1,Rent,557,0.20935180172114748,4,3,0.23629736783446306,0,Debt Consolidation,0,28,9,3396,2760,272118,24374,1417.0833333333333,0.9022860827119726,3,247744,0.230367,0.2541806062091683,1225.248289223836,1.2576877077733628,0,51.0
2028-08-29,25,15000,590,Employed,Master,3,18693,24,Divorced,1,Rent,319,0.3064631706956159,2,1,0.7265349128801656,0,Home,0,24,10,2357,460,170260,4903,1250.0,0.8875594582323342,4,165357,0.19869299999999998,0.22724331941470036,976.4577304096649,1.0363661843277319,0,56.0
2028-08-30,48,96690,534,Employed,High School,24,23333,36,Married,1,Mortgage,412,0.43469234295748355,2,0,0.46269806309870465,0,Home,0,23,5,5419,1948,26759,14237,8057.5,0.9400014588028943,3,12522,0.241333,0.23549963338425814,909.9157814017753,0.16406028934555078,1,46.400000000000006
2028-08-31,40,271161,602,Unemployed,Master,14,9577,48,Married,3,Rent,462,0.31092663260144526,2,1,0.4099199356326664,0,Other,0,23,9,2338,1778,29745,23491,22596.75,0.9443845047748403,6,6254,0.203577,0.21841355264318993,300.909469234045,0.0337619113029106,1,44.0
2028-09-01,56,46470,617,Employed,High School,33,11196,24,Married,5,Rent,375,0.14774019949464068,3,0,0.16645770850705355,0,Auto,1,23,24,943,1315,197302,11566,3872.5,0.9397383985349539,5,185736,0.17769600000000002,0.17413462508246977,555.7824373347006,0.2403569883369143,0,49.0
2028-09-02,55,125655,624,Employed,High School,31,12204,48,Single,3,Mortgage,1102,0.47706104400039034,4,0,0.17932931596596535,0,Home,0,21,23,2872,1712,84275,10103,10471.25,0.7265481234019112,3,74172,0.19520400000000002,0.15616320000000003,343.4713695242828,0.13804191185620465,1,35.2
2028-09-03,39,35956,576,Employed,Bachelor,21,12898,60,Married,5,Mortgage,210,0.0921994667172298,5,0,0.19509533447485577,0,Other,0,18,2,5930,144,59572,11320,2996.3333333333335,0.5023983710019415,4,48252,0.229898,0.22387598097071487,359.07694325030985,0.1899244442931282,0,54.0
2028-09-04,18,68998,579,Employed,High School,0,19441,24,Married,0,Rent,334,0.07183645442659385,1,1,0.5134713115115705,0,Education,0,23,4,2737,3537,395537,49437,5749.833333333333,0.6193951566166146,10,346100,0.204941,0.200668021292273,990.099853259545,0.23028491027442158,1,43.2
2028-09-05,46,37848,555,Employed,Bachelor,24,24872,72,Married,5,Rent,363,0.33359530054370945,0,1,0.18260293541323583,1,Debt Consolidation,0,26,11,619,527,53476,7959,3154.0,0.6711850915380458,7,45517,0.262372,0.23824503021191185,652.1537108224765,0.32186230527028425,0,63.0
2028-09-06,28,43600,544,Employed,High School,0,12033,60,Married,2,Mortgage,416,0.36192604128999867,1,0,0.11550842325965904,0,Debt Consolidation,0,22,19,1242,2924,96275,11612,3633.3333333333335,0.9123211410905169,7,84663,0.245033,0.25358053687325754,355.71482818354934,0.21239857656427963,0,49.0
2028-09-07,50,65425,648,Employed,Bachelor,28,29485,36,Married,1,Mortgage,453,0.3063354770971355,2,1,0.52411043515773,0,Other,0,30,7,22792,1061,42816,49097,5452.083333333333,0.9221765457165103,5,9281,0.19048500000000002,0.18176529243751804,1068.5662656733234,0.2790797888892607,0,56.0
2028-09-08,42,175124,597,Employed,Bachelor,21,24012,36,Divorced,3,Own,185,0.5593975251072053,3,1,0.2548448563084947,0,Other,0,26,13,5970,126,287508,7412,14593.666666666666,0.765135091683668,7,280096,0.210512,0.2058390975739439,899.5319914186663,0.07431525031991043,1,36.0
2028-09-09,26,62063,592,Employed,Doctorate,5,29931,36,Divorced,2,Rent,581,0.11207030682418163,0,0,0.20353452484138249,0,Debt Consolidation,0,26,9,1817,653,89441,88859,5171.916666666667,0.8523309956958965,5,5457,0.21893100000000001,0.23975086867565318,1173.8870259662197,0.33931076988857506,0,52.0
2028-09-10,51,79451,580,Employed,Bachelor,30,23741,36,Married,0,Other,109,0.1214157246992428,2,1,0.37663955946814537,0,Home,0,31,27,2059,506,56829,9430,6620.916666666667,0.7804010464698661,6,47399,0.21874100000000002,0.22189620182462794,909.0101093053071,0.1537566715543377,1,42.400000000000006
2028-09-11,23,30624,504,Employed,Bachelor,1,22517,48,Married,0,Mortgage,652,0.4013613199923366,3,1,0.04112582809235751,0,Auto,0,20,26,2369,530,50114,88164,2552.0,0.7528555366586995,3,4636,0.265517,0.27940564523149936,784.0001887429542,0.5626959987237281,0,52.0
2028-09-12,27,67971,558,Self-Employed,Doctorate,5,16927,24,Single,2,Rent,398,0.2677696187939218,1,1,0.2120771751033218,0,Education,0,28,2,1391,458,32196,3768,5664.25,0.6310283568295167,8,28428,0.21292699999999998,0.21032166391138257,870.0723734823422,0.22387295290326914,1,47.2
2028-09-13,35,48778,473,Employed,High School,10,43837,36,Married,1,Own,439,0.3587287874246169,5,1,0.4575933451926735,0,Debt Consolidation,0,22,18,3213,702,37794,79823,4064.8333333333335,0.6723567839535732,6,4717,0.29233699999999996,0.28139174313681103,1816.553268760167,0.5548944037295913,0,57.0
2028-09-14,20,28817,495,Employed,High School,0,13024,24,Married,0,Other,287,0.26084487003848855,2,2,0.2732347534897441,0,Education,0,20,29,1685,6558,35366,31393,2401.4166666666665,0.6080760803136163,5,3973,0.240524,0.23875997996057466,687.7873729405808,0.40592179877457646,0,54.0
2028-09-15,40,32399,495,Employed,High School,18,15332,96,Married,4,Mortgage,336,0.3092909993145988,3,1,0.14864687248475258,0,Auto,0,18,26,1323,673,12524,100448,2699.9166666666665,0.9428911662667449,8,5872,0.302832,0.36339839999999995,492.3868045390668,0.3068193973415477,0,51.0
2028-09-16,18,81457,586,Self-Employed,Master,0,19094,84,Single,3,Mortgage,556,0.22730876842469247,7,1,0.34992930427878477,0,Home,0,17,22,938,744,20830,5152,6788.083333333333,0.8880994739621203,6,15678,0.25109400000000004,0.2451287633382452,477.3695000257827,0.15223288361110024,0,56.0
2028-09-17,37,40461,521,Self-Employed,High School,14,14527,36,Married,0,Rent,516,0.2718299353832153,3,0,0.3854613767556014,0,Auto,0,22,11,982,565,19796,13700,3371.75,0.8107905875722609,7,6096,0.23902700000000002,0.24316745123096237,572.3544161158852,0.32278621372162386,0,58.0
2028-09-18,36,37397,600,Employed,High School,16,34485,60,Single,0,Mortgage,1123,0.25641047320930815,4,1,0.4528580452710327,0,Debt Consolidation,0,24,25,1583,1698,166212,16786,3116.4166666666665,0.8442178307181483,10,149426,0.239485,0.20979222384763171,932.5320995390376,0.6595819235358037,0,50.0
2028-09-19,47,20486,599,Employed,High School,25,8972,36,Married,4,Rent,379,0.3471375222591372,9,2,0.14347157740389013,0,Other,0,29,29,2788,310,29687,6665,1707.1666666666667,0.9883520730823632,4,23022,0.194472,0.1857908246862964,326.97157166758114,0.41353406521580466,0,52.0
2028-09-20,37,15000,588,Employed,Master,13,48470,60,Married,2,Mortgage,460,0.2647563460474841,7,4,0.7276415004507546,0,Home,0,34,13,5014,586,8455,59469,1250.0,0.7667560369538047,7,6886,0.25947,0.22285959634528582,1346.5811644842163,1.4452649315873731,0,60.0
2028-09-21,35,30452,566,Unemployed,High School,11,21124,120,Married,1,Own,653,0.5345690172295415,1,0,0.6069077181660474,0,Other,0,27,23,1452,541,54152,30685,2537.6666666666665,0.9718529354619238,3,23467,0.293124,0.2571763870012585,491.28444332186604,0.45091991724229585,0,63.0
2028-09-22,39,166618,637,Self-Employed,Master,14,9105,36,Single,2,Mortgage,545,0.44057601607263586,3,2,0.11507386870488506,0,Other,0,23,6,2536,100,10409,11819,13884.833333333334,0.3549653259295521,6,9138,0.175605,0.18368046654579925,330.85105868999693,0.06307969549676484,1,40.800000000000004
2028-09-23,50,24653,518,Employed,High School,30,20768,96,Married,0,Own,904,0.2686893395461695,2,1,0.33843445052798493,0,Education,0,25,2,3206,823,184528,37687,2054.4166666666665,0.7879796718817578,6,146841,0.29676800000000003,0.3517258415021609,649.268242578397,0.7560629096232006,0,56.0
2028-09-24,26,95256,479,Employed,Bachelor,3,11824,36,Married,2,Rent,324,0.26370136373796943,1,0,0.2097388706336213,0,Education,0,20,26,2855,833,130279,20242,7938.0,0.7957464889059935,3,110037,0.257324,0.23100531191192958,458.32352251399703,0.09855423564046321,1,37.6
2028-09-25,35,79850,570,Employed,High School,12,15500,72,Married,0,Rent,603,0.1685857857839408,3,1,0.37644722726303836,0,Auto,0,28,23,7103,4454,73308,5829,6654.166666666667,0.7861953920907659,7,67479,0.2455,0.2560133063136263,423.263746857008,0.15422874091777203,0,51.0
2028-09-26,28,38226,588,Unemployed,Master,5,32320,84,Single,0,Rent,252,0.3924720856574473,9,1,0.0643934731567965,0,Other,0,27,3,1543,4067,91685,25174,3185.5,0.846104606284219,4,66511,0.26332,0.2631838781479182,845.5115446560285,0.34453352524125835,0,55.0
2028-09-27,26,151328,607,Employed,Bachelor,4,38857,96,Married,2,Rent,600,0.4301030496569286,0,1,0.43990223691728253,0,Debt Consolidation,0,25,15,2524,6874,37863,46652,12610.666666666666,0.5381558393975928,7,6341,0.270357,0.31620030526291787,1115.7590638211193,0.13605617444130255,0,52.0
2028-09-28,35,58852,456,Employed,Associate,11,39804,36,Married,0,Own,175,0.19079141083739262,1,1,0.6426900266559459,0,Debt Consolidation,0,26,9,13790,3285,79174,78220,4904.333333333333,0.8417460531384267,8,7399,0.29680399999999996,0.28444306624516136,1656.0054777880641,0.3733444187700804,0,58.0
2028-09-29,52,28185,636,Employed,High School,33,36518,60,Married,2,Rent,402,0.22398284417468944,3,1,0.1482401786392017,0,Education,0,18,28,5274,2048,53172,4590,2348.75,0.5469054103275263,9,48582,0.223518,0.25072042450894627,1073.394546554797,0.6281615951271089,0,49.0
2028-09-30,47,28246,503,Employed,High School,24,20020,108,Married,1,Rent,447,0.0659903823332128,4,1,0.6674697151789453,0,Debt Consolidation,0,28,18,632,5195,126805,90910,2353.8333333333335,0.865379952911846,5,35895,0.31352,0.3160098576660508,561.0815211827742,0.4282722599374527,0,59.0
2028-10-01,41,86909,593,Employed,Associate,18,18286,120,Divorced,3,Rent,523,0.12992901750946692,2,0,0.43353530976772314,0,Education,0,22,18,1654,585,62538,6383,7242.416666666667,0.8761555191599801,8,56155,0.276786,0.22142879999999998,379.74640415881703,0.12464712342686954,1,41.6
2028-10-02,31,45837,598,Employed,High School,11,89401,24,Single,1,Mortgage,608,0.09796673553929344,2,2,0.25464034952321213,0,Debt Consolidation,0,16,22,980,1871,110484,9146,3819.75,0.8855433793888932,4,101338,0.265401,0.2694503457064541,4859.155979974223,1.431286335486412,0,48.0
2028-10-03,40,32846,566,Employed,High School,15,23721,108,Married,1,Mortgage,809,0.11961553773591846,1,2,0.13562784495985591,0,Home,1,29,16,5306,282,38521,27905,2737.1666666666665,0.6901088054783726,6,10616,0.285721,0.26525455220456395,578.9346929047091,0.5070698506623793,0,56.0
2028-10-04,40,86510,478,Employed,Master,14,23127,36,Married,1,Own,245,0.4736953903694546,4,0,0.28023994021160814,0,Home,0,27,10,967,3203,7788,17536,7209.166666666667,0.8709470361686911,3,7681,0.269127,0.2691234464743897,943.0775157121892,0.16480095004677228,1,41.6
2028-10-05,70,40056,663,Employed,Associate,45,28916,60,Married,2,Mortgage,302,0.23735334490519502,2,2,0.18254499554915724,0,Home,0,31,29,592,303,59967,57890,3338.0,0.920960949604691,7,2077,0.20241599999999998,0.19945685096420898,765.223514409457,0.3197194470969015,0,45.0
2028-10-06,27,35747,454,Employed,High School,4,28509,48,Married,3,Mortgage,301,0.2650737222488469,3,1,0.16001629152265476,0,Debt Consolidation,0,23,13,13187,1172,207550,40655,2978.9166666666665,0.7883784065337945,10,166895,0.29650899999999997,0.3140615160310196,1049.9412578237632,0.4535008558448306,0,47.0
2028-10-07,31,31994,500,Employed,Associate,7,36015,60,Married,0,Other,193,0.2467835485293704,6,0,0.21766866519680278,0,Auto,0,26,26,5685,644,12763,4512,2666.1666666666665,0.7844035535645154,3,8251,0.29101499999999997,0.309217520608232,1185.6804869083915,0.5171021392417546,0,53.0
2028-10-08,43,178112,610,Employed,Bachelor,21,41184,72,Divorced,3,Mortgage,738,0.31012513733545927,2,2,0.44735002111755173,0,Auto,0,24,10,5071,987,117220,22190,14842.666666666666,0.7328534974516451,8,95030,0.25118399999999996,0.23761420223600638,1078.2872696187208,0.12236933634693142,1,39.2
2028-10-09,31,26458,573,Employed,Bachelor,5,17681,48,Divorced,1,Rent,497,0.45924072839939795,3,3,0.2244232454603521,0,Home,0,24,13,595,2061,32501,9220,2204.8333333333335,0.9092078311283541,9,23281,0.22618100000000002,0.2482450077246959,584.5218379783732,0.49052317090258063,0,55.0
2028-10-10,48,31985,580,Employed,High School,25,11051,48,Married,2,Own,256,0.34220462447521555,1,2,0.3247069854901579,0,Debt Consolidation,0,20,1,3374,2554,169397,45313,2665.4166666666665,0.8938318537062506,2,124084,0.21605100000000002,0.22652541619564107,352.1003798226788,0.22814458520782074,0,55.0
2028-10-11,68,50888,671,Self-Employed,Master,44,10917,120,Single,3,Own,361,0.26577317573386317,3,0,0.3003627888029932,0,Education,0,21,5,3993,145,250833,5063,4240.666666666667,0.8760891190989133,8,245770,0.230417,0.23594723638288484,237.6209804493163,0.14116199821945832,0,49.0
2028-10-12,37,49955,538,Employed,Master,15,29016,24,Married,3,Mortgage,150,0.39591882506507675,3,0,0.2307036466862391,0,Home,0,21,9,5305,2263,151323,19408,4162.916666666667,0.9526808792225876,2,131915,0.23501599999999997,0.21651611538152182,1500.309162762231,0.39643098695119144,0,50.0
2028-10-13,46,94044,640,Employed,High School,27,13840,24,Single,3,Own,544,0.15017685418282442,5,0,0.19257972448926966,0,Debt Consolidation,0,17,26,2344,3288,51916,7338,7837.0,0.9557061287755729,7,44578,0.16884,0.18889804841964317,696.914513840783,0.15834050195748156,1,36.0
2028-10-14,34,23920,626,Employed,Master,11,51309,24,Married,1,Rent,333,0.0702533114341025,5,0,0.25867926154652876,0,Home,0,18,13,2711,416,38902,17335,1993.3333333333333,0.7352940198945189,7,21567,0.213309,0.18950244871993152,2585.1755861996735,1.4639676853844517,0,50.0
2028-10-15,37,160654,641,Employed,Bachelor,15,36948,72,Married,5,Rent,269,0.24433412167269272,4,0,0.3480780565924294,0,Home,0,22,2,701,1178,49694,41970,13387.833333333334,0.7725843906853659,10,7724,0.23144800000000001,0.2345143621719971,960.4567352614823,0.09183388414317593,1,42.400000000000006
2028-10-16,25,22832,484,Employed,High School,1,20589,48,Divorced,0,Rent,243,0.6421518062925238,2,0,0.38251503815140503,0,Debt Consolidation,0,24,9,6903,667,85623,25214,1902.6666666666667,0.8727711192315314,6,60409,0.27358899999999997,0.2607293062809185,695.0506897656111,0.4930189329531943,0,57.0
2028-10-17,28,38206,591,Employed,Associate,8,15147,36,Single,0,Mortgage,371,0.3036307441104648,2,0,0.21238106119236191,0,Auto,0,18,28,3916,1341,127830,17092,3183.8333333333335,0.6442857268821881,3,110738,0.204647,0.21857704520233714,577.356361980399,0.2978662080239959,0,49.0
2028-10-18,42,26775,544,Employed,High School,22,13023,36,Married,0,Mortgage,176,0.2050472763262476,6,2,0.6060652975237377,0,Debt Consolidation,0,23,27,1790,2733,55873,70708,2231.25,0.6353656982517238,2,5236,0.226023,0.23652321683140032,508.555111034551,0.306803411107922,0,60.0
2028-10-19,47,96557,608,Employed,Associate,24,36166,24,Single,0,Mortgage,1032,0.2645555318518856,5,1,0.16990197388175712,0,Auto,0,25,16,12572,886,43234,41944,8046.416666666667,0.7581937537159082,7,1290,0.207166,0.20212287673153398,1844.450412742673,0.3574821603085439,0,46.0
2028-10-20,45,127033,654,Employed,Bachelor,20,52451,24,Married,0,Rent,257,0.14243309764781587,4,0,0.5353312090875707,0,Auto,0,24,3,6111,323,229034,24337,10586.083333333334,0.7979960117936403,2,204697,0.200451,0.20404935371693445,2679.9229570197153,0.277432442627007,1,38.400000000000006
2028-10-21,30,26030,619,Employed,Bachelor,8,15613,12,Single,1,Rent,930,0.193275098735051,5,1,0.08364479783972417,0,Other,0,24,26,1479,4584,185164,17055,2169.1666666666665,0.8143262984749376,6,168109,0.17111300000000002,0.19162462139625805,1440.051504607238,1.0926092222545853,0,44.0
2028-10-22,39,58470,609,Employed,Associate,15,10410,120,Married,1,Mortgage,432,0.19343079951856954,3,2,0.37049109998659,0,Debt Consolidation,0,29,12,2553,653,47857,88715,4872.5,0.9196434644921443,4,5749,0.26091,0.2660445459350717,248.6943841098903,0.13970125892455418,0,50.0
2028-10-23,36,88218,620,Employed,High School,14,34989,72,Married,0,Own,462,0.30106132084630044,3,2,0.28933780752450655,0,Debt Consolidation,0,18,13,1872,2732,60393,10803,7351.5,0.7402054503902986,3,49590,0.239989,0.2468149312556071,935.6781331470135,0.19012148992001815,0,48.0
2028-10-24,23,43345,547,Employed,High School,0,15860,96,Married,0,Own,379,0.24834991671017304,4,1,0.1665659135542852,0,Other,0,23,22,625,1362,70985,7015,3612.0833333333335,0.8516116998837782,5,63970,0.27736,0.2729979328008309,407.87329838308943,0.21784472443412325,0,49.0
2028-10-25,42,36659,578,Unemployed,Associate,20,18804,60,Married,2,Mortgage,176,0.5120867119764975,2,0,0.09930916047786281,0,Debt Consolidation,0,27,7,4466,5827,161589,35910,3054.9166666666665,0.8217309273121487,7,125679,0.234804,0.241884798176009,543.011961143605,0.23536221756521622,0,52.0
2028-10-26,37,32514,503,Employed,Master,16,35445,48,Married,2,Rent,1010,0.2733118008174343,2,2,0.5524295499559599,0,Education,0,26,5,1914,651,125885,6113,2709.5,0.7032838989459467,4,119772,0.278945,0.278764049691032,1232.8289012816822,0.8277648648391519,0,57.0
2028-10-27,27,23747,439,Employed,Bachelor,2,12486,24,Married,0,Mortgage,254,0.17824959349592326,5,0,0.0952320122686577,0,Home,0,23,19,1321,2465,28102,41351,1978.9166666666667,0.738450224880588,6,3173,0.267986,0.23209518558516098,655.2326189812103,0.45945978135236126,0,51.0
2028-10-28,66,52944,504,Employed,Bachelor,41,19971,72,Married,1,Mortgage,524,0.3784910783936103,2,2,0.17745460040536792,0,Debt Consolidation,0,26,8,666,2213,23495,21139,4412.0,0.612201920217607,4,2356,0.282971,0.292545579416553,591.2464306609663,0.2527757095786415,0,51.0
2028-10-29,33,53175,541,Employed,Bachelor,8,79380,96,Married,3,Rent,940,0.6757668149257219,2,0,0.09987386217878881,0,Auto,0,26,7,9196,1403,21268,21895,4431.25,0.7815800868671021,9,9478,0.34388,0.3247151803452898,2327.3304674405704,0.7373383283363769,0,53.0
2028-10-30,40,92124,570,Self-Employed,Doctorate,17,22273,96,Single,2,Other,858,0.093555005714112,2,1,0.6849285861937982,0,Other,0,35,12,8213,1655,33556,48374,7677.0,0.9231059229022944,10,8210,0.27227300000000004,0.31562169033710874,638.6466330063613,0.19495201680426746,0,59.0
2028-10-31,31,34851,582,Employed,Master,7,48260,36,Married,1,Rent,552,0.2560927219838277,1,1,0.39386965343311137,0,Auto,1,20,17,4410,903,100262,11377,2904.25,0.885246780937013,8,88885,0.24226,0.2275457335281212,1861.9634986803514,0.8311830932875446,0,59.0
2028-11-01,46,36962,571,Employed,Associate,26,34496,24,Married,0,Rent,127,0.06195765016668796,4,0,0.10918917739522734,0,Other,0,28,29,6617,1412,25296,6214,3080.1666666666665,0.86400594576721,5,19082,0.223996,0.20346773571691024,1761.5509300949288,0.6131327082176058,0,50.0
2028-11-02,40,44504,618,Self-Employed,Master,18,60083,96,Widowed,1,Mortgage,377,0.2170399388429921,7,2,0.20718517826322802,1,Home,0,26,17,10839,1653,237870,15199,3708.6666666666665,0.9345613982269573,3,222671,0.28608300000000003,0.30877475593139625,1693.797019311553,0.5583669834562879,0,61.0
2028-11-03,50,270903,576,Employed,Bachelor,29,32540,84,Married,3,Other,298,0.34153410955960556,3,2,0.6668331347826053,0,Home,0,24,16,5152,2718,158057,4311,22575.25,0.9626076609829688,5,153746,0.26954,0.2281328602013687,778.7027895106953,0.047693947553657,1,41.6
2028-11-04,36,144679,599,Employed,Master,13,19823,60,Married,1,Mortgage,761,0.434471877401548,3,1,0.40977124282919003,0,Auto,0,27,3,3449,1406,57751,4167,12056.583333333334,0.7227477748376495,1,53584,0.225323,0.21572978809774113,542.6877356602757,0.10813077798383532,1,44.800000000000004
2028-11-05,35,46849,578,Employed,Bachelor,13,35006,60,Married,2,Mortgage,537,0.29102112685743076,0,0,0.13125996023970493,0,Home,1,17,22,30808,101,48168,37903,3904.0833333333335,0.7050491091725317,6,10265,0.251006,0.24822878446981117,1023.8405827192611,0.3997969432139668,0,57.0
2028-11-06,40,23370,574,Employed,High School,17,20194,36,Single,2,Rent,438,0.1735728900166426,5,1,0.5662093880939858,0,Home,0,25,26,1987,6168,15452,11836,1947.5,0.7693093902602586,6,3616,0.218194,0.19464855712743032,744.9864443102701,0.6074384823159282,0,59.0
2028-11-07,40,44494,616,Employed,High School,19,16703,72,Married,5,Other,394,0.3560270898241425,2,1,0.34277424259363576,0,Debt Consolidation,0,23,3,5875,108,136727,29635,3707.8333333333335,0.9498571734919815,9,107092,0.223703,0.22085857378216678,420.5333586923231,0.2196790646897981,0,51.0
2028-11-08,65,182809,677,Employed,Bachelor,44,14182,48,Married,2,Own,1208,0.011596163173906583,6,2,0.08903687932626735,0,Debt Consolidation,1,25,24,1012,547,239779,12013,15234.083333333334,0.9786625455521614,9,227766,0.170682,0.1762138137352436,413.79566032462594,0.10645836870118819,1,34.4
2028-11-09,44,26723,554,Employed,Associate,19,27209,60,Married,1,Mortgage,1007,0.35029780971259483,4,0,0.11031286161672749,0,Education,0,18,24,5891,2819,20961,5789,2226.9166666666665,0.9416140982759501,3,15172,0.255209,0.22670896404402896,761.8985315110114,0.7943263248187754,0,52.0
2028-11-10,30,48568,541,Employed,Associate,8,12047,24,Widowed,0,Own,393,0.2720648878209537,2,1,0.4705935562600857,0,Auto,0,28,24,2714,7050,9764,7200,4047.3333333333335,0.6650823763557984,7,2564,0.216547,0.20301229421937486,614.9159781649876,0.24903211451943358,1,45.6
2028-11-11,48,66372,602,Employed,Bachelor,25,16221,60,Single,3,Rent,265,0.3098519220592308,3,1,0.1715354815794005,0,Home,0,21,11,14723,623,24004,25758,5531.0,0.7963860407046723,5,7099,0.220221,0.198641268383369,428.5318693709975,0.12538996011046782,0,47.0
2028-11-12,59,48174,569,Employed,High School,35,8688,48,Married,4,Rent,555,0.3251938094593783,6,2,0.23103114586693954,0,Debt Consolidation,0,19,1,3307,1890,68430,5725,4014.5,0.7808444901333909,8,62705,0.21918800000000002,0.20630443328001932,267.3060317576731,0.20483398474471864,0,55.0
2028-11-13,50,74949,557,Employed,Associate,28,17463,36,Single,3,Own,150,0.19583034023385984,0,0,0.6490689831404952,0,Auto,0,18,16,2212,2470,109779,21010,6245.75,0.8574193874386483,3,88769,0.223963,0.22980854130028822,675.8136186073122,0.13222008863744342,1,44.0
2028-11-14,40,41339,565,Employed,Doctorate,16,9531,120,Married,1,Rent,582,0.23749413008881107,7,0,0.19275661991503065,0,Home,0,25,19,1040,3128,15617,182532,3444.9166666666665,0.8258965593031751,9,4066,0.28203100000000003,0.2832429738127707,239.53913161993867,0.23847866613704405,0,51.0
2028-11-15,36,81270,614,Unemployed,Bachelor,13,7120,96,Married,3,Mortgage,247,0.4576907139694898,1,0,0.12711829044156778,0,Home,1,21,9,14934,3720,18654,81689,6772.5,0.8208639162963394,6,3177,0.23512,0.19942169041506372,148.93011295015896,0.05846144155779386,0,57.0
2028-11-16,22,31117,561,Employed,Master,0,34065,36,Married,1,Rent,689,0.5585454805797082,5,1,0.18196040084394668,0,Other,0,35,26,3460,1069,220010,48762,2593.0833333333335,0.698040409584703,5,171248,0.238565,0.21493273749024885,1292.0448168357952,0.7639726773798741,0,48.0
2028-11-17,34,39134,530,Self-Employed,High School,12,62642,72,Single,3,Rent,1041,0.3497108289637719,1,0,0.2988490280475291,0,Home,0,24,8,3521,814,44149,14595,3261.1666666666665,0.9855544252693831,4,29554,0.31264200000000003,0.30166330469711633,1891.2544044134559,0.8991427621240218,0,57.0
2028-11-18,24,28571,558,Employed,Associate,1,14587,36,Married,3,Mortgage,330,0.1820723765099986,5,2,0.13125030587695027,0,Home,0,15,15,2713,260,61316,6945,2380.9166666666665,0.7506112527531605,4,54371,0.22058699999999998,0.2126875334388052,551.5810957550518,0.3702696142613357,0,49.0
2028-11-19,57,43500,512,Employed,Associate,33,10284,48,Single,1,Rent,446,0.6501380793535152,2,1,0.5575199377303071,0,Other,0,20,24,13598,1076,50836,39578,3625.0,0.8789026883285769,7,11258,0.249284,0.2947953622305464,367.17908266376435,0.22432526418310741,0,61.0
2028-11-20,38,42181,557,Employed,Bachelor,16,24488,48,Married,5,Rent,269,0.535580869630631,2,0,0.12305330274224494,0,Home,0,14,29,3440,2469,277513,29361,3515.0833333333335,0.6887542616469898,6,248152,0.240988,0.25419085599193464,817.6861241744346,0.309149462793514,0,48.0
2028-11-21,18,80902,541,Employed,Bachelor,0,12541,96,Single,1,Mortgage,253,0.368629790766406,3,1,0.15796426996438137,0,Other,0,24,24,9382,305,59839,25279,6741.833333333333,0.7183383568752607,12,34560,0.277041,0.2769861184219226,325.92437397053567,0.08587046658483634,0,49.0
2028-11-22,46,109162,626,Self-Employed,Bachelor,22,18868,60,Single,4,Mortgage,153,0.5301976017675721,4,1,0.40523332431297016,0,Debt Consolidation,1,30,9,1553,330,83242,40383,9096.833333333334,0.8139556899799418,8,42859,0.210868,0.20748836623008074,507.780631561786,0.0726385333608896,1,50.400000000000006
2028-11-23,42,84432,622,Employed,High School,21,24025,72,Divorced,2,Mortgage,457,0.51714176747591,2,0,0.15440152486116737,0,Debt Consolidation,0,27,16,1100,664,64410,21441,7036.0,0.7805635524154468,3,42969,0.228025,0.22435184157211477,609.8767640884074,0.15163114896083107,0,47.0
2028-11-24,29,43784,537,Employed,Bachelor,5,28999,12,Married,1,Rent,517,0.13225362639694582,1,0,0.326232910217082,0,Home,0,20,22,3501,2024,16013,42477,3648.6666666666665,0.710871571458262,4,7393,0.225499,0.24309498877323005,2746.4790412210073,0.894430579541661,0,54.0
2028-11-25,34,30917,605,Employed,Associate,12,24991,48,Married,2,Other,285,0.4681207223196616,3,4,0.42674516795406836,0,Auto,0,28,4,360,2936,15657,52098,2576.4166666666665,0.6072272201548742,6,7726,0.21749100000000002,0.21769670944111472,784.2467283514527,0.4150131235313075,0,58.0
2028-11-26,39,42285,525,Employed,Associate,18,21831,60,Married,1,Rent,367,0.15071064010805096,3,2,0.4866451652731849,0,Other,0,30,26,7948,261,314496,20683,3523.75,0.8820141302558172,2,293813,0.264331,0.2662929199628645,661.7881508822005,0.29195832589775117,0,50.0
2028-11-27,48,64272,614,Employed,Associate,27,29498,96,Single,2,Other,540,0.5415664132450442,4,0,0.12793306300060697,0,Debt Consolidation,0,25,14,4999,4797,147534,10671,5356.0,0.7805368948574298,9,136863,0.257498,0.274901771858212,762.4237312907643,0.24317097298184548,0,44.0
2028-11-28,48,104679,629,Employed,Associate,27,19117,48,Married,1,Rent,672,0.6846031550063228,2,0,0.2550554359142012,0,Debt Consolidation,0,24,23,2532,1805,192138,22393,8723.25,0.9110474824374044,8,169745,0.19961700000000002,0.21813319769052997,600.3658949686392,0.1458591574205301,1,36.800000000000004
2028-11-29,61,55183,578,Employed,Associate,42,61217,72,Single,4,Mortgage,393,0.41963674487863584,2,1,0.13720247805947605,0,Debt Consolidation,0,27,9,2394,1290,11513,6681,4598.583333333333,0.9413590410602092,10,4832,0.287217,0.30848241600434323,1875.2674055354842,0.493253517685262,0,52.0
2028-11-30,45,26259,634,Self-Employed,Master,27,26690,24,Divorced,2,Rent,697,0.09336307935737266,1,1,0.24109519841007007,0,Debt Consolidation,0,25,21,14249,872,90053,4675,2188.25,0.868515794434602,3,85378,0.18469,0.18471634339211057,1338.564428813832,0.93022480466758,0,51.0
2028-12-01,42,202611,464,Employed,Master,20,29963,72,Married,2,Mortgage,244,0.12666322464067348,3,0,0.4087628635546978,0,Auto,0,25,13,3942,1389,42289,61958,16884.25,0.989389637533445,1,10639,0.312963,0.31822209542982965,936.9002739093946,0.06994093749555916,1,42.400000000000006
2028-12-02,44,61825,647,Employed,Doctorate,22,32125,60,Married,1,Mortgage,240,0.49045270517301703,3,0,0.17034210410373007,0,Home,0,23,15,1849,1274,65151,72191,5152.083333333333,0.711095455336727,4,4854,0.213625,0.23974416230375276,923.6939138795645,0.22586861247965673,0,48.0
2028-12-03,40,21942,511,Self-Employed,Bachelor,20,16750,36,Married,0,Mortgage,619,0.3238685175879632,3,0,0.18683466886634048,0,Other,0,16,1,1940,2727,365629,9184,1828.5,0.793607954159837,6,356445,0.24625,0.21230516087595422,633.0415723092635,0.6847369823950032,0,53.0
2028-12-04,55,117788,602,Employed,Bachelor,34,61073,72,Divorced,2,Rent,424,0.07242487211220139,9,2,0.2822483037338818,0,Home,0,14,2,4555,226,308376,26218,9815.666666666666,0.7781728248071169,7,282158,0.275073,0.25268237366593826,1655.200864850437,0.2118247221975519,0,45.0
2028-12-05,37,62270,486,Employed,High School,13,15726,84,Married,1,Own,627,0.3697451098783458,2,0,0.481693461962975,0,Debt Consolidation,0,22,1,1329,137,32901,14739,5189.166666666667,0.7921498864227929,2,18162,0.297726,0.2918620258791123,441.0796889357655,0.20582875007594645,0,60.0
2028-12-06,20,31562,529,Employed,Bachelor,0,24076,60,Married,1,Own,732,0.6360419430841004,2,2,0.3433111899633476,0,Debt Consolidation,0,26,26,4283,135,71291,24907,2630.1666666666665,0.9196743336398806,2,46384,0.264576,0.2905998965719292,765.0967993391009,0.5692022556260443,0,57.0
2028-12-07,24,28503,446,Employed,High School,0,10321,60,Single,3,Other,523,0.2692595669335635,5,1,0.10139219035842706,0,Education,0,24,15,700,953,11279,43831,2375.25,0.7792334714691602,7,7516,0.292321,0.25442309138317126,305.61718020930226,0.3488547227488905,0,52.0
2028-12-08,54,53693,539,Employed,Associate,31,44300,36,Divorced,0,Mortgage,427,0.2727602621367995,1,1,0.3055898561982833,0,Home,0,18,19,270,2601,24553,62188,4474.416666666667,0.914889468644294,5,10675,0.25980000000000003,0.2861447676238788,1847.1447359883452,0.5082550208008518,0,54.0
2028-12-09,62,21928,582,Employed,Bachelor,42,29679,36,Single,4,Own,300,0.14877265787148286,3,2,0.0661205987701296,0,Auto,0,20,25,2091,2716,806200,16179,1827.3333333333333,0.8734960244904364,6,790021,0.22367900000000002,0.24433141797126698,1171.1522241960195,0.8050814798591862,0,43.0
2028-12-10,47,24718,646,Self-Employed,Master,25,11738,48,Single,2,Other,336,0.1528458323491623,0,1,0.30732627224893905,0,Debt Consolidation,0,18,4,8426,1688,15890,3777,2059.8333333333335,0.6781870513275009,6,12113,0.183738,0.21175799647787757,364.58614546471,0.34011787950386435,0,58.0
2028-12-11,37,124231,599,Employed,Associate,16,30701,24,Divorced,0,Mortgage,447,0.2529735253428104,1,1,0.33685209110113923,0,Education,0,18,17,2169,1798,22498,20199,10352.583333333334,0.7541124463859159,3,2299,0.206201,0.17503824619740388,1525.3696918339535,0.1905195667909575,1,41.6
2028-12-12,41,69408,634,Unemployed,Bachelor,23,21078,48,Single,0,Rent,363,0.006253019605345133,2,2,0.33183168422410136,0,Debt Consolidation,0,25,25,1155,5240,47597,88822,5784.0,0.621171934822241,3,2410,0.199078,0.21887220207492275,662.7952256027282,0.17735048852052704,0,53.0
2028-12-13,45,42478,635,Self-Employed,Master,25,56763,48,Married,2,Other,993,0.4827206482992598,7,0,0.25542382467738656,0,Other,0,25,11,1564,517,17967,68159,3539.8333333333335,0.8020597982781176,7,4127,0.23426300000000003,0.2811156,1981.9375310195946,0.840417401295615,0,54.0
2028-12-14,49,44538,574,Self-Employed,Bachelor,30,25155,60,Married,1,Mortgage,439,0.25502535370422597,3,1,0.3302477552425776,0,Debt Consolidation,1,15,6,2821,650,63051,31526,3711.5,0.9463568778351514,7,31525,0.243155,0.2618679069607971,755.9367209026233,0.3219551989499187,0,66.0
2028-12-15,47,96572,606,Employed,Doctorate,26,24168,36,Divorced,4,Own,1024,0.25385393945397616,3,2,0.45078144368885364,0,Education,0,32,2,9158,4395,130765,13724,8047.666666666667,0.8140973597508534,3,117041,0.206168,0.20096987639715178,899.3642575200251,0.2389965113101137,1,41.6
2028-12-16,46,107923,658,Employed,Master,24,26276,120,Single,1,Rent,607,0.09255960666272052,2,1,0.3756110899878167,0,Auto,1,24,9,18195,2985,53156,9488,8993.583333333334,0.8873547820528578,3,43668,0.252276,0.2809312438730184,655.9659525512676,0.14042967143811058,0,53.0
2028-12-17,26,77841,590,Employed,High School,4,30938,60,Divorced,2,Mortgage,1386,0.6929237496872136,3,2,0.09070926163999735,0,Home,0,27,12,8411,2274,17455,68736,6486.75,0.8435165855882453,12,4542,0.24093799999999999,0.2361732418012466,883.164688423255,0.3498153448835326,0,52.0
2028-12-18,52,67833,627,Employed,High School,29,27232,36,Married,0,Rent,469,0.30743763172255645,5,0,0.054475152548681995,0,Debt Consolidation,0,27,2,3281,587,188578,21150,5652.75,0.9539716542012876,4,167428,0.19873200000000002,0.191562188456772,1000.368931683569,0.2599387787684877,0,47.0
2028-12-19,55,81523,654,Employed,Master,33,28894,24,Married,1,Own,390,0.2716248401610647,4,2,0.08346524692571655,0,Home,0,27,5,4192,534,625130,69390,6793.583333333333,0.5807426297670241,8,555740,0.176894,0.20874532109575314,1482.9569529587777,0.27569499939287484,1,29.6
2028-12-20,53,56954,559,Employed,Bachelor,30,20894,96,Married,2,Other,402,0.061431154009114794,5,0,0.2555572127814287,0,Auto,0,21,22,368,1267,31443,47848,4746.166666666667,0.9168658791111312,3,4607,0.276394,0.27488690777212355,540.0182253209002,0.1984798030665239,0,51.0
2028-12-21,30,20255,564,Employed,High School,5,30508,36,Married,0,Rent,1285,0.39642859729602736,2,0,0.26158989168641933,0,Auto,0,22,29,1809,468,36504,30174,1687.9166666666667,0.7694102365796892,2,6330,0.233508,0.23674896498620301,1191.7144284661917,1.46732032296195,0,54.0
2028-12-22,42,68781,556,Employed,Bachelor,21,17210,60,Divorced,2,Rent,503,0.13315167545614195,1,1,0.17817603544463567,0,Auto,0,30,22,2070,902,27718,25787,3570.8333333333335,0.864157174719941,3,1931,0.24420999999999998,0.2778520062678267,533.61952150566,0.29030184966319533,0,49.0
2028-12-23,51,33963,570,Employed,Master,30,25321,48,Widowed,2,Mortgage,225,0.28682828403632527,4,0,0.06859124910687396,0,Auto,0,23,27,1477,3702,28768,19042,2830.25,0.9694514353058172,4,9726,0.23532100000000003,0.22094129468878457,799.0599230716368,0.3618266665742026,0,51.0
2028-12-24,26,78132,605,Employed,High School,5,9395,36,Single,0,Mortgage,339,0.10243735924615599,2,0,0.37034636315467107,0,Home,0,35,25,14041,371,34482,8609,6511.0,0.8547395615480896,4,25873,0.191895,0.19431101452971755,346.43451223785723,0.10527330859128509,1,40.0
2028-12-25,39,19017,560,Unemployed,High School,14,25756,72,Married,0,Mortgage,283,0.14529584983712257,4,0,0.4473692189757171,0,Auto,0,19,6,4159,484,356932,29116,1584.75,0.9467141036588255,4,327816,0.260756,0.2928163099574749,762.9592853310645,0.6600153243925317,0,56.0
2028-12-26,36,70540,617,Employed,Associate,16,22622,72,Married,3,Mortgage,370,0.2461697969738256,4,1,0.22531112685456214,0,Auto,0,24,26,6273,5636,18210,2888,5878.333333333333,0.9294334169647274,6,15322,0.22912200000000002,0.19986798968007982,541.6877406645157,0.1550928960586077,1,39.2
2028-12-27,40,18466,577,Self-Employed,Associate,21,27784,96,Married,3,Other,663,0.2824520256803852,5,3,0.1277111700779551,0,Home,0,26,15,4334,1289,8432,38604,1538.8333333333333,0.735637566229552,5,4522,0.27428400000000003,0.30549456030584143,776.8613307186612,0.9356837413962923,0,55.0
2028-12-28,29,71469,613,Employed,High School,11,4874,36,Single,0,Rent,542,0.1803789033244732,3,0,0.2952577403039115,0,Debt Consolidation,0,34,5,7183,552,80688,25074,5955.75,0.915961407530129,6,55614,0.18337399999999998,0.1867253753045085,177.85551245106905,0.12086731519138127,1,38.400000000000006
2028-12-29,33,97694,513,Employed,Bachelor,12,13286,60,Married,2,Mortgage,393,0.32688578461127715,1,1,0.24785073948239358,0,Debt Consolidation,0,32,24,525,1034,47610,10311,8141.166666666667,0.8438624213375724,8,37299,0.261786,0.24747567869370857,387.99791447665143,0.09593194028005626,1,40.800000000000004
2028-12-30,52,57155,589,Employed,Associate,29,26558,96,Married,1,Rent,384,0.3023745794849367,4,1,0.28701702525754247,1,Auto,1,23,12,2737,1224,228784,3965,4762.916666666667,0.9229054783698327,5,224819,0.267058,0.2835921470694955,702.2188251382116,0.22805749106217374,0,66.0
2028-12-31,44,202231,543,Unemployed,Bachelor,21,17122,60,Single,2,Rent,363,0.10898227754579558,4,0,0.08302736860142605,0,Debt Consolidation,0,31,13,5108,1074,223852,116258,16852.583333333332,0.8816112397091816,7,107594,0.250622,0.22767769200236915,480.3954755640444,0.050045471301474714,1,36.800000000000004
2029-01-01,34,111108,593,Employed,Bachelor,16,14135,60,Widowed,4,Mortgage,475,0.4876621045860577,3,1,0.3513130792155117,0,Debt Consolidation,0,18,13,9244,697,115793,167928,9259.0,0.7179482334100389,1,1984,0.22263500000000003,0.2246702137414697,394.1558748190973,0.09387146288142319,1,43.2
2029-01-02,43,99581,632,Employed,Associate,21,40101,60,Married,0,Rent,275,0.08755745940151279,0,0,0.2213840095851248,0,Debt Consolidation,0,28,19,296,513,132918,13800,8298.416666666666,0.7000312661354157,3,119118,0.229101,0.22481112255486516,1118.5432347054434,0.1679288098780422,0,43.0
2029-01-03,47,65970,630,Unemployed,Bachelor,25,23756,48,Single,1,Mortgage,156,0.33770407237677863,2,1,0.06026396596285235,0,Education,0,21,16,2512,4117,27669,167635,5497.5,0.774969653888282,5,10985,0.20375600000000002,0.1837738113280916,702.5258542056206,0.15616659467132707,0,50.0
2029-01-04,57,28358,604,Employed,High School,33,13644,48,Married,1,Other,639,0.4803388147083943,1,1,0.31513859310446285,0,Home,1,18,7,290,789,117679,96460,2363.1666666666665,0.678250737530979,6,21219,0.206644,0.18869373108218343,407.01732651945093,0.44263375126008225,0,61.0
2029-01-05,46,53397,619,Employed,High School,26,22341,36,Married,0,Rent,509,0.12837209866148153,1,0,0.24202834986277041,0,Home,1,22,1,334,1121,80930,20415,4449.75,0.8613187359746635,1,60515,0.19784100000000002,0.18348090794823585,811.5871941591495,0.29677784013914255,0,56.0
2029-01-06,33,52374,510,Self-Employed,Associate,15,11815,48,Widowed,2,Rent,279,0.16441084371694506,2,1,0.2649732670999121,0,Home,0,15,16,2569,1233,90937,18213,4364.5,0.9551894600259438,6,72724,0.251815,0.23417451824582852,381.395525489382,0.15131069434972666,0,52.0
2029-01-07,34,103580,573,Employed,High School,8,13614,108,Married,2,Mortgage,261,0.18607986367987864,2,1,0.1034395016110721,0,Home,0,20,27,15603,487,16090,17121,8631.666666666666,0.7125479853706012,5,4649,0.27211399999999997,0.29921421778745305,364.99153081181686,0.0725226720384418,0,48.0
2029-01-08,25,16526,496,Employed,Bachelor,2,22838,72,Single,1,Own,234,0.3647196339455838,4,1,0.37940581384062494,0,Debt Consolidation,0,19,7,3943,1763,16039,13420,1377.1666666666667,0.9060316147084279,5,2619,0.289838,0.30857060367635747,699.7299261672252,0.6780079338016883,0,57.0
2029-01-09,28,30185,630,Employed,Master,2,24374,60,Divorced,2,Own,257,0.17086610774038924,3,0,0.5147858725470704,0,Home,0,18,20,3350,483,142766,17477,2515.4166666666665,0.7250875673719898,6,125289,0.214374,0.225357326932493,680.6286523043021,0.3727528185407198,0,51.0
2029-01-10,52,92812,629,Employed,Associate,28,24822,72,Divorced,0,Own,276,0.3616375207204755,5,0,0.45235430672153987,0,Home,0,32,16,1599,576,35541,18874,7734.333333333333,0.710221208501581,9,16667,0.22532200000000002,0.24704485404065232,664.1406105615579,0.12155418832412505,0,52.0
2029-01-11,18,61680,471,Employed,High School,0,10796,96,Single,0,Own,614,0.24127233818161817,1,0,0.47750916683634304,0,Home,0,26,4,1612,29,42451,26051,5140.0,0.918944175470107,1,16400,0.310296,0.3215200180745404,314.0726374061837,0.1805588788727984,0,59.0
2029-01-12,32,30770,535,Employed,High School,9,10947,120,Single,0,Own,331,0.11854422429676882,3,4,0.06549760695944987,0,Education,0,24,26,7785,881,71126,13374,2564.1666666666665,0.5196964109979879,7,57752,0.298447,0.29010186430603235,280.6114590143076,0.23852250595293117,0,48.0
2029-01-13,34,76054,585,Employed,High School,16,34620,36,Married,1,Rent,439,0.3403200352811291,4,0,0.14536559182209252,0,Other,0,26,7,2588,317,64347,98107,6337.833333333333,0.8433392905267698,5,3260,0.22712000000000002,0.2538277789177634,1383.5035536652733,0.28755940047838746,0,51.0
2029-01-14,44,248624,600,Unemployed,Associate,22,10455,48,Married,1,Mortgage,242,0.3379887885143824,0,2,0.27074516185307124,0,Auto,0,23,12,4852,2683,30266,37687,20718.666666666668,0.8305088481287368,5,7055,0.205455,0.1837383075907502,309.1616988490445,0.0266021799431613,1,40.0
2029-01-15,46,140488,514,Employed,Bachelor,26,14987,48,Single,0,Other,743,0.017546180146665574,1,0,0.06589630714945166,0,Home,0,26,7,4006,586,126240,44538,11707.333333333334,0.862542066125454,3,81702,0.252987,0.2165638043607055,469.3902114299997,0.1035581867288309,1,36.800000000000004
2029-01-16,23,64748,444,Employed,High School,0,21930,48,Married,0,Other,626,0.5279126684886593,1,0,0.448605016092411,0,Auto,0,29,11,8127,9049,41391,6342,5395.666666666667,0.9311574185570266,5,35049,0.29492999999999997,0.28615860369822027,772.0553586542869,0.25910706591479954,0,57.0
2029-01-17,56,97447,587,Employed,High School,32,10613,48,Married,0,Own,449,0.01605367106104981,1,2,0.047951398657502524,0,Home,0,23,3,6836,938,92449,46538,4697.666666666667,0.8971677985575656,6,45911,0.21211300000000002,0.25312993816266655,353.7518515831604,0.17088310187678146,0,51.0
2029-01-18,31,18034,608,Employed,Bachelor,7,34562,96,Married,0,Mortgage,522,0.2766659859400293,6,0,0.404959446901828,0,Other,0,27,10,2301,947,57929,13322,1502.8333333333333,0.5607962328815448,6,44607,0.265562,0.2935205673109312,937.531355056259,0.9711864400951042,0,55.0
2029-01-19,42,15000,604,Unemployed,High School,19,34145,72,Single,2,Mortgage,558,0.4131696983039041,2,2,0.3084807597199418,0,Debt Consolidation,1,16,28,696,987,69331,22912,1250.0,0.7204015236496188,4,46419,0.247145,0.2505647757003906,920.9535894542572,1.183162871563406,0,63.0
2029-01-20,44,34918,640,Employed,High School,22,30740,60,Divorced,3,Own,551,0.18383100655019416,2,0,0.387515123593322,0,Home,0,24,13,18086,178,61064,38218,2909.8333333333335,0.8184031667636769,4,22846,0.21574,0.25888799999999995,918.3474340410525,0.5049593106275454,0,51.0
2029-01-21,27,35967,498,Employed,Bachelor,5,19182,96,Married,5,Mortgage,791,0.5198440405943138,6,0,0.38857838477655465,0,Home,0,21,18,1592,547,25517,32698,2997.25,0.5844468012302882,6,6477,0.305182,0.2796422375024304,501.9966158572425,0.4313943167427617,0,56.0
2029-01-22,35,75378,556,Unemployed,Master,10,15133,48,Divorced,3,Own,483,0.23248655581249786,1,1,0.17229834980390354,0,Debt Consolidation,0,21,9,6283,1707,11135,17159,6281.5,0.8471968314974926,10,6869,0.232133,0.26163200732730413,511.63446075531414,0.1583434626689985,0,54.0
2029-01-23,35,15000,592,Employed,High School,11,42012,36,Married,3,Rent,168,0.6266005750351282,3,0,0.08315155916049477,0,Education,1,20,25,14844,252,151089,10713,1250.0,0.8414908221639313,4,140376,0.231012,0.2553973378485709,1682.405847184108,1.4803246777472865,0,56.0
2029-01-24,58,77279,530,Employed,Bachelor,35,22525,48,Married,1,Mortgage,772,0.020030300279080683,0,1,0.20610753031799608,0,Debt Consolidation,0,20,29,10444,706,26594,71087,6439.916666666667,0.935073184213277,5,10741,0.252525,0.24714124629114215,743.2773166859657,0.23529455350394785,1,40.800000000000004
2029-01-25,47,23004,564,Employed,High School,22,55856,96,Married,1,Mortgage,381,0.48025739498991776,1,1,0.21654737365552879,0,Home,0,25,11,2176,550,226547,7152,1917.0,0.9192426998811472,4,219395,0.308856,0.3201883988698191,1619.6580362028678,1.0436400814829774,0,51.0
2029-01-26,41,53287,533,Employed,Bachelor,20,30351,60,Divorced,3,Rent,181,0.27938152853521,0,0,0.5082837002799606,0,Education,0,25,18,3166,744,8694,24780,4440.583333333333,0.8080623258265693,3,9243,0.268851,0.2652314332140017,918.1468178438004,0.24752306968164103,0,58.0
2029-01-27,29,42863,554,Self-Employed,Bachelor,6,11786,36,Divorced,0,Own,321,0.36302513993426,4,2,0.3173697826199849,1,Education,0,18,16,12893,175,235893,31912,3571.9166666666665,0.965502209178233,8,203981,0.21978599999999998,0.22169050827483527,451.14408098372803,0.21617079933286837,0,66.0
2029-01-28,42,204678,645,Employed,Master,20,27047,96,Married,1,Mortgage,392,0.1880842285517447,0,1,0.4434087433497056,0,Home,0,19,23,3161,6002,58033,12082,17056.5,0.555306979706136,5,45951,0.239547,0.26481999160008085,680.6001277942752,0.06288512460318794,1,40.0
2029-01-29,50,47373,523,Employed,High School,29,21062,60,Married,0,Rent,463,0.24444223205024204,5,2,0.14354709219687148,0,Home,1,38,12,3596,1513,12956,8605,3947.75,0.5660975812654232,7,4351,0.264562,0.2755536240436468,650.1445138085871,0.2819693531273731,0,57.0
2029-01-30,58,60036,556,Employed,Master,35,21325,36,Married,1,Own,316,0.11573942313053992,1,0,0.16042364163349468,0,Education,0,26,17,4210,2011,100578,11439,5003.0,0.6275266508211051,5,89139,0.228325,0.22776561030704498,823.0034220502318,0.2276640859584713,1,37.6
2029-01-31,34,59849,594,Employed,High School,11,34313,12,Married,4,Other,352,0.24128246339370538,0,1,0.24154396121138347,0,Education,0,27,3,5952,11025,89240,9990,4987.416666666667,0.68895771371389,4,79250,0.20231300000000002,0.18407954265447513,3152.4813349712476,0.7026646396707542,0,53.0
2029-02-01,37,48430,564,Employed,Associate,15,48566,72,Divorced,1,Rent,235,0.3252220717277637,3,2,0.19134719926924534,0,Auto,0,21,4,5846,2967,8813,35307,4035.8333333333335,0.865901312007474,2,5974,0.281566,0.25815691790671264,1332.64410127889,0.38843132800633245,0,54.0
2029-02-02,63,25772,612,Employed,Bachelor,38,12655,60,Married,1,Rent,577,0.2626808011197566,1,2,0.45211277775624925,0,Auto,0,22,7,1289,3460,131542,9899,2147.6666666666665,0.8560014243976215,4,121643,0.21165499999999998,0.2390318189210412,363.34778300786235,0.43784624383417464,0,52.0
2029-02-03,58,166991,634,Self-Employed,Bachelor,32,42729,48,Divorced,3,Own,548,0.24095439297650825,6,3,0.13120724443987933,1,Education,0,24,7,788,385,40688,53781,13915.916666666666,0.8592007708202155,4,10573,0.22072900000000004,0.20436270192552003,1310.211654557285,0.1335313870489273,1,48.800000000000004
2029-02-04,26,52918,611,Employed,Bachelor,2,11945,108,Single,3,Rent,770,0.4300495794859832,3,2,0.18026874136760546,0,Education,0,25,17,19390,1443,68528,6725,4409.833333333333,0.870291460994038,6,61803,0.25144500000000003,0.25859971399860854,286.01323762471077,0.23946783422458387,0,46.0
2029-02-05,40,26620,635,Employed,Associate,20,14835,84,Married,2,Rent,406,0.312776775921999,1,1,0.6188033562485317,0,Other,0,17,18,1776,623,48109,31903,2218.3333333333335,0.9269566503794959,3,16206,0.222335,0.2366260117257454,362.9071648255223,0.34661480007161033,0,57.0
2029-02-06,57,28540,652,Employed,Associate,37,13138,24,Single,2,Rent,356,0.3817130617236337,2,2,0.4867638157118935,0,Debt Consolidation,0,21,4,1589,1953,141253,6569,2378.3333333333335,0.9372014839698913,3,134684,0.162138,0.1466326226614083,634.9176558948205,0.41664372357175355,0,51.0
2029-02-07,51,44993,562,Employed,Bachelor,26,45781,12,Married,4,Rent,434,0.35878298703663447,6,0,0.39978371556613423,0,Auto,0,29,10,522,4544,27650,34061,3749.4166666666665,0.681506007999826,7,6219,0.229781,0.24786945040354758,4346.486775458575,1.2749948059809948,0,55.0
2029-02-08,31,21185,637,Employed,Doctorate,7,12937,48,Married,2,Rent,995,0.31304129840083317,4,1,0.12237876220461262,0,Home,0,16,28,7523,431,49880,8095,1765.4166666666667,0.915256791348604,6,41785,0.18943700000000002,0.19986353864126916,393.5835441728219,0.7865472046294011,0,49.0
2029-02-09,48,58525,530,Employed,High School,26,21327,24,Single,2,Mortgage,279,0.30768047464596743,5,0,0.5406789962364537,0,Home,0,25,12,3854,1238,203437,8934,4877.083333333333,0.7556373704427062,4,194503,0.23132699999999998,0.20129931769545778,1086.8089727857425,0.28004626524440684,1,43.2
2029-02-10,35,42338,530,Employed,Associate,17,6706,60,Single,2,Mortgage,765,0.2664906963154959,1,1,0.6154380093054822,0,Debt Consolidation,0,26,29,9136,789,41415,12194,3528.1666666666665,0.8630864819550652,5,29221,0.24670599999999998,0.2428219023826915,194.01794535517786,0.2718176424078165,0,59.0
2029-02-11,50,85235,566,Employed,Associate,25,26804,60,Married,3,Mortgage,319,0.15313321603477678,5,0,0.38325958733664245,0,Education,0,22,4,1038,3452,272536,10419,7102.916666666667,0.795693651779294,3,262117,0.24880399999999997,0.19904319999999998,708.7158264685766,0.14468926987297376,1,39.2
2029-02-12,49,29407,581,Employed,Associate,27,20714,48,Divorced,0,Rent,195,0.43182101145134744,4,1,0.4461898878145605,0,Debt Consolidation,1,33,29,12735,598,19357,60595,2450.5833333333335,0.5814848593039981,1,10179,0.22521400000000003,0.21254452318707623,644.2617244907382,0.3424742644230577,0,65.0
2029-02-13,29,16649,561,Employed,Bachelor,10,22479,36,Single,1,Rent,293,0.5803620449179848,5,1,0.22684672986326027,0,Home,0,23,27,9186,679,48270,8649,1387.4166666666667,0.6095057081709245,10,39621,0.226979,0.24398959847424276,886.6309758689239,0.850235552311075,0,55.0
2029-02-14,46,21560,609,Employed,High School,25,22863,36,Divorced,1,Rent,300,0.5882142990132464,2,2,0.31957582328449635,0,Auto,0,18,29,10762,3737,80244,13877,1796.6666666666667,0.6624308771058038,4,66367,0.203363,0.19758405518350894,846.8592143873184,0.6383260933510121,0,52.0
2029-02-15,35,15000,544,Employed,Associate,13,33104,96,Single,0,Rent,512,0.1764836097785872,3,0,0.4810252857131132,0,Debt Consolidation,0,27,18,13781,205,360776,61430,1250.0,0.940695005629633,10,299346,0.296104,0.28701456511655726,883.095300491819,1.1160762403934552,0,51.0
2029-02-16,39,157287,590,Employed,Associate,17,18547,60,Divorced,2,Mortgage,350,0.25938462318801686,2,1,0.2528517415063064,0,Home,0,22,25,7532,1014,46495,23482,13107.25,0.8085977698186884,8,23013,0.228547,0.2333606934905637,526.4360217603228,0.06686650683860633,1,40.0
2029-02-17,47,36834,573,Employed,High School,23,16244,48,Married,0,Rent,972,0.4935383791887484,7,1,0.4871016044577997,0,Home,0,17,8,5326,582,17404,47459,3069.5,0.9207041823913182,5,6744,0.22474400000000003,0.25341248556672874,541.7007108293353,0.49314243714915634,0,59.0
2029-02-18,56,47813,638,Employed,Associate,33,17228,72,Married,3,Own,177,0.46593878361156027,6,2,0.1759718835971969,0,Debt Consolidation,0,21,20,199,339,355167,44642,3984.4166666666665,0.6661984773875359,4,310525,0.213228,0.2056869491191162,418.3580698666347,0.14942163926964666,1,34.4
2029-02-19,43,31659,609,Employed,Doctorate,24,11933,96,Divorced,1,Mortgage,329,0.1973056689796924,6,2,0.4596102508040828,0,Home,0,24,5,27865,467,58291,9685,2638.25,0.7753294125031022,4,48606,0.242433,0.2380989739323265,279.09617293363806,0.23049224786644104,0,55.0
2029-02-20,45,201098,516,Employed,Associate,23,39458,48,Single,0,Other,329,0.1437251812677132,1,1,0.35179108612948023,0,Home,0,22,19,1621,2972,27576,13143,16758.166666666668,0.7093987343357163,6,14433,0.276458,0.28343586926429987,1382.964545547365,0.10215703063465763,1,40.800000000000004
2029-02-21,41,138168,632,Employed,Master,21,15344,60,Married,3,Rent,575,0.15257740342009993,6,1,0.32168288141735907,0,Debt Consolidation,0,30,12,5105,2521,129686,17608,11514.0,0.5334117481973899,3,112078,0.20434400000000003,0.1991886785377491,405.82978519161713,0.08518584203505447,1,35.2
2029-02-22,31,28562,565,Unemployed,High School,9,18147,60,Married,1,Mortgage,503,0.32067692421678556,4,5,0.15639074344025383,0,Other,0,21,11,7424,902,149428,10753,2380.1666666666665,0.5342355930574197,7,138675,0.240647,0.2490664651150658,531.6457412854741,0.43469466057788986,0,51.0
2029-02-23,41,73054,565,Employed,High School,16,34895,48,Married,2,Own,509,0.2285369651495849,6,1,0.08382163431653275,0,Home,0,33,27,3901,1702,22673,6901,6087.833333333333,0.8843764366573961,3,15772,0.247395,0.2110392645858848,1082.4994492702513,0.2614229664528023,0,50.0
2029-02-24,32,43994,526,Employed,Master,8,26325,36,Single,0,Other,772,0.06427991883562369,1,1,0.48680325861821383,0,Education,0,24,18,1010,1840,78433,33955,3666.1666666666665,0.7880501785563423,5,44478,0.248325,0.24888065567099932,1045.119588165531,0.49564565754390083,0,56.0
2029-02-25,33,44202,524,Employed,High School,11,9181,48,Single,2,Mortgage,819,0.5317685691518201,1,0,0.3374502336232612,0,Home,0,19,22,24973,413,365056,2409,3683.5,0.7867363599438966,1,362647,0.242181,0.28988117557591186,325.18975558590785,0.3106256971863466,0,50.0
2029-02-26,36,50010,498,Employed,High School,13,24105,48,Married,3,Own,425,0.12462248641783903,3,1,0.3405665316541658,0,Debt Consolidation,1,25,16,5215,748,54810,59072,4167.5,0.8095257561457562,4,7387,0.270105,0.26955340289766244,825.7647801724155,0.30012352253687236,0,59.0
2029-02-27,59,116533,587,Employed,Bachelor,36,27270,24,Divorced,2,Own,408,0.15776757255583593,2,1,0.20318996161217587,0,Debt Consolidation,0,20,19,1710,862,132826,3158,9711.083333333334,0.7770473835626837,9,129668,0.20876999999999998,0.20062808111018346,1388.7654039849197,0.18502213834552475,1,36.800000000000004
2029-02-28,20,73628,595,Employed,Bachelor,0,17998,60,Widowed,2,Own,202,0.5250321159604051,2,2,0.13776433063480684,0,Debt Consolidation,0,25,14,3130,3134,42114,6528,6135.666666666667,0.8699358633104479,4,35586,0.22549799999999998,0.19943240943127932,476.26869137918425,0.11054523138683939,0,51.0
2029-03-01,55,131620,611,Employed,Associate,35,27555,48,Divorced,0,Rent,407,0.19147402922314993,5,0,0.12943189257772422,0,Education,0,28,8,4184,932,64405,39230,10968.333333333334,0.9345362277956681,7,25175,0.217055,0.18160880941492982,811.7464296433866,0.1111150065014484,1,36.0
2029-03-02,50,80717,655,Employed,Doctorate,28,18438,48,Married,2,Mortgage,456,0.14422852243635953,4,1,0.41825313071309383,0,Home,0,23,16,274,981,93397,266588,6726.416666666667,0.8828067060859505,5,9833,0.18593800000000002,0.19794419098228155,559.0574460790605,0.15090612080415186,1,38.400000000000006
2029-03-03,46,37607,569,Employed,High School,24,55349,48,Single,0,Other,363,0.33879280000069745,4,0,0.293725636653359,0,Debt Consolidation,1,22,16,3192,532,44596,4276,3133.9166666666665,0.9063022601064458,7,40320,0.265849,0.2474343445059554,1827.3024880726286,0.6989025941147007,0,59.0
2029-03-04,18,29252,503,Employed,Master,0,15526,60,Married,0,Mortgage,564,0.46891630893080244,5,0,0.1305960826700039,0,Home,0,19,16,5696,1121,105182,13377,2437.6666666666665,0.8402369343365264,1,91805,0.269026,0.26489989519672136,469.37014792144294,0.42391774152390654,0,51.0
2029-03-05,28,30089,520,Employed,Bachelor,5,13924,36,Widowed,1,Mortgage,1571,0.0688872113374025,0,2,0.4388628967315935,0,Education,0,20,6,7902,594,81798,6912,2507.4166666666665,0.8811002953950603,9,74886,0.238924,0.24004610049490857,546.3119436330726,0.8444196657780875,0,56.0
2029-03-06,45,24792,598,Unemployed,Associate,21,33296,108,Married,2,Rent,265,0.3213449996589775,3,3,0.3955741597256634,0,Auto,0,21,9,5418,2943,45939,48894,2066.0,0.8056241213704812,5,10442,0.279296,0.30060327735904885,895.9933128309387,0.5619522327352076,0,60.0
2029-03-07,40,35143,509,Employed,Associate,18,13378,12,Divorced,2,Own,389,0.3493277761743883,3,2,0.0754198601787611,0,Home,0,25,27,4526,1558,6084,14171,2928.5833333333335,0.7473470268466078,6,5621,0.22387800000000002,0.2527372154817387,1273.2790074203529,0.56760515861037,0,51.0
2029-03-08,41,30394,660,Employed,Doctorate,20,31066,36,Married,0,Mortgage,486,0.2952694233294289,0,1,0.2022074782717496,1,Education,0,28,22,1050,145,103179,2964,2532.8333333333335,0.6549091283890272,6,100215,0.186066,0.18167304047022234,1125.7193446151316,0.636330596018345,0,55.0
2029-03-09,29,61111,634,Employed,Doctorate,4,17657,36,Divorced,2,Own,454,0.32068569058442625,1,1,0.21164651768380277,0,Debt Consolidation,1,24,1,1436,691,13905,22472,5092.583333333333,0.7637474626220675,2,6343,0.18565700000000002,0.22278840000000003,676.8785603062422,0.222063830139826,0,59.0
2029-03-10,59,70394,541,Unemployed,Bachelor,34,57531,72,Married,3,Rent,331,0.26410597715788925,2,0,0.46687060550003234,0,Education,0,18,16,13889,398,20147,7418,5866.166666666667,0.9359159304270125,7,12729,0.302031,0.27867724122890286,1652.4728008808036,0.33812077180682504,0,59.0
2029-03-11,57,47807,630,Employed,High School,35,27037,60,Single,1,Own,333,0.1951908529243635,1,1,0.6034519686132928,0,Home,0,18,5,18386,5341,99300,35586,3983.9166666666665,0.8597551833821646,7,63714,0.21703700000000004,0.2158097577147219,740.3054166801099,0.2694096052913029,0,55.0
2029-03-12,24,23929,537,Unemployed,High School,0,18448,60,Divorced,0,Rent,433,0.3093698977004407,0,0,0.12053769102463574,0,Other,0,24,4,2505,5456,34472,50127,1994.0833333333333,0.7408640639296254,4,1438,0.254948,0.2753292095620926,569.2065193227049,0.5025900886736788,0,58.0
2029-03-13,41,32300,550,Unemployed,High School,18,19436,48,Single,2,Own,575,0.21733779957221513,1,0,0.1301364854953338,0,Home,0,15,9,271,623,413186,23345,2691.6666666666665,0.5253367449716596,4,389841,0.239436,0.23346307991605722,626.6459204129065,0.44643192089643585,0,49.0
2029-03-14,34,38476,574,Employed,Associate,15,15364,36,Married,3,Own,351,0.4798014807578893,5,0,0.07570587232094816,0,Debt Consolidation,0,19,6,829,350,19287,27849,3206.3333333333335,0.8435899013170804,4,3862,0.213364,0.1746036496524701,551.2951136240042,0.2814102651909775,0,54.0
2029-03-15,24,15000,588,Employed,Bachelor,4,17440,24,Married,2,Rent,204,0.3373659226510864,2,1,0.4190799929488529,1,Home,0,31,14,3027,283,45275,16963,1250.0,0.9313787154411926,6,28312,0.19844,0.17286189271026306,864.6732299276041,0.8549385839420833,0,70.0
2029-03-16,41,26195,599,Employed,Master,20,25445,60,Married,2,Mortgage,338,0.25483995510533614,1,1,0.16126807435810422,0,Education,0,18,15,4820,523,602157,41789,2182.9166666666665,0.8967959503289127,11,560368,0.230945,0.22579275243989969,711.1692919807922,0.4806272763416494,1,35.2
2029-03-17,37,68964,596,Employed,High School,14,11147,48,Married,2,Mortgage,177,0.2832136139651577,1,2,0.24445375882113848,0,Auto,0,27,20,12583,2304,65304,67272,5747.0,0.7215345520986809,11,4980,0.208147,0.22297633372038908,353.0018947430336,0.09222235857717653,1,41.6
2029-03-18,21,36135,570,Unemployed,Associate,0,17190,48,Single,3,Own,312,0.05321978502975133,3,0,0.1628516416187568,0,Education,0,32,9,1166,977,33994,49333,3011.25,0.8543977834824135,6,9204,0.22719000000000003,0.20234190988039927,525.2452204234977,0.2780390935403894,0,54.0
2029-03-19,41,64681,568,Employed,High School,18,29999,48,Married,4,Mortgage,403,0.21034228268137634,2,2,0.5160798985803706,0,Debt Consolidation,0,21,24,3632,607,137911,34169,5390.083333333333,0.8159988680832552,6,103742,0.240999,0.255573299329141,1004.028509510662,0.26104021450082626,0,54.0
2029-03-20,41,36654,528,Employed,High School,18,30718,96,Married,0,Rent,335,0.4232796541009027,4,0,0.04684409360683691,0,Home,0,29,4,2706,798,70175,2319,3054.5,0.8482295906943758,3,67856,0.301718,0.347710721783099,951.3807401746344,0.42114281884911914,0,53.0
2029-03-21,45,300000,544,Unemployed,Bachelor,24,28058,24,Married,1,Own,538,0.3899459159106556,5,2,0.12924610657443733,0,Auto,0,26,14,26864,1928,41598,54828,25000.0,0.8403135772194721,4,3144,0.23105799999999999,0.23479696535966096,1476.1809250734448,0.08056723700293779,1,40.800000000000004
2029-03-22,23,47985,596,Employed,Bachelor,3,47188,36,Married,2,Mortgage,390,0.25016465030777635,1,0,0.2792277879145919,0,Debt Consolidation,0,31,4,3057,1211,84075,5167,3998.75,0.7729765416311082,8,78908,0.234188,0.24298475277569676,1858.7230406249619,0.562356496561416,0,54.0
2029-03-23,18,88353,524,Unemployed,Master,0,15354,36,Married,1,Other,1322,0.41185745673187635,2,2,0.4338931848844025,0,Auto,0,25,17,2137,222,40757,21698,7362.75,0.8510528919980331,4,19059,0.238354,0.2529605812827311,612.8790883552251,0.26279299016742724,0,59.0
2029-03-24,37,112852,646,Employed,Master,14,33192,60,Single,1,Own,235,0.0870411819414436,2,1,0.34835805999902586,0,Home,0,28,15,4345,2356,41895,12946,9404.333333333334,0.9235798164553846,5,28949,0.215192,0.25823039999999997,990.3097350737125,0.1302920357714932,0,49.0
2029-03-25,29,60730,564,Employed,Associate,9,13440,48,Divorced,2,Mortgage,621,0.4962809589650095,2,0,0.29833237515857214,0,Education,0,24,6,642,6051,69680,57383,5060.833333333333,0.706678890098601,5,12297,0.22644,0.2278786741449442,429.21122539598207,0.2075174494442909,0,55.0
2029-03-26,31,30380,544,Employed,High School,7,24856,36,Single,0,Own,374,0.2492542579712168,4,0,0.400829057624358,0,Education,0,27,27,5834,1290,30088,18157,2531.6666666666665,0.8705734988773932,5,11931,0.23785599999999998,0.2756849455217023,1022.3475379997742,0.5515526812375672,0,57.0
2029-03-27,32,57278,586,Employed,High School,10,9561,12,Widowed,3,Rent,400,0.3434674837408934,3,2,0.2718333721458074,0,Debt Consolidation,0,17,14,1680,1637,73216,7939,4773.166666666667,0.9235169966964907,9,65277,0.18156100000000003,0.15876330549022366,866.9182933122273,0.26542511120756185,1,40.0
2029-03-28,28,60707,575,Employed,High School,7,33271,60,Married,0,Other,406,0.11852621505390545,2,1,0.13595521956619555,0,Home,0,34,20,7790,1700,120338,12544,5058.916666666667,0.7010749487246656,5,107794,0.250771,0.228133638516947,934.3609655736552,0.26495019663109465,0,45.0
2029-03-29,55,59538,620,Employed,High School,31,15291,72,Divorced,0,Own,247,0.673062800148223,6,0,0.04597293124574521,0,Auto,0,32,1,7829,2231,35879,3402,4961.5,0.4128193521230296,3,32477,0.22029100000000001,0.23162107715557884,394.82161092105986,0.12936039724298293,0,53.0
2029-03-30,35,51546,617,Employed,Bachelor,15,34936,60,Married,3,Rent,145,0.04350979860237399,6,2,0.1257705572967094,0,Other,0,25,22,1593,1426,54266,45767,4295.5,0.7927714441570805,7,8499,0.23143600000000003,0.2591439601306954,1044.230449927444,0.2768549528407505,0,46.0
2029-03-31,48,158255,663,Employed,Bachelor,28,37675,48,Divorced,0,Mortgage,378,0.1337643851021178,3,0,0.3948956031052631,0,Education,0,13,8,451,531,122785,11514,13187.916666666666,0.9233090443474667,3,111271,0.20117500000000002,0.18809871201114908,1122.7105664191652,0.11379436224466831,1,33.6
2029-04-01,30,15000,603,Employed,Associate,10,36372,72,Divorced,4,Mortgage,479,0.40775298312000474,5,0,0.08356902805754833,0,Auto,0,17,2,1413,361,28428,13434,1250.0,0.794800917998815,5,14994,0.24987199999999998,0.23451806151256244,945.4918359065288,1.139593468725223,0,54.0
2029-04-02,60,34990,634,Employed,High School,38,27905,36,Married,0,Own,308,0.2024094768587927,2,1,0.2945900540166607,0,Debt Consolidation,0,16,3,2413,106,74587,122215,2915.8333333333335,0.8130959391515835,5,5852,0.19590500000000002,0.20343408973655477,1041.9389481138292,0.46296848749259645,0,53.0
2029-04-03,33,52189,564,Employed,Associate,9,18739,48,Married,3,Rent,453,0.40922335581872576,2,2,0.33786445334808934,0,Debt Consolidation,0,25,19,3333,539,222309,9180,4349.083333333333,0.687433759851355,4,213129,0.231739,0.21286341349087806,583.156080090446,0.23824700532842846,1,40.800000000000004
2029-04-04,27,52201,536,Employed,High School,0,62981,48,Single,0,Own,433,0.41367725861838306,1,0,0.6926517904163124,0,Debt Consolidation,0,27,2,4552,509,40337,61380,4350.083333333333,0.9539879415918042,5,3905,0.289981,0.29860763938750756,2262.596038459396,0.6196653792362743,0,63.0
2029-04-05,41,30725,568,Employed,Associate,16,26205,84,Widowed,2,Mortgage,252,0.5230529970043282,3,1,0.25483832988544913,0,Debt Consolidation,0,25,13,5262,19175,219254,22696,2560.4166666666665,0.7712198510339694,6,196558,0.267205,0.28231678234716434,718.3758366817298,0.37899137640946323,0,50.0
2029-04-06,34,54575,538,Employed,Bachelor,16,28701,60,Married,0,Own,211,0.6441102598352291,5,1,0.5214749975629145,0,Debt Consolidation,0,31,7,2916,1695,228315,50218,4547.916666666667,0.8928561521421046,6,178097,0.264701,0.21700100314445464,787.8042579868737,0.21961797701955993,1,45.6
2029-04-07,45,70426,584,Employed,Bachelor,25,32335,48,Single,1,Rent,639,0.28506720779272454,3,2,0.3176790430447092,0,Home,0,21,18,3069,6254,125263,45898,5868.833333333333,0.8828567934632418,3,79365,0.23533500000000002,0.24575700351126326,1064.4978992154554,0.29026176114766516,0,52.0
2029-04-08,53,43284,492,Employed,Bachelor,28,29325,60,Married,2,Own,399,0.3272288551549416,2,2,0.31627654530492966,0,Auto,0,30,2,466,3518,17333,11717,3607.0,0.8568633181441262,8,5616,0.288325,0.2959049152144179,941.4003561072475,0.37161085558836915,0,59.0
2029-04-09,63,68043,585,Employed,Associate,40,22173,12,Single,1,Other,294,0.47318822117619674,5,1,0.2267647167371124,0,Home,1,22,20,9366,396,38123,47255,5670.25,0.5327902716088057,2,5622,0.194673,0.20830501413883773,2062.8083874996655,0.4156445284598855,0,59.0
2029-04-10,37,64463,647,Employed,Bachelor,16,33353,108,Divorced,1,Other,373,0.41552546410512126,4,0,0.1829854695252506,1,Other,0,24,22,18748,840,43191,300747,5371.916666666667,0.8730127848091012,6,2317,0.254853,0.2947395594225898,883.4855443147339,0.23389892700893236,0,60.0
2029-04-11,20,93395,544,Employed,Bachelor,0,64826,48,Single,0,Own,517,0.3071379768772275,8,1,0.27911528172492844,0,Debt Consolidation,0,19,28,1094,723,53126,385510,7782.916666666667,0.7458348468584727,8,4411,0.28782599999999997,0.31183073310801535,2378.9412664307893,0.3720894608616036,0,51.0
2029-04-12,42,39370,591,Employed,Associate,24,38171,60,Married,1,Mortgage,645,0.12684520157007217,3,0,0.2029191996539556,0,Home,0,25,28,3831,687,114818,10198,3280.8333333333335,0.9817284294102416,6,104620,0.24767099999999997,0.23556204363888636,1088.291404647195,0.5283082767530185,0,48.0
2029-04-13,21,24921,594,Employed,Associate,1,39943,96,Married,1,Own,326,0.32695232675290004,0,1,0.050098184736629636,0,Home,0,21,28,279,7651,39550,17968,2076.75,0.797453041824436,7,21582,0.277943,0.23933404409776243,937.4411478569018,0.6083742134859284,0,52.0
2029-04-14,32,78977,612,Employed,Doctorate,6,28730,60,Single,2,Rent,541,0.49300746883100466,4,3,0.6745999332796089,0,Home,1,18,4,6536,233,25734,28634,6581.416666666667,0.9155546400759714,3,8446,0.22773,0.24769230561947309,839.3810176746312,0.2097391925762636,0,65.0
2029-04-15,53,24672,522,Employed,High School,26,32695,72,Married,3,Mortgage,519,0.18512353698849793,2,0,0.2910736378530805,0,Other,0,16,1,3498,1437,10571,31944,2056.0,0.6934098257271286,5,2933,0.28669500000000003,0.2545892193155409,889.940394130716,0.6852822928651342,0,57.0
2029-04-16,53,46608,571,Employed,High School,28,7489,24,Single,0,Mortgage,250,0.3510725659609319,3,1,0.4320460405361813,1,Other,0,23,18,2154,915,172317,22641,3884.0,0.8988696085216549,3,149676,0.196989,0.21088961812266005,385.15445821034825,0.16353101395735023,0,65.0
2029-04-17,45,32103,508,Employed,Bachelor,24,2755,24,Married,1,Mortgage,357,0.5491506428331544,2,0,0.2571749069283326,1,Auto,0,16,17,4122,2811,62285,33469,2675.25,0.6750016830468715,3,28816,0.223755,0.22201265337195342,143.19828494039837,0.18697253899276642,0,66.0
2029-04-18,18,16271,589,Employed,Associate,0,14842,48,Single,0,Rent,971,0.14129242494803704,1,1,0.25360807200466123,0,Debt Consolidation,1,23,24,2888,524,139972,57016,1355.9166666666667,0.5832883929357671,3,82956,0.215342,0.23282751454277684,478.0101428179959,1.0686572253589792,0,57.0
2029-04-19,54,28206,627,Employed,High School,29,8780,48,Divorced,1,Mortgage,730,0.36805101470550217,5,1,0.1741684056687009,0,Other,0,32,24,4214,455,8164,21255,2350.5,0.9084617334135353,8,1345,0.19028000000000003,0.19704461436885862,265.7980231606158,0.4236537005575902,0,49.0
2029-04-20,50,50281,563,Unemployed,Bachelor,24,20905,60,Married,0,Own,545,0.4424790360239406,6,0,0.2712461588696259,1,Auto,0,25,3,998,270,54258,12508,4190.083333333333,0.7084578832335101,5,41750,0.24440499999999998,0.23364348586430664,593.7061169045013,0.27176216469151404,0,71.0
2029-04-21,44,47764,563,Employed,High School,20,45688,96,Married,0,Mortgage,310,0.4396683257329214,3,2,0.4436314919393825,0,Debt Consolidation,0,25,23,3764,319,129536,13026,3980.3333333333335,0.8929222346745556,3,116510,0.299188,0.304758384284263,1275.1141444513758,0.3982365323971298,0,54.0
2029-04-22,27,107410,593,Self-Employed,Doctorate,3,28222,36,Single,3,Own,373,0.3101407956780062,2,1,0.31472377192252604,0,Auto,0,27,19,8873,3274,79960,21164,8950.833333333334,0.40801830970013914,4,58796,0.216722,0.2259708981565101,1086.5480521404174,0.16306281189540087,1,43.2
2029-04-23,53,68551,572,Employed,High School,32,35658,72,Divorced,1,Mortgage,498,0.3296266267831113,2,1,0.19920089269414865,0,Education,0,21,6,2984,3542,44307,97910,5712.583333333333,0.8748976892813349,4,10555,0.264658,0.2568423203230796,975.5512952258077,0.257948323769306,0,52.0
2029-04-24,50,56386,605,Employed,Master,29,22974,72,Single,0,Mortgage,1032,0.33334590940448,3,1,0.18072537387912488,0,Education,0,25,13,2514,442,37007,34465,4698.833333333333,0.714150226329135,3,2542,0.235474,0.25958526136495924,632.4356549107961,0.35422317346379517,0,47.0
2029-04-25,26,51895,577,Employed,Bachelor,2,16387,36,Divorced,2,Mortgage,430,0.1865315661516806,4,0,0.32421906415134677,0,Auto,0,34,27,1628,1068,61055,56093,4324.583333333333,0.9265855840483408,6,4962,0.21288700000000002,0.22252427287813023,627.9689329459127,0.24464066278737745,0,53.0
2029-04-26,21,38103,544,Unemployed,Master,0,27631,24,Married,2,Mortgage,491,0.18289573495422323,2,1,0.4579306521058891,0,Home,0,27,28,2763,1568,75381,17234,3175.25,0.7229417109750028,6,58147,0.23063099999999997,0.22672485384129648,1442.6378752732428,0.6089718526960847,0,57.0
2029-04-27,46,23895,624,Employed,Doctorate,25,42564,36,Married,4,Own,401,0.13967604910821213,3,1,0.2766652126393762,0,Auto,0,29,4,8625,2971,139927,7948,1991.25,0.8995303811610581,7,131979,0.215564,0.22069727289392807,1627.074221279661,1.0184930175917946,0,49.0
2029-04-28,56,74296,659,Employed,Master,32,51798,96,Married,0,Mortgage,813,0.30459735655194076,3,1,0.20876243612993603,0,Education,1,18,11,3907,363,328583,10719,6191.333333333333,0.8437275527505734,6,317864,0.257298,0.22179441064292107,1156.7567555590492,0.3181474247161165,0,46.0
2029-04-29,32,15000,591,Employed,Bachelor,7,23482,72,Divorced,2,Mortgage,409,0.25047629277778855,5,1,0.2716488144619747,0,Debt Consolidation,0,26,25,1344,986,56302,4574,1250.0,0.7253050293927181,7,51728,0.242982,0.26932789066345575,660.6705856122707,0.8557364684898167,0,52.0
2029-04-30,40,50698,615,Self-Employed,Associate,18,30235,36,Married,4,Rent,235,0.4711640514074117,2,1,0.4426307970063882,0,Debt Consolidation,0,28,1,663,997,20225,25063,4224.833333333333,0.7124957377708502,8,8512,0.207735,0.1936037455570517,1113.8114401710502,0.3192579052832972,0,61.0
2029-05-01,43,23860,630,Unemployed,Doctorate,18,40171,48,Married,0,Mortgage,402,0.06310860791518488,2,0,0.22125361290240864,0,Home,0,28,15,4192,884,119102,40504,1988.3333333333333,0.47034920613373804,6,78598,0.22017100000000003,0.20033341555563705,1223.1318051003543,0.817333682363967,0,51.0
2029-05-02,42,15000,594,Employed,Bachelor,21,28912,36,Married,0,Rent,312,0.6699040539632846,4,1,0.1908012697660485,0,Home,0,27,28,971,2088,30540,65248,1250.0,0.7529827112514523,8,6665,0.216912,0.20066476320592122,1075.4530642673005,1.1099624514138404,0,54.0
2029-05-03,30,35641,522,Employed,Bachelor,9,27052,72,Single,0,Mortgage,431,0.025960128052569035,6,1,0.09443731831437407,0,Education,0,30,18,11472,742,113024,13306,2970.0833333333335,0.3202212341845343,3,99718,0.28105199999999997,0.26267166000084086,749.8793342350848,0.3975913136786571,0,48.0
2029-05-04,43,49929,612,Employed,Associate,21,31975,84,Married,4,Mortgage,375,0.2724658850559221,3,2,0.24872385811325576,0,Education,0,28,21,978,2235,27603,52080,4160.75,0.8656934186035109,5,3599,0.250975,0.22020667857227144,749.4526940264197,0.27025240498141434,0,50.0
2029-05-05,53,30754,598,Self-Employed,Bachelor,29,13278,84,Single,1,Mortgage,697,0.22883510787442565,3,0,0.6995858493537994,0,Home,0,24,14,11415,1382,92323,54044,2562.8333333333335,0.8984080720670117,3,38279,0.23927800000000002,0.28538871321347786,366.7002268687467,0.41504853750487614,0,62.0
2029-05-06,34,31768,557,Employed,Master,10,15550,60,Divorced,1,Rent,438,0.21550951199502344,1,1,0.3539634099103523,0,Auto,0,27,14,5898,957,57763,9452,2647.3333333333335,0.4522639509731179,3,48311,0.24205,0.22566424917737035,434.4969220127936,0.32957577008793515,0,55.0
2029-05-07,42,56227,522,Employed,High School,22,17201,36,Married,1,Mortgage,614,0.2432256542266246,6,2,0.20329149557226237,0,Home,0,17,22,1455,1487,48092,11416,4685.583333333333,0.8047343348073398,4,36676,0.241201,0.24504442357258874,679.4085606936425,0.2760400293155194,0,52.0
2029-05-08,31,111333,570,Employed,Master,8,44774,36,Married,1,Mortgage,585,0.31672187260271945,5,0,0.07056726171963372,0,Debt Consolidation,0,29,28,1740,1954,7557,12065,9277.75,0.9309503611553578,5,9044,0.24477400000000002,0.2520786472257661,1785.1324615388744,0.2554641439507288,1,39.2
2029-05-09,35,44369,551,Employed,Associate,11,27083,48,Divorced,3,Rent,369,0.0918266263593295,4,3,0.3936262827977245,0,Debt Consolidation,0,28,18,10132,846,16761,29105,3697.4166666666665,0.8267440059812536,7,7082,0.246583,0.2670280311446407,923.9068160273999,0.3496784194444049,0,54.0
2029-05-10,33,68606,506,Unemployed,High School,11,15096,96,Married,0,Own,268,0.44199631313976967,1,0,0.103992609019801,0,Home,0,28,8,3180,1204,130291,18934,5717.166666666667,0.8620333156410694,5,111357,0.29709599999999997,0.31706599739744823,434.3986221356818,0.1228578180571405,0,51.0
2029-05-11,26,50784,536,Employed,Bachelor,3,18355,72,Single,1,Mortgage,235,0.20399682599455576,5,1,0.09984835312817335,0,Debt Consolidation,0,23,27,1310,1306,84985,3504,4232.0,0.9215081291801344,4,81481,0.265355,0.2559534357513417,501.15834037224556,0.17395045850005803,0,48.0
2029-05-12,46,23752,622,Employed,High School,27,11166,48,Married,3,Mortgage,295,0.5638172840549012,3,2,0.34932130882963697,0,Home,0,28,15,5166,1394,19744,60257,1979.3333333333333,0.874618482525678,7,8659,0.19516600000000003,0.2105714416575132,346.10623800750665,0.3239000865649242,0,54.0
2029-05-13,36,55721,599,Unemployed,Bachelor,11,55687,96,Divorced,4,Mortgage,792,0.04031888959448483,3,2,0.3237059947411447,0,Education,0,28,17,2626,737,24674,45885,4643.416666666667,0.9197349115915091,7,5864,0.29118700000000003,0.29408683002249997,1512.7563880700682,0.496349251751419,0,56.0
2029-05-14,36,40065,571,Employed,High School,12,12110,24,Widowed,4,Other,491,0.18580302093234077,0,1,0.34687336040279365,0,Auto,0,28,21,2053,368,436415,20915,3338.75,0.8432645641745333,3,415500,0.20161,0.20335691072092238,618.335919469071,0.33226085195629235,1,38.400000000000006
2029-05-15,68,105027,577,Employed,High School,44,23716,60,Divorced,1,Own,391,0.2754324473611745,5,0,0.2935296526017064,1,Home,0,29,7,476,3780,6111,30030,8752.25,0.887075010089591,7,9487,0.24021599999999999,0.24082958021179843,683.4035292000957,0.12275740857494882,0,64.0
2029-05-16,51,104267,622,Unemployed,Bachelor,25,28057,48,Single,0,Own,242,0.18114364577103248,3,1,0.28527034493083625,0,Debt Consolidation,1,25,18,476,3788,69391,12591,8688.916666666666,0.8750871798061034,9,56800,0.21205700000000002,0.19050634858045104,839.6574666718468,0.12448703424920793,1,43.2
2029-05-17,39,67522,488,Employed,High School,14,21698,36,Married,1,Mortgage,693,0.3209616353270168,5,1,0.18945164445164334,1,Debt Consolidation,0,25,8,924,3918,60291,116121,5626.833333333333,0.9658976625576914,8,6633,0.262698,0.24287233645033493,854.550227381213,0.2750304008852605,0,63.0
2029-05-18,31,32794,599,Employed,Master,6,43871,84,Single,4,Rent,474,0.17498462856724745,7,1,0.36918237046737323,0,Auto,1,28,6,1003,1057,11883,17169,2732.8333333333335,0.8489604000146111,7,10791,0.269371,0.2583378771363863,1133.9410562738249,0.5883787484078153,0,62.0
2029-05-19,23,29811,594,Employed,High School,0,24123,36,Single,1,Other,319,0.4962505688594958,3,3,0.22067760283338303,0,Debt Consolidation,1,29,21,1782,1074,79651,126798,2484.25,0.7346310862877318,4,5871,0.212123,0.2186754516495264,919.6161456407287,0.4985875598835579,0,61.0
2029-05-20,25,64607,604,Employed,High School,5,53914,72,Single,1,Mortgage,105,0.17644657731827723,4,0,0.3190693898595749,0,Home,1,21,3,549,1617,873089,305973,5383.916666666667,0.8307987176853195,4,567116,0.266914,0.3012502722687265,1626.3057233508364,0.32156993329221345,0,51.0
2029-05-21,36,110500,595,Employed,High School,12,16340,60,Married,4,Rent,406,0.19914201587952082,2,1,0.4208807832851428,0,Education,0,29,20,4863,127,141102,3331,9208.333333333334,0.6506890891422414,6,137771,0.22383999999999998,0.2097118408265839,441.7870741187567,0.09206737456493284,1,40.0
2029-05-22,40,97989,589,Employed,Associate,15,16614,96,Divorced,0,Mortgage,346,0.24131179445774006,5,2,0.15398971821336824,0,Home,0,28,29,1405,664,37201,16638,8165.75,0.9564891271615534,4,20563,0.257114,0.22680615729892387,376.3837149594946,0.08846507852426228,1,39.2
2029-05-23,25,16307,581,Employed,Bachelor,3,22554,60,Married,0,Other,927,0.40283491230951146,4,1,0.6381845533833923,0,Debt Consolidation,0,28,7,29403,645,30048,6487,1358.9166666666667,0.8695640522033529,8,23561,0.237054,0.21676330550587725,618.7734827909183,1.1375042493095615,0,62.0
2029-05-24,34,59771,569,Self-Employed,High School,11,28721,60,Married,3,Other,637,0.28193407476873245,3,0,0.35277015119169586,0,Education,0,41,25,2712,637,13031,33507,4980.916666666667,0.7607152585100597,10,9269,0.24922100000000003,0.26533262336853625,869.0106867906754,0.30235612992066563,0,57.0
2029-05-25,58,128516,609,Employed,High School,34,16394,48,Married,1,Rent,259,0.6228393675223438,2,1,0.4212776579407375,0,Auto,1,31,9,14730,1945,154319,21428,10709.666666666666,0.8359835949941867,5,132891,0.206894,0.19870697115490482,497.7466443030191,0.07066014917703811,1,44.800000000000004
2029-05-26,57,23682,618,Employed,High School,34,13071,60,Married,0,Rent,257,0.25719590470589543,4,1,0.39765126232961245,0,Education,0,21,27,3743,1505,66039,34629,1973.5,0.9521354036555134,5,31410,0.209071,0.23989940113027394,375.9497617232681,0.32072448022461014,0,53.0
2029-05-27,52,54431,584,Employed,Associate,28,33066,96,Single,1,Own,781,0.17737773553579464,3,3,0.09647563863579192,0,Auto,0,27,27,16233,2682,84982,10404,4535.916666666667,0.8482263999695915,6,74578,0.27606600000000003,0.26391050830919477,830.0340596047703,0.35517276396276465,0,47.0
2029-05-28,40,44125,561,Employed,Bachelor,17,51665,48,Married,1,Rent,304,0.24226668423724018,1,1,0.30577058336670426,0,Debt Consolidation,0,26,20,6347,1045,21598,9948,3677.0833333333335,0.9278027580402011,8,11650,0.266165,0.27548125420141245,1787.302558636566,0.5687395060314739,0,55.0
2029-05-29,48,50179,590,Employed,Bachelor,30,18341,84,Married,1,Rent,285,0.5754443048610621,2,0,0.3110582256386562,0,Education,0,30,15,2909,1005,5801,21442,4181.583333333333,0.818282328607385,4,6429,0.248341,0.22638475658048016,436.9144843074593,0.17264141995036794,0,55.0
2029-05-30,59,57507,603,Self-Employed,High School,35,8100,72,Married,2,Mortgage,582,0.10667082406225299,4,1,0.07838340796362876,0,Auto,0,25,7,4048,1169,355512,16221,4792.25,0.8881921915454859,6,339291,0.2216,0.20574433282987864,196.72438805222427,0.16249661183206726,1,35.2
2029-05-31,40,148386,447,Self-Employed,Associate,16,30220,72,Single,1,Mortgage,414,0.15888611902452213,1,1,0.4059481073750604,0,Home,0,20,4,2905,165,45216,71763,12365.5,0.621778796563392,6,7244,0.32172,0.36732381944100506,1044.1579200181766,0.11792146860362918,0,59.0
2029-06-01,40,35946,575,Employed,High School,19,13358,36,Married,3,Rent,455,0.17749127198567907,2,1,0.2521907994922528,0,Other,0,23,20,3501,1957,31725,28767,2995.5,0.7015673264721994,5,2958,0.21085800000000002,0.21290656997603613,505.25922283811167,0.3205672585004546,0,52.0
2029-06-02,25,38631,581,Unemployed,High School,3,17219,60,Married,1,Other,170,0.22089498365242108,5,2,0.1425825961404716,0,Home,0,14,1,2792,1168,83263,17505,3219.25,0.7435747125838486,2,65758,0.231719,0.19408514175615757,450.54975181072314,0.192762212257738,0,56.0
2029-06-03,21,55055,485,Employed,Master,0,12485,36,Married,3,Other,368,0.05491828500902885,0,1,0.3189715858808458,0,Home,0,19,2,5955,195,36907,11156,4587.916666666667,0.9174213715261291,2,25751,0.254985,0.2540298923291136,499.06630012131615,0.18898911273191885,0,57.0
2029-06-04,31,67067,554,Self-Employed,Bachelor,5,14316,48,Divorced,1,Own,350,0.32078825045395976,2,1,0.39696914492305546,0,Debt Consolidation,0,24,18,3546,420,13491,33240,5588.916666666667,0.8118774625271471,4,8599,0.232316,0.24390341430099505,469.8225619127417,0.1466872044813828,0,57.0
2029-06-05,51,128428,560,Employed,Bachelor,30,19764,36,Single,2,Rent,230,0.009929733318587548,3,0,0.3147574531292701,1,Home,0,22,1,6461,1092,42845,78425,10702.333333333334,0.48087901334903504,3,5323,0.224764,0.226488706073359,761.4466418754671,0.09263836314904542,0,67.0
2029-06-06,56,52820,646,Employed,Associate,31,21088,12,Married,3,Rent,294,0.4558468770148499,4,2,0.22307635358221048,0,Home,0,30,24,11817,2646,93790,35792,4401.666666666667,0.7556554362729208,7,57998,0.163088,0.1822719627448726,1935.6285780562796,0.5065418958098324,0,48.0
2029-06-07,48,60731,582,Employed,Doctorate,22,39798,48,Single,1,Own,382,0.18574260961445738,0,3,0.4846702618965443,0,Auto,0,26,8,3221,512,7835,3794,5060.916666666667,0.8095981909311094,5,4041,0.24379800000000001,0.26571044847479175,1354.6988062822875,0.3431589414860195,0,56.0
2029-06-08,32,34560,597,Employed,Bachelor,10,45814,60,Single,2,Rent,150,0.1736693014769793,3,3,0.3260600168924655,0,Debt Consolidation,0,27,18,1736,1341,21445,53449,2880.0,0.8902688349818699,1,9797,0.252314,0.26618689884467955,1388.5230662774752,0.5342093980130123,0,54.0
2029-06-09,48,69289,641,Unemployed,Bachelor,24,35351,36,Married,0,Mortgage,518,0.27306172262764095,1,0,0.17468191708276815,0,Debt Consolidation,0,27,1,12510,768,108220,57335,5774.083333333333,0.6677525130243599,9,50885,0.199851,0.20244977812370435,1318.1866016167605,0.31800486685334073,0,52.0
2029-06-10,45,39947,573,Employed,Associate,19,15222,48,Single,1,Mortgage,199,0.22484160362495284,2,2,0.15451286992044508,0,Education,0,29,20,389,1446,46832,21640,3328.9166666666665,0.9718767042581662,3,25192,0.223722,0.20416502403653003,466.5956050667195,0.19994360679902456,1,40.800000000000004
2029-06-11,31,31480,509,Employed,Bachelor,9,21071,72,Married,4,Mortgage,973,0.041815100101315325,4,1,0.20616516210122288,0,Debt Consolidation,0,33,1,1614,1153,37313,25165,2623.3333333333335,0.8208461417575685,3,12148,0.281571,0.29092230628442967,621.624012562486,0.6078617582830315,0,56.0
2029-06-12,26,73904,555,Employed,Associate,5,16739,60,Single,1,Rent,916,0.1304918992956468,2,1,0.47523354597347256,0,Home,0,24,2,1679,487,114609,61574,6158.666666666667,0.7481714791875936,6,53035,0.24423899999999998,0.25681461557332025,498.0217410093287,0.22959868061420144,0,57.0
2029-06-13,49,28845,533,Employed,Associate,23,10608,72,Single,0,Rent,339,0.10458655460377603,3,0,0.18708783794741904,0,Other,0,33,14,7779,487,69276,10894,2403.75,0.8338065135341284,3,58382,0.259108,0.27017893046035363,299.0234858025166,0.2654283872293361,0,49.0
2029-06-14,30,28241,589,Employed,High School,6,30177,60,Divorced,0,Mortgage,394,0.3772785137133769,8,1,0.07989955177011611,0,Auto,0,22,20,7733,3273,73721,23669,2353.4166666666665,0.9210659270582575,4,50052,0.24067700000000003,0.26508325669131205,912.617117624122,0.5552000783077605,0,50.0
2029-06-15,40,57803,559,Employed,Bachelor,18,16548,84,Widowed,3,Rent,459,0.488170970680579,4,2,0.32143516642788306,0,Debt Consolidation,0,19,19,4320,2704,57747,155566,4816.916666666667,0.6398324978420296,5,4537,0.262048,0.2979043102902777,470.82682032625974,0.19303361147198445,0,55.0
2029-06-16,42,68128,536,Employed,Bachelor,19,29435,48,Widowed,1,Mortgage,312,0.32402194040340776,4,0,0.22701543634170354,0,Auto,0,17,17,12426,2422,80536,86327,5677.333333333333,0.68961866294811,4,10612,0.25643499999999997,0.24922852220997313,974.7139496440843,0.2266405500782206,0,52.0
2029-06-17,27,28597,529,Employed,High School,5,22798,48,Married,0,Mortgage,442,0.07479007803091817,1,0,0.2849032317133835,0,Debt Consolidation,0,23,8,1557,7032,45696,8298,2383.0833333333335,0.8031832616691812,7,37398,0.25329799999999997,0.2155549616416049,712.7852736714581,0.4845761193152252,0,54.0
2029-06-18,48,47077,624,Employed,High School,26,15021,60,Divorced,2,Mortgage,750,0.270673501881928,1,1,0.15267471634041174,0,Debt Consolidation,0,25,20,3535,7914,146288,38588,3923.0833333333335,0.8423329864380884,4,107700,0.208021,0.18146656579942907,382.63407486301054,0.28871017478505695,0,44.0
2029-06-19,43,23312,586,Employed,Bachelor,18,19318,12,Divorced,0,Mortgage,326,0.16583049763978408,3,0,0.4318451059789363,0,Other,1,27,8,1275,4536,40959,80093,1942.6666666666667,0.8777354198292583,6,3409,0.19131800000000002,0.19763873369666363,1787.3309841508228,1.087850540914974,0,64.0
2029-06-20,32,15000,574,Employed,Bachelor,12,16501,24,Single,3,Mortgage,406,0.4893821202353921,3,1,0.2699352860743458,0,Auto,0,25,19,2055,5156,75219,62226,1250.0,0.7709091036168704,4,12993,0.204501,0.1636008,810.7821535948904,0.9734257228759123,0,55.0
2029-06-21,64,21894,634,Employed,Master,44,14165,60,Single,0,Own,629,0.6758021671123612,3,0,0.23374489398860687,0,Debt Consolidation,0,20,13,534,307,102907,40684,1824.5,0.6699482438492318,4,62223,0.20216500000000004,0.20288743924971792,377.56525789528314,0.5516937560401661,0,51.0
2029-06-22,49,103642,614,Employed,High School,25,14813,96,Single,2,Mortgage,280,0.29415848687041934,3,1,0.6556359325987946,0,Auto,0,34,13,1836,73,68503,8269,8636.833333333334,0.6092843181677905,3,60234,0.242813,0.24825120052289196,356.35318518447735,0.07367899328663792,1,41.6
2029-06-23,35,44711,598,Employed,High School,12,19404,60,Married,0,Mortgage,544,0.5327553828778624,1,0,0.018313673194144148,0,Auto,0,18,26,7682,521,43734,80410,3725.9166666666665,0.6697084096263821,8,5893,0.225404,0.21188673367880026,527.0049069430233,0.2874473593369927,0,52.0
2029-06-24,48,33093,565,Employed,High School,23,12808,24,Single,2,Own,492,0.6667217349921981,5,1,0.2181722329899066,0,Home,0,21,27,3931,7542,11473,16455,2757.75,0.6461494767874539,4,6894,0.20530799999999996,0.19924860393795385,651.4033925354969,0.4146145925248833,0,55.0
2029-06-25,35,22000,581,Employed,High School,14,10955,108,Single,1,Own,394,0.11384390238103706,4,1,0.44890835733110934,0,Home,0,22,10,2690,745,29784,54957,1833.3333333333333,0.9414545884935215,8,9988,0.265455,0.23631274735556448,245.62837358327067,0.3488882037726931,0,57.0
2029-06-26,33,84203,563,Employed,Bachelor,11,14991,120,Married,2,Own,562,0.09892111871978626,6,1,0.7329334180859318,0,Auto,0,26,23,3919,2200,74400,15580,7016.916666666667,0.911749901071545,5,58820,0.288491,0.2819394449545316,375.34102561477204,0.1335830351338701,1,43.2
2029-06-27,31,20590,596,Employed,High School,5,33444,84,Married,1,Rent,350,0.2005384931487519,1,0,0.09788997585025165,0,Debt Consolidation,0,22,24,1412,514,32339,8194,1715.8333333333333,0.7558619055126587,5,24145,0.260444,0.2247319812462982,793.2578680847195,0.6662989032062475,0,52.0
2029-06-28,32,27180,601,Employed,Associate,8,20478,48,Married,1,Mortgage,242,0.09046938795317887,6,0,0.11993633219868394,0,Home,0,25,19,3126,1796,10485,7417,2265.0,0.7691906714074566,4,3068,0.214978,0.21006284684888768,634.1847254702853,0.3868365233864394,0,48.0
2029-06-29,32,24058,611,Employed,Bachelor,9,10213,24,Married,3,Mortgage,180,0.40583988061591353,6,0,0.4438427008121397,1,Home,0,24,3,1886,3050,96345,48329,2004.8333333333333,0.9193203961527482,4,48016,0.17971299999999998,0.1683503192798241,504.14466598102365,0.3412476511668586,0,71.0
2029-06-30,25,19177,538,Employed,High School,4,20134,60,Married,0,Other,250,0.5184952577445402,0,1,0.22857563377484622,0,Auto,1,31,10,16122,1008,119242,17800,1598.0833333333333,0.9162599065674244,2,101442,0.256134,0.23978450055112144,578.9624068996575,0.5187228911089269,0,57.0
2029-07-01,43,80965,576,Employed,High School,17,44311,36,Single,0,Rent,199,0.18497753727599484,1,0,0.48320727834198574,0,Home,0,29,7,39054,496,39550,37825,6747.083333333333,0.8232114762892054,6,1725,0.24131100000000003,0.250046246990064,1761.9060296128903,0.29063017792076434,0,55.0
2029-07-02,53,21882,619,Employed,Master,28,13841,48,Single,1,Rent,393,0.2694501690678317,5,1,0.32794749555355507,0,Other,0,29,14,1968,359,9877,7324,1823.5,0.9295230566350173,8,2553,0.19934100000000002,0.18865705946511582,412.86732973022094,0.44193437330969065,0,53.0
2029-07-03,25,48680,586,Employed,Bachelor,1,16164,72,Married,3,Own,349,0.5387573555253078,3,3,0.224426085685594,0,Home,0,24,2,3678,936,40823,4935,4056.6666666666665,0.9830157504162857,9,35888,0.23816400000000001,0.1964584009608001,383.862344914819,0.18065628880398168,0,58.0
2029-07-04,34,49858,538,Employed,Master,14,23528,48,Married,0,Own,172,0.3703848541108796,3,1,0.3356162899069409,0,Auto,0,16,18,2648,2093,105962,10321,4154.833333333333,0.9094989264249893,3,95641,0.249528,0.260420793631001,793.8579025627043,0.2324661003400147,0,53.0
2029-07-05,32,31983,610,Employed,Master,13,28448,84,Single,3,Own,726,0.08351204670026295,5,2,0.22153734640375,0,Auto,1,25,20,1439,1156,89191,92853,2665.25,0.6851812770280048,1,10455,0.248448,0.29664826009614537,807.0110753582258,0.57518472014191,0,55.0
2029-07-06,32,15000,565,Employed,Associate,9,24545,60,Married,0,Rent,702,0.3325534190480743,3,0,0.8224501690068213,0,Debt Consolidation,0,30,6,590,8808,80336,20601,1250.0,0.46216574050259396,1,59735,0.24704500000000001,0.2597067193894497,734.4627120971373,1.1491701696777097,0,60.0
2029-07-07,56,63634,640,Employed,High School,33,16141,48,Single,2,Own,785,0.10231286264593903,6,1,0.29728988568892073,0,Other,0,19,2,14663,4989,63335,28236,5302.833333333333,0.8737914532022472,4,35099,0.191141,0.20516797606355322,495.6318087714975,0.24149953963695464,0,52.0
2029-07-08,40,37776,618,Employed,Doctorate,17,51442,72,Married,1,Rent,462,0.2034358294956988,0,1,0.3218848739044485,0,Home,0,31,23,12136,365,23646,40783,3148.0,0.642049639790657,5,10015,0.257442,0.26095144579860735,1420.4709236997019,0.5979894929160425,0,52.0
2029-07-09,31,31942,479,Employed,High School,8,63292,96,Married,1,Rent,374,0.3510898386702335,3,2,0.17376298540523186,0,Home,0,27,1,1007,511,17930,6412,2661.8333333333335,0.8544898433524469,2,11518,0.358792,0.3722778076886879,2073.931834238048,0.9196412876731755,0,55.0
2029-07-10,45,51791,635,Employed,Master,22,13531,24,Divorced,2,Mortgage,250,0.5430236635626983,5,1,0.26787867675812554,0,Home,0,24,25,1902,841,28554,28350,4315.916666666667,0.8525725035887195,5,8516,0.171031,0.18172904158444111,676.6539914753417,0.2147061824970381,1,40.0
2029-07-11,23,23573,584,Employed,Master,1,8652,24,Married,0,Mortgage,624,0.14600489425683635,3,1,0.09280050602931886,0,Home,0,28,5,8966,6943,69448,65419,1964.4166666666667,0.6555044694377453,4,4029,0.191652,0.17361446567403635,429.2786124578682,0.5361788210874482,0,53.0
2029-07-12,49,65467,609,Employed,Associate,27,64576,60,Married,2,Mortgage,255,0.3128603780525471,2,1,0.2241171748604535,0,Other,0,30,19,385,450,108881,16007,5455.583333333333,0.8884200489567915,4,92874,0.265076,0.28917014630075716,2046.501739289019,0.4218617146267315,0,47.0
2029-07-13,46,40740,598,Employed,Bachelor,25,27176,108,Married,2,Mortgage,929,0.13890271005104624,1,0,0.3588099931461498,0,Auto,0,25,6,5385,2488,9247,55797,3395.0,0.9153133680189961,5,2454,0.273176,0.2897641017876979,710.2016255503466,0.48282816658331273,0,56.0
2029-07-14,27,82790,535,Unemployed,High School,4,29746,72,Divorced,1,Rent,280,0.12596575074236688,5,0,0.31415999516099163,0,Education,0,29,1,2932,226,31655,25007,6899.166666666667,0.8282346255393227,5,6648,0.277246,0.31979520490693786,933.1831419445447,0.17584488106455534,0,59.0
2029-07-15,23,87151,465,Employed,High School,1,24164,36,Married,0,Rent,210,0.4792989222397454,2,0,0.30073178540984097,0,Auto,0,16,22,2337,646,142797,6616,7262.583333333333,0.9481064217656155,5,136181,0.276664,0.31901807065016086,1051.1319399392833,0.17364784430782665,0,50.0
2029-07-16,22,32819,559,Employed,Bachelor,0,14687,48,Single,1,Rent,276,0.45164100379171024,4,1,0.13590489229804426,0,Home,0,25,21,6890,344,47157,29398,2734.9166666666665,0.7058473928442495,15,17759,0.230187,0.243598046972819,481.74927127204745,0.2770648482666922,0,52.0
2029-07-17,31,32615,519,Employed,Associate,9,23242,48,Married,2,Rent,179,0.09939025471681902,5,0,0.18098188819966776,0,Home,0,26,27,2560,282,9030,7270,2717.9166666666665,0.8810387937183324,9,1760,0.25874199999999997,0.23749438875807932,754.5160004950843,0.34346748446852715,0,50.0
2029-07-18,53,50152,608,Employed,Bachelor,29,22755,48,Married,2,Other,344,0.40808594115925384,5,1,0.09099959115133653,0,Home,0,26,16,3157,7779,50637,20035,4179.333333333333,0.8263508592372479,2,30602,0.213755,0.2079342529148598,702.0985536652164,0.2503027325726312,0,48.0
2029-07-19,32,73141,549,Employed,High School,8,17870,84,Married,2,Own,211,0.04856565324477105,5,1,0.5300062983115921,0,Auto,0,25,14,34547,1284,35831,30642,6095.083333333333,0.5897026878930384,5,5189,0.26837,0.2711399440517614,476.7488951542767,0.1128366681047746,0,57.0
2029-07-20,30,15000,623,Employed,Master,5,16047,60,Single,2,Rent,366,0.27793907302547727,1,0,0.2137166967640884,0,Debt Consolidation,0,21,29,472,257,81536,108718,1250.0,0.8884862274910287,2,6148,0.20954700000000004,0.21819685890046517,441.5570996433108,0.6460456797146485,0,51.0
2029-07-21,51,61298,641,Employed,Bachelor,26,14553,48,Divorced,1,Own,382,0.1609969809483793,2,0,0.17759574543030782,0,Home,0,19,11,1343,983,44290,3807,5108.166666666667,0.7994316763182516,4,40483,0.18905300000000003,0.20100364582348013,443.63163901195526,0.1616297378078153,0,46.0
2029-07-22,23,38151,506,Employed,Bachelor,0,20399,60,Single,3,Rent,449,0.6579998422937883,4,0,0.47474471521747125,0,Debt Consolidation,0,34,6,5897,1226,130670,69253,3179.25,0.7393066220537013,10,61417,0.272399,0.32393900101520706,690.2836133544199,0.3583498036815035,0,59.0
2029-07-23,49,38123,590,Self-Employed,Bachelor,25,29004,60,Married,3,Rent,378,0.29419711508554863,2,1,0.11941543456649181,0,Education,0,17,24,2771,2107,41727,48251,3176.9166666666665,0.7789489142720538,3,9634,0.239004,0.24885392318706406,849.3580963622321,0.3863362578062268,0,54.0
2029-07-24,36,89163,447,Employed,High School,13,19808,72,Married,0,Mortgage,258,0.15887023348620685,4,0,0.11579252356997233,0,Home,0,28,26,596,756,142563,13680,7430.25,0.545182578098458,5,128883,0.31130800000000003,0.2661304221398584,553.3435834259575,0.1091946547459315,1,35.2
2029-07-25,44,23609,596,Employed,Master,24,10749,72,Single,2,Other,815,0.17428069570610213,1,1,0.5782015398509791,0,Education,0,27,17,377,134,50211,47684,1967.4166666666667,0.7801168152460197,9,2527,0.227749,0.22062510235550317,270.47972342846793,0.5517284375086456,0,59.0
2029-07-26,18,48060,526,Employed,Associate,0,19439,36,Single,1,Mortgage,392,0.27718140732650337,4,2,0.4469690952666322,0,Auto,0,24,10,3182,2833,70010,11553,4005.0,0.6830219873237866,6,58457,0.24143900000000001,0.2821734923950928,806.3511061378242,0.29921375933528693,0,55.0
2029-07-27,36,96503,566,Employed,Master,11,11021,72,Single,1,Mortgage,719,0.2337534845347362,4,2,0.2255201939154175,0,Debt Consolidation,0,27,21,2902,896,14059,30863,8041.916666666667,0.8966733329322071,3,4297,0.243021,0.23525385753681274,286.9809210462483,0.12509218420727833,1,40.800000000000004
2029-07-28,45,54891,499,Employed,High School,21,69089,96,Married,3,Rent,175,0.30951242713444266,2,2,0.29433524314583115,0,Home,0,17,4,1863,160,201350,8582,4574.25,0.9093123705214791,6,192768,0.354589,0.36141976514197494,2208.7793462545133,0.5211300970114255,0,51.0
2029-07-29,23,98724,577,Employed,Bachelor,2,39020,60,Divorced,1,Rent,377,0.21701127151890706,5,1,0.5138096865013934,0,Auto,0,16,9,1373,307,29910,7655,8227.0,0.9329000902209047,5,22255,0.25552,0.2514016405359207,1148.4972527690086,0.18542570229354668,0,58.0
2029-07-30,39,32831,603,Employed,Bachelor,15,28382,48,Single,2,Mortgage,543,0.2645924254630273,4,0,0.17495793208955052,0,Education,0,24,16,1272,1193,35725,3047,2735.9166666666665,0.7695302314515257,3,32678,0.221882,0.21575673432499384,887.6801067502511,0.5229253230484303,0,48.0
2029-07-31,32,22934,614,Employed,High School,14,16415,48,Married,1,Other,389,0.05621961772335573,1,0,0.1684639500190608,1,Home,0,24,4,760,1544,17858,24889,1911.1666666666667,0.8952774361935808,4,2062,0.20441499999999999,0.19535328604323393,495.4594916408454,0.46278511815165885,0,63.0
2029-08-01,31,27790,445,Employed,Doctorate,9,13494,60,Married,1,Mortgage,232,0.13302002587039688,5,1,0.01734173166337687,0,Home,0,39,29,1990,1582,49188,12522,2315.8333333333335,0.8324625178179768,3,36666,0.29599400000000003,0.27926474348854397,419.54841479592557,0.2813451233375713,0,51.0
2029-08-02,38,81839,554,Employed,Master,17,7858,36,Single,0,Mortgage,362,0.2893026015134346,3,2,0.19603963928640686,0,Auto,0,24,17,1182,1757,328332,7615,6819.916666666667,0.47499420332840825,5,320717,0.215858,0.19715429919262265,290.8933069666677,0.09573332620877592,1,34.4
2029-08-03,45,28896,523,Employed,High School,24,11649,36,Married,0,Mortgage,968,0.17688452371743846,3,0,0.48814115053825274,0,Debt Consolidation,0,22,17,3250,1065,35282,14821,2408.0,0.9165141137928311,3,20461,0.235149,0.25841005766944686,468.3593753595283,0.5964947572091064,0,57.0
2029-08-04,52,72561,589,Employed,Associate,27,15261,108,Married,1,Other,845,0.4374626462926074,3,1,0.5244705986937251,0,Home,0,24,21,1330,233,25991,85761,6046.75,0.9606690257204945,5,8493,0.265761,0.21970290015338143,325.24637821975347,0.19353311749613486,0,59.0
2029-08-05,43,84108,627,Employed,Bachelor,19,38862,12,Married,3,Own,318,0.40048185448461177,4,1,0.1107182311877709,0,Home,0,23,13,15240,970,94501,2513,7009.0,0.6558959865670846,5,91988,0.19036200000000003,0.22725548578546398,3650.8485755404045,0.5662503317934662,0,45.0
2029-08-06,38,34875,578,Employed,Doctorate,19,21855,60,Divorced,1,Other,435,0.4226800704231699,4,1,0.3845612372113089,0,Debt Consolidation,0,27,27,674,1090,38279,73014,2906.25,0.7768849279795285,5,6668,0.23785499999999998,0.2836481798990542,685.2914733824742,0.38547663600257176,0,56.0
2029-08-07,35,15000,554,Employed,Bachelor,13,41952,48,Married,0,Mortgage,291,0.28190619661288163,1,1,0.05944918863261393,0,Auto,1,26,19,5523,888,43770,30343,1250.0,0.9259885955470157,6,13427,0.25995199999999996,0.26251744071755556,1420.4566791079806,1.3691653432863844,0,58.0
2029-08-08,38,23579,639,Employed,Doctorate,16,17727,72,Married,3,Own,342,0.358664248275148,4,0,0.3575145849242315,0,Debt Consolidation,0,25,1,4587,198,374167,13529,1964.9166666666667,0.8080593104808548,1,360638,0.213227,0.20902451046164838,433.9356994041922,0.3948949655562282,0,51.0
2029-08-09,56,60655,613,Employed,Master,33,17176,36,Single,2,Own,840,0.6114765405553069,2,3,0.3543952355245416,0,Debt Consolidation,0,35,4,3548,450,50114,4851,5054.583333333333,0.7209205550587141,5,45263,0.195676,0.19207829389182565,631.410078484167,0.29110412895573334,0,56.0
2029-08-10,18,203364,618,Employed,Bachelor,0,12805,36,Married,0,Other,353,0.52635065358458,2,2,0.45083508696654817,0,Debt Consolidation,0,21,8,1783,8365,66967,86515,16947.0,0.693104520001615,5,5840,0.18880500000000003,0.20590930595439097,479.74396309736284,0.04913813436580887,1,42.400000000000006
2029-08-11,50,29511,594,Employed,High School,27,44360,60,Married,0,Rent,327,0.15891699001356413,0,1,0.28695603351271054,0,Home,1,27,4,2295,1090,45840,5091,2459.25,0.9285526850127656,5,40749,0.25236,0.23257186947203734,1257.092803770803,0.6441365472281398,0,62.0
2029-08-12,32,21694,608,Employed,High School,10,37084,48,Married,0,Own,479,0.475326638261325,4,1,0.2021528696105797,0,Home,0,23,9,20428,2443,108314,11104,1807.8333333333333,0.8243405901877889,9,97210,0.228084,0.22588097660018425,1180.2434781097668,0.9178077688447129,0,51.0
2029-08-13,29,116106,592,Employed,Bachelor,6,26492,48,Married,2,Own,563,0.29818789259376133,3,2,0.11705890174194708,0,Auto,0,23,21,3276,917,94634,7976,9675.5,0.6268607449612055,4,86658,0.225492,0.18039360000000002,778.7474650843694,0.13867474188252488,1,37.6
2029-08-14,30,79191,577,Employed,Doctorate,7,15440,36,Divorced,0,Mortgage,324,0.24818613408828047,4,0,0.6642328506220798,0,Home,0,22,14,2785,3647,61965,32458,6599.25,0.8466396027988394,9,29507,0.21194000000000002,0.254328,617.4314882841002,0.14265734565050575,1,46.400000000000006
2029-08-15,26,72678,582,Employed,Master,2,30197,36,Married,3,Mortgage,508,0.15474216462975424,3,1,0.10962437055499073,0,Home,0,23,23,3055,806,99995,15793,6056.5,0.786667227110538,3,84202,0.224197,0.24123271412902422,1186.669812385375,0.2798100903798192,0,47.0
2029-08-16,45,68135,534,Employed,Associate,21,27425,48,Single,1,Mortgage,432,0.19218167182483162,4,0,0.027325225969068945,0,Other,0,35,2,4907,1460,65953,28675,5677.916666666667,0.7761646378481455,7,37278,0.255425,0.21396069081926383,855.0874229060055,0.22668304212037962,0,53.0
2029-08-17,38,57487,621,Employed,Master,18,6716,12,Widowed,5,Rent,453,0.2558486281492511,1,2,0.2107460643800961,1,Auto,1,29,21,8648,811,9459,73504,4790.583333333333,0.8714366575016752,8,3699,0.16121600000000003,0.15207403463693467,606.8322994043314,0.2212324106815798,0,67.0
2029-08-18,19,46247,602,Employed,Master,0,25304,96,Single,3,Mortgage,795,0.13788111600489253,4,1,0.5655180604666772,0,Debt Consolidation,0,19,4,6543,1952,69126,5642,3853.9166666666665,0.8699388693379713,4,63484,0.259304,0.2687602166038469,643.4733522123843,0.3732497292051076,0,56.0
2029-08-19,37,68641,591,Employed,High School,15,29905,84,Married,3,Mortgage,259,0.16029799169093212,5,0,0.387454183634288,0,Other,0,22,10,6608,215,29189,20260,5720.083333333333,0.8341930266576558,6,8929,0.259405,0.25334354869617787,763.3492086775192,0.17872977526740913,0,53.0
2029-08-20,45,35915,562,Employed,High School,25,38112,72,Married,1,Mortgage,284,0.09920834528935715,5,2,0.2688873606549918,0,Home,0,15,24,3198,819,24936,17033,2992.9166666666665,0.5966558105833568,6,7903,0.272112,0.28988937921795566,1121.8420363650325,0.4697230805062061,0,52.0
2029-08-21,19,62524,641,Self-Employed,Master,0,29148,60,Married,1,Mortgage,404,0.3449559819232677,0,0,0.4824191500130788,0,Home,0,30,22,40059,3230,139436,176912,5210.333333333333,0.8063028160298032,3,5885,0.213648,0.20083468819107683,773.5980765092972,0.22601204206563189,0,56.0
2029-08-22,35,67380,612,Self-Employed,Bachelor,12,46302,36,Single,0,Mortgage,370,0.4230782448138334,4,3,0.21061916304522876,1,Auto,1,21,9,8108,397,31033,15316,5615.0,0.8776699998285211,6,15717,0.225302,0.19636814141726908,1712.191896530542,0.37082669573117405,0,72.0
2029-08-23,28,48734,521,Employed,Master,8,12741,72,Married,1,Mortgage,388,0.13561327688012456,0,4,0.3770931434316352,0,Home,0,28,12,4901,4516,100924,9482,4061.1666666666665,0.7462748637672478,3,91442,0.267241,0.2551396528986143,347.23574551280143,0.1810405250164899,0,52.0
2029-08-24,27,30722,592,Unemployed,High School,6,13111,60,Single,0,Own,845,0.6283673341432323,3,1,0.16194768296662032,0,Home,0,18,18,3996,2553,98332,6827,2560.1666666666665,0.5358913418664266,6,91505,0.222111,0.22061184891807759,362.5678050302239,0.47167546580179315,0,54.0
2029-08-25,67,94368,608,Employed,Associate,46,14477,36,Married,0,Other,664,0.2571524676520881,1,2,0.03822914131636511,0,Education,0,21,12,9614,1158,179485,36331,7864.0,0.7391241129825877,1,143154,0.19547699999999998,0.18457193604417818,526.7045237300009,0.1514120706675993,1,33.6
2029-08-26,33,91100,501,Employed,Bachelor,9,15447,48,Married,0,Rent,221,0.15829584679917252,4,1,0.38313701425499813,0,Other,0,18,7,2423,7566,68963,37396,7591.666666666667,0.9418255378860778,7,31567,0.259947,0.253705179353793,515.37551488854,0.0969978724331776,1,42.400000000000006
2029-08-27,55,41062,672,Unemployed,Doctorate,37,15565,36,Married,0,Rent,262,0.4626183483030702,4,0,0.22567361256332447,0,Home,0,20,22,16158,1384,39953,29938,3421.8333333333335,0.9266147611910751,7,10015,0.164565,0.1652712586803721,551.2785267024639,0.23767333107080915,0,51.0
2029-08-28,27,35911,535,Employed,Bachelor,7,13768,36,Married,1,Other,610,0.1538649171387426,2,0,0.26491853632299367,0,Auto,1,25,15,8468,2314,69071,19640,2992.5833333333335,0.8527369852381507,4,49431,0.231268,0.21808500295331162,524.4431631496715,0.37908490317162025,0,58.0
2029-08-29,55,118974,575,Employed,Associate,35,34804,108,Married,1,Own,352,0.21649532712424788,2,1,0.13289785203197388,0,Education,0,24,23,1311,3213,76511,48202,9914.5,0.829909361004607,6,28309,0.292304,0.2892171437280801,908.1904112546962,0.12710579567852098,1,39.2
2029-08-30,32,48007,601,Employed,Master,8,18221,24,Single,1,Other,485,0.18543372240970965,4,1,0.3270594488516623,0,Home,0,34,26,932,680,109460,3435,4000.5833333333335,0.7102995413608075,11,106025,0.192721,0.20845565053976578,934.9163704235488,0.3549273323699166,0,47.0
2029-08-31,34,40896,613,Employed,Bachelor,12,18262,72,Single,1,Rent,337,0.16202296287032247,3,1,0.045113929496868134,0,Debt Consolidation,0,26,22,7958,2652,145219,5400,3408.0,0.6936594819312932,8,139819,0.226762,0.2415129504626267,482.4592232309682,0.24045165000908691,0,43.0
2029-09-01,39,15000,566,Employed,High School,16,34708,24,Married,3,Mortgage,287,0.1350434180956298,3,1,0.1420202319887169,0,Education,0,19,12,1003,910,286781,8819,1250.0,0.8715626419101782,2,277962,0.226708,0.2505246597234102,1853.332507880121,1.7122660063040966,0,45.0
2029-09-02,25,23795,505,Employed,High School,3,43735,48,Single,2,Rent,351,0.2814325390507151,2,1,0.6444639234387052,0,Home,0,33,26,1414,424,36328,17910,1982.9166666666667,0.8909614313524788,3,18418,0.28623499999999996,0.2739124768820019,1509.063021593192,0.9380439697044884,0,60.0
2029-09-03,27,61707,497,Employed,High School,3,12085,60,Single,0,Mortgage,397,0.10641621992785112,2,1,0.3433401096042313,0,Debt Consolidation,0,27,4,7907,1582,77230,16260,5142.25,0.7151284747517248,7,60970,0.268585,0.2951964095563888,387.4325986193671,0.15254656981270207,0,54.0
2029-09-04,60,38016,604,Self-Employed,Associate,36,25472,48,Married,0,Mortgage,426,0.44082585268211266,3,2,0.20645196924406722,0,Auto,0,22,2,1876,370,104485,7985,3168.0,0.6463258557873239,5,96500,0.218472,0.2307557955189412,817.4702136228485,0.39250953712842435,0,56.0
2029-09-05,46,23497,609,Employed,High School,23,27339,60,Married,3,Own,695,0.16561960473276882,4,0,0.6912156754903033,0,Home,1,24,10,393,1236,150565,22181,1958.0833333333333,0.7890869879630775,2,128384,0.227839,0.2276503964471412,767.0131755620506,0.7466552371257865,0,58.0
2029-09-06,52,38940,549,Self-Employed,Bachelor,32,26576,60,Married,0,Mortgage,299,0.19072355856222395,4,3,0.19468018207525897,0,Debt Consolidation,0,27,18,11002,193,487188,6782,3245.0,0.8260027423998709,5,480406,0.25707599999999997,0.2647803612604418,803.2363470782443,0.33967221789776403,0,47.0
2029-09-07,23,57311,614,Employed,Master,4,44083,36,Married,4,Mortgage,879,0.3797818295480624,4,0,0.29399986862504013,0,Education,0,18,10,6889,10559,68558,16901,4775.916666666667,0.8272174759710497,3,51657,0.222083,0.2495053941058779,1751.579440216464,0.5508009506481751,0,47.0
2029-09-08,35,197963,648,Unemployed,Bachelor,16,29513,36,Married,2,Rent,361,0.0993366217266165,2,1,0.27589828878053724,0,Auto,0,24,22,2466,767,3544,27006,16496.916666666668,0.9023456207964456,6,4248,0.19051300000000002,0.19059231037357355,1082.713149516888,0.08751412028612748,1,39.2
2029-09-09,49,39266,537,Employed,High School,25,20782,84,Divorced,1,Own,175,0.4248057928047539,4,1,0.04608696838761675,0,Debt Consolidation,0,18,15,4044,868,19894,12588,3272.1666666666665,0.79429751411595,2,7306,0.27728200000000003,0.2591237134168968,538.2099278501397,0.2179625919167136,0,52.0
2029-09-10,32,26201,546,Employed,Associate,10,8295,48,Single,1,Mortgage,470,0.2562795649272539,4,1,0.16404160641135973,0,Home,1,21,24,2414,182,72823,14717,2183.4166666666665,0.8969778248851347,4,58106,0.230295,0.20058500412006752,252.6784722798703,0.33098514054266803,0,56.0
2029-09-11,46,15000,558,Employed,High School,21,14744,48,Married,3,Rent,633,0.19451705681437473,4,2,0.15680020961417696,0,Other,0,23,10,1468,2198,1673385,24402,1250.0,0.8935977489423109,6,1648983,0.230744,0.2768928,511.24202852617304,0.9153936228209384,1,34.4
2029-09-12,44,27383,558,Employed,Bachelor,21,21250,60,Married,0,Own,282,0.20873481594466067,1,2,0.03565498433156332,0,Debt Consolidation,0,31,15,21732,1707,157813,25590,2281.9166666666665,0.959657761658044,7,132223,0.24724999999999997,0.23949436843872476,610.6957711210368,0.39120436962540417,0,48.0
2029-09-13,66,65485,559,Employed,Associate,44,19773,72,Married,3,Rent,477,0.09998762223693962,3,3,0.16706784015735615,1,Debt Consolidation,0,23,7,2846,248,124344,7751,5457.083333333333,0.9205055000289162,3,116593,0.25527299999999997,0.23215777675538946,511.1876651792307,0.18108348449493422,0,58.0
2029-09-14,40,54435,584,Employed,Master,16,11289,36,Divorced,3,Rent,461,0.5033535373574746,4,1,0.4368687965331577,0,Home,0,26,12,16576,7362,42752,42936,4536.25,0.8507798657160098,5,5180,0.204289,0.21992105545789628,431.0859225549539,0.19665713365774679,0,57.0
2029-09-15,34,74152,613,Employed,Bachelor,14,35878,60,Married,3,Rent,668,0.27151906147380034,0,1,0.32067228334166337,0,Debt Consolidation,0,20,29,1169,1276,429020,40139,6179.333333333333,0.842319335283899,3,388881,0.23437799999999998,0.18750239999999999,925.7714185009404,0.25791963833762116,1,36.0
2029-09-16,33,29945,492,Unemployed,Associate,14,19806,72,Married,2,Mortgage,301,0.3498805167770211,7,0,0.10631059740618623,0,Debt Consolidation,0,24,26,1082,408,113598,168729,2495.4166666666665,0.6928706610277798,8,9699,0.288806,0.2761561485092848,565.7402813928616,0.34733288952126695,0,55.0
2029-09-17,35,49984,571,Employed,High School,11,19137,108,Divorced,2,Own,311,0.6938592532849504,4,2,0.4644033415248776,0,Education,1,35,13,1965,430,30177,52936,4165.333333333333,0.8985210482600371,2,7231,0.278637,0.2793439057002852,485.96575938513286,0.19133300881525278,0,65.0
2029-09-18,31,66933,600,Employed,Bachelor,10,54026,108,Married,0,Own,899,0.20718838179841018,3,0,0.27356268263279376,0,Education,0,17,3,744,669,39260,22246,5577.75,0.611800889344827,1,17014,0.299026,0.3181011447730477,1522.3784287278424,0.43411383241053153,0,52.0
2029-09-19,49,66433,560,Employed,High School,26,25332,84,Divorced,0,Own,477,0.12380118332586026,3,1,0.156563853497442,0,Other,0,38,24,3252,128,475059,5274,5536.083333333333,0.771352867382874,7,469785,0.270332,0.2492447291919387,639.9715903658913,0.2017620622942016,1,34.4
2029-09-20,44,38943,620,Employed,Associate,22,26695,72,Married,2,Rent,350,0.27400493274767823,4,1,0.15371554205148386,0,Home,0,22,25,4903,823,20131,14761,3245.25,0.7291306854887596,11,5370,0.231695,0.23823966693387522,699.9448196622315,0.3235328001424333,0,48.0
2029-09-21,42,33297,546,Unemployed,High School,19,22037,48,Widowed,2,Own,569,0.2192167503325486,4,0,0.22816984181224334,0,Home,0,12,11,1237,191,53563,12467,2774.75,0.9454754184588174,2,41096,0.244037,0.2650970653397832,749.3615626049079,0.47512805211457176,0,56.0
2029-09-22,31,21303,568,Employed,Bachelor,9,15237,96,Married,1,Other,407,0.18779208030818811,3,1,0.4920389979154093,0,Other,0,16,16,2971,2102,61265,34716,1775.25,0.6385187220518047,3,26549,0.266237,0.29848594201087597,418.577151970555,0.4650483886610646,0,57.0
2029-09-23,42,48730,553,Employed,Bachelor,17,35605,96,Widowed,1,Mortgage,135,0.23702322143529025,1,0,0.3498486119305006,0,Auto,0,23,21,863,2460,30498,23601,4060.8333333333335,0.9361409154524856,4,6897,0.294105,0.3060028075353031,996.8107876600495,0.27871392267434014,0,55.0
2029-09-24,39,28299,491,Employed,Bachelor,19,37226,48,Married,4,Own,796,0.17353478222788474,3,0,0.26253070899728137,0,Debt Consolidation,1,26,11,1488,1155,38213,21186,2358.25,0.9909797848927392,4,17027,0.286726,0.24583832312184656,1225.6823289344723,0.8572807501047269,0,59.0
2029-09-25,39,20725,582,Employed,High School,14,20855,12,Divorced,1,Rent,297,0.4392268587325403,4,2,0.037636529769495795,0,Home,0,31,26,5047,947,38506,31154,1727.0833333333333,0.8678843836523146,8,7352,0.194855,0.20432580644823703,1936.2128932992937,1.2930545099923534,0,53.0
2029-09-26,31,40493,608,Employed,Bachelor,10,14055,36,Single,1,Other,586,0.21980160178149483,2,1,0.26195691089808376,0,Home,0,18,4,13093,1113,27292,72462,3374.4166666666665,0.881408151355801,4,7999,0.195055,0.19160616044310882,516.3424393659145,0.3266764446297132,0,53.0
2029-09-27,56,71641,601,Employed,High School,32,18309,60,Single,0,Mortgage,237,0.2516309004577115,2,0,0.38452445681915803,0,Education,0,23,5,1972,985,98786,15089,5970.083333333333,0.9364533702113834,4,83697,0.22280899999999998,0.23157575777965536,517.7982598593046,0.12643010452550432,0,51.0
2029-09-28,22,25201,594,Employed,High School,0,16692,12,Single,1,Rent,302,0.2608953756691116,4,1,0.3699943638511044,0,Home,0,23,3,15488,608,30263,12263,2100.0833333333335,0.9016927347137889,5,18000,0.18469200000000002,0.21586881595766622,1558.960531099262,0.886136517328326,0,59.0
2029-09-29,64,27533,598,Employed,High School,38,36193,36,Single,1,Mortgage,557,0.093041384785895,2,1,0.41116545846872005,0,Education,0,22,13,5432,17350,29145,24861,2294.4166666666665,0.7545699011950164,6,4284,0.222193,0.21381694626959372,1370.6769726278667,0.8401599415804454,0,57.0
2029-09-30,56,40135,574,Employed,Bachelor,35,24790,60,Single,2,Other,937,0.3129514740734716,3,1,0.31222454906161246,0,Other,0,29,16,293,4106,26478,8227,3344.5833333333335,0.9029681467577845,8,18251,0.24279,0.22905683573806723,697.4991012396057,0.4887003666344903,0,55.0
2029-10-01,39,44662,529,Employed,High School,16,34239,24,Divorced,3,Mortgage,351,0.30244104194744914,2,0,0.30992659403173967,0,Debt Consolidation,0,25,21,4429,911,43528,6231,3721.8333333333335,0.8048976183970047,7,37297,0.24473899999999998,0.21373406775672846,1765.6793773859074,0.5687195496984211,0,55.0
2029-10-02,63,121639,519,Employed,Bachelor,44,19531,72,Married,0,Rent,151,0.5293768388388845,2,3,0.33646633160455885,0,Debt Consolidation,0,14,14,656,646,70058,28932,10136.583333333334,0.8432443939664748,7,41126,0.275031,0.28552732707061307,569.4731847242122,0.07107653151284166,0,53.0
2029-10-03,35,28805,615,Unemployed,Bachelor,14,8871,108,Divorced,3,Rent,429,0.4457098511955759,1,2,0.2272587329443317,0,Debt Consolidation,0,24,4,8123,1561,31578,22371,2400.4166666666665,0.5447706137700711,7,9207,0.24637099999999998,0.22215798470729423,190.50293427576293,0.25808141681337116,0,58.0
2029-10-04,38,18742,608,Employed,High School,18,51401,48,Divorced,3,Mortgage,277,0.32279449931197285,2,1,0.29428200521582804,0,Debt Consolidation,0,23,27,10922,2990,109896,3220,1561.8333333333333,0.766090143049386,5,106676,0.242401,0.28224115080859324,1798.0329354381552,1.328587942869377,0,47.0
2029-10-05,25,172604,568,Employed,Bachelor,4,62246,36,Married,1,Rent,576,0.42498123874829813,1,0,0.21272464338821928,0,Education,0,24,2,612,685,19915,78218,14383.666666666666,0.70306942897893,5,8128,0.263246,0.2382977067674047,2436.5280702606756,0.20944089849092784,0,55.0
2029-10-06,38,26664,615,Employed,Associate,17,13032,60,Divorced,2,Rent,451,0.2121958136762701,3,1,0.37882955306487354,0,Home,0,18,7,2180,465,73058,48347,2222.0,0.8334301047867098,2,24711,0.210532,0.19528573872857774,341.8587968086729,0.3568221407779806,0,54.0
2029-10-07,43,86608,524,Employed,Master,21,17958,60,Single,0,Mortgage,397,0.202902566959577,3,0,0.15132794990425563,0,Debt Consolidation,0,28,26,3176,526,183544,26215,7217.333333333333,0.7473806221526986,6,157329,0.260958,0.27990381412314524,559.0328662093888,0.13246344904065058,1,36.0
2029-10-08,40,25137,468,Employed,Bachelor,20,44963,96,Married,3,Rent,391,0.2378270690134035,7,0,0.2597612325464995,0,Other,1,29,11,877,259,95774,4400,2094.75,0.8917255806602824,11,91374,0.345963,0.36958057965766744,1464.4002512100146,0.8857382748347128,0,58.0
2029-10-09,58,191827,631,Employed,Master,35,10217,84,Divorced,3,Mortgage,251,0.3178154134035912,3,0,0.30216399015766554,0,Education,0,24,20,3132,1176,511883,47017,15985.583333333334,0.8953842458769247,4,464866,0.21971700000000002,0.20313088837038745,228.8107682596944,0.030015217978263398,1,34.4
2029-10-10,18,66932,568,Self-Employed,Bachelor,0,54037,24,Married,2,Mortgage,267,0.2038144591311896,1,2,0.11604814010615332,0,Debt Consolidation,0,21,10,5251,866,74674,93022,5577.666666666667,0.724355607960047,8,6738,0.24503699999999998,0.2498267941239276,2883.567262130521,0.5648539883100199,0,53.0
2029-10-11,27,33445,576,Employed,High School,5,14173,96,Married,1,Rent,181,0.3124359502031726,3,0,0.1470611383422087,0,Home,0,21,1,4900,670,35187,18090,2787.0833333333335,0.5994650600559365,3,17097,0.261173,0.25664027909175535,348.86426818923724,0.19011425379790242,0,55.0
2029-10-12,55,38655,608,Employed,High School,31,39009,60,Single,0,Mortgage,444,0.18249767705178602,3,0,0.15214235681741964,0,Debt Consolidation,0,20,7,1968,1508,226738,14191,3221.25,0.8159030887472956,4,212547,0.24000899999999997,0.2260430860803639,1090.8319329822207,0.4764709143910658,0,44.0
2029-10-13,35,206927,562,Employed,Bachelor,10,11697,36,Married,1,Own,2560,0.4913322728316982,3,2,0.17655583490051355,0,Home,0,28,25,12277,67,23133,11339,17243.916666666668,0.844630817368614,7,11794,0.215697,0.20973469247708212,440.5259433464263,0.1740048969934185,1,39.2
2029-10-14,60,59740,557,Employed,High School,35,23892,36,Single,2,Rent,647,0.18231624657723833,3,1,0.23579940553507944,0,Debt Consolidation,0,24,17,3018,2224,109546,12237,4978.333333333333,0.8503581395941545,3,97309,0.23039199999999999,0.2042395536696891,893.0818148114081,0.3093569095704201,0,49.0
2029-10-15,38,48653,634,Employed,High School,17,23051,96,Single,1,Mortgage,361,0.1954824199770821,2,1,0.06625542147106016,0,Debt Consolidation,0,25,9,5849,1319,62348,14298,4054.4166666666665,0.5942935466125158,5,48050,0.24105100000000002,0.23604728249787138,536.0398193039182,0.22125003250872544,0,48.0
2029-10-16,50,38314,610,Employed,Associate,27,36020,60,Divorced,3,Rent,942,0.4467813729054729,4,1,0.2827283952802708,0,Home,0,22,21,1965,1708,84038,27212,3192.8333333333335,0.8865025643960464,6,56826,0.23602,0.24662782063462807,1050.1254285798111,0.6239365543393468,0,49.0
2029-10-17,53,131212,534,Employed,Bachelor,31,24632,36,Divorced,0,Own,425,0.25745931446668724,4,1,0.30369640601862546,0,Home,0,25,1,1550,1392,76408,31037,10934.333333333334,0.7713708053441233,2,45371,0.242632,0.2149841271358675,934.3276157649548,0.12431737485275322,1,44.800000000000004
2029-10-18,42,48235,614,Employed,Master,19,15246,72,Married,3,Rent,743,0.28684780767189805,1,0,0.5083964201851814,0,Auto,0,15,13,1463,1341,145212,32631,4019.5833333333335,0.8495197879964687,5,112581,0.223246,0.23478797458058126,396.5688243997423,0.2835042167056475,0,52.0
2029-10-19,45,19695,585,Employed,Bachelor,21,35365,12,Married,3,Mortgage,281,0.3369959721832695,6,2,0.21665147355016895,0,Home,0,29,27,3099,1133,41185,8563,1641.25,0.774905083054625,5,32622,0.20786500000000002,0.181227275421042,3244.3288949808216,2.147953629843608,0,54.0
2029-10-20,22,38347,583,Employed,Bachelor,0,14618,72,Widowed,5,Own,483,0.3317139531284009,3,0,0.25797577996484117,0,Debt Consolidation,0,19,22,2160,1756,16119,7459,3195.5833333333335,0.9396401467407702,6,8660,0.238118,0.24364647533282166,388.08788280103096,0.27259119601565623,0,53.0
2029-10-21,29,67148,592,Employed,Associate,4,19388,36,Married,3,Own,296,0.3970656517909852,3,2,0.5050227262097194,0,Home,0,23,13,9597,170,55789,8156,5595.666666666667,0.7882237278131222,1,47633,0.208388,0.17846869282022684,699.4341989253172,0.17789376283886052,1,46.400000000000006
2029-10-22,45,40044,594,Employed,Master,25,28416,24,Single,3,Rent,594,0.315092479682022,1,2,0.17708324778270543,0,Debt Consolidation,0,25,14,2460,1949,56309,127507,3337.0,0.8590707988726068,4,8230,0.206416,0.2101397994945505,1460.3697872803696,0.6156337390711326,0,51.0
2029-10-23,30,55892,480,Employed,High School,5,15459,60,Single,3,Mortgage,306,0.12489478684883491,2,2,0.10727070453330441,0,Debt Consolidation,0,23,21,1483,638,20928,4675,4657.666666666667,0.7905645595454508,3,16253,0.280459,0.29775884271321057,498.0251553267437,0.17262402247049533,0,49.0
2029-10-24,42,69867,505,Employed,High School,18,21975,36,Married,1,Mortgage,317,0.17825570306875801,5,1,0.19245808300630637,0,Debt Consolidation,1,33,25,1353,712,13858,103926,5822.25,0.7299437783546179,4,9385,0.254475,0.2729194023939583,900.5794111816692,0.2091252370100338,0,55.0
2029-10-25,57,66590,595,Unemployed,Bachelor,37,19697,36,Married,3,Mortgage,303,0.14227766826799254,4,2,0.027616562931092253,0,Other,0,22,15,4629,520,36072,51971,5549.166666666667,0.6345602510137254,7,3679,0.207197,0.2217278776158609,753.9991800085282,0.19047890314014623,0,52.0
2029-10-26,52,86173,611,Employed,High School,32,17024,48,Married,3,Rent,242,0.44560782307815233,3,3,0.3549069635176623,0,Other,1,21,17,201,393,61036,14040,7181.083333333333,0.7878149240223428,4,46996,0.206524,0.2176421488832856,534.1826583859674,0.1080871259052326,0,57.0
2029-10-27,61,51510,604,Employed,Doctorate,37,14112,24,Married,1,Rent,366,0.2803558737603228,2,2,0.05029725725620762,1,Other,0,25,3,7403,2362,58737,13266,4292.5,0.840825678058576,2,45471,0.18711199999999997,0.1959296286495966,715.4385802552512,0.25193676884222505,0,62.0
2029-10-28,62,42069,606,Employed,Bachelor,38,18275,60,Single,1,Mortgage,226,0.4919102835651993,3,0,0.3289730012553711,0,Auto,0,23,8,4211,359,118668,9187,3505.75,0.6852106009109789,1,109481,0.220275,0.19369231466356943,477.7841465591913,0.20075137889444236,0,50.0
2029-10-29,49,42826,604,Employed,Master,29,35515,36,Divorced,0,Rent,678,0.10198027562626674,1,1,0.26308970804233706,0,Education,1,15,27,5420,627,8738,60425,3568.8333333333335,0.9881190239744894,6,5789,0.218515,0.2227679384262921,1361.4247544036896,0.5714541879429382,0,55.0
2029-10-30,50,63234,587,Employed,High School,30,36829,36,Married,2,Own,159,0.07321140098063719,7,0,0.2919401998183226,0,Auto,0,29,23,2536,4452,15844,107821,5269.5,0.710804970189544,7,6240,0.228329,0.24991894889844216,1464.1567581797742,0.30802860957961364,0,51.0
2029-10-31,48,29342,585,Employed,Bachelor,23,27230,36,Married,2,Mortgage,342,0.11090539751707329,2,0,0.22297312172022188,0,Debt Consolidation,0,28,14,2409,1478,31577,9935,2445.1666666666665,0.934971014286918,5,21642,0.21973,0.21000791815941022,1025.9031539123898,0.5594314582151414,0,53.0
2029-11-01,49,24633,608,Employed,Master,29,101514,108,Married,1,Rent,392,0.022054632832752795,1,0,0.25983389839524396,0,Debt Consolidation,0,30,27,1565,1641,178579,3556,2052.75,0.9564635826810031,5,175023,0.342514,0.38652562494003445,3379.9518572811485,1.8375115612135664,0,46.0
2029-11-02,34,54487,516,Employed,Associate,9,32977,60,Divorced,0,Own,446,0.32188010846114695,6,1,0.22733737320881425,0,Debt Consolidation,1,25,13,2976,997,151464,77871,4540.583333333333,0.8893946078405857,5,73593,0.27997700000000003,0.27412035476072444,1015.1004497642866,0.32178694729332574,0,56.0
2029-11-03,33,34024,644,Employed,Doctorate,8,33616,72,Married,2,Rent,146,0.09526835252673811,1,0,0.7532019326935525,0,Debt Consolidation,0,27,4,2686,312,80384,41922,2835.3333333333335,0.7895533762629803,9,38462,0.226616,0.2001850510327272,805.5588255424753,0.3356073920323802,0,58.0
2029-11-04,64,98962,574,Employed,High School,44,39792,24,Divorced,3,Mortgage,482,0.5160180657284462,2,0,0.2694159980495533,0,Home,0,26,18,2330,2442,51884,17162,8246.833333333334,0.8668235729242265,3,34722,0.227792,0.23753450316212332,2098.9532795719065,0.3129629489588213,0,52.0
2029-11-05,30,70387,532,Employed,Bachelor,10,29662,60,Single,3,Mortgage,351,0.08955871273091696,3,3,0.31927235185930175,0,Auto,0,33,6,2898,1518,80672,35493,5865.583333333333,0.7138734222018005,5,45179,0.268662,0.2895983018523429,940.8020847130645,0.22023420541515867,0,55.0
2029-11-06,38,52546,478,Employed,High School,18,15952,60,Married,0,Other,472,0.29845245916651764,1,1,0.14832107518648938,0,Education,0,26,29,3290,1978,102104,62543,4378.833333333333,0.8233830841625824,5,39561,0.281952,0.248357959558841,466.67790564926884,0.2143671234307317,1,40.0
2029-11-07,26,29822,586,Self-Employed,Bachelor,4,47235,60,Married,2,Own,201,0.3032846451081798,2,0,0.4325581911784688,0,Auto,0,32,5,2882,189,392699,32240,2485.1666666666665,0.7673049957819718,3,360459,0.259235,0.31108199999999997,1560.5210248032465,0.7088140398913205,0,57.0
2029-11-08,44,77679,632,Employed,Bachelor,19,41604,12,Married,3,Own,975,0.1921132960283708,2,1,0.08898602706942434,0,Education,0,24,1,2065,1372,48889,11378,6473.25,0.8217788973294222,4,37511,0.19060400000000002,0.1782012845478583,3810.6938908163675,0.7393031152537547,0,50.0
2029-11-09,38,53381,544,Employed,High School,12,20482,24,Single,5,Mortgage,1064,0.14234131569120678,1,0,0.6352446929946622,0,Education,0,23,29,15486,1079,82034,2028,4448.416666666667,0.7471837809036056,6,80006,0.223482,0.2315208840745956,1074.2572286923337,0.48067827025173754,0,55.0
2029-11-10,50,123528,606,Employed,Bachelor,27,21108,60,Married,1,Rent,330,0.24278596025561405,4,1,0.4374544411983402,1,Home,0,27,16,2111,561,72487,78266,10294.0,0.7381881213946664,8,5415,0.22310799999999997,0.18996104468942165,547.5079100854888,0.0852445997751592,1,50.400000000000006
2029-11-11,25,56062,589,Employed,Associate,2,14701,24,Married,1,Rent,1048,0.20421091866932442,4,1,0.1839000754012843,0,Home,0,26,5,389,1049,44536,20781,4671.833333333333,0.654762099271748,4,23755,0.19520099999999999,0.20787282720109268,753.8853498114835,0.3856912739063502,0,52.0
2029-11-12,42,28582,616,Employed,High School,20,44507,96,Divorced,0,Mortgage,420,0.5672217482651516,5,1,0.03452791797952758,0,Home,1,26,28,1396,11220,101938,6847,2381.8333333333335,0.7829578596320064,5,95091,0.271507,0.2970583708594893,1218.2341531440197,0.6878038568934377,0,54.0
2029-11-13,47,56281,582,Employed,High School,22,11672,24,Single,0,Own,232,0.48474692916863243,4,1,0.1478396325544663,0,Debt Consolidation,0,27,10,6423,408,65890,44577,4690.083333333333,0.9101946776749259,5,21313,0.19567199999999998,0.2115353922027065,600.653926852377,0.1775349962194795,0,51.0
2029-11-14,52,23447,535,Employed,High School,31,35212,12,Married,3,Rent,426,0.45933304724251767,5,1,0.3694650418195945,0,Debt Consolidation,0,19,6,2388,876,108420,18280,1953.9166666666667,0.5743429396797478,3,90140,0.232712,0.22309700794481227,3300.895934720288,1.9073975867549562,0,57.0
2029-11-15,44,18460,498,Employed,High School,22,53975,60,Married,1,Other,1380,0.1188273014351689,1,1,0.07449470440925728,0,Debt Consolidation,0,27,14,786,1761,79146,8311,1538.3333333333333,0.610843441016975,5,70835,0.309975,0.2921432931703712,1720.3170889659468,2.0153740556658377,0,49.0
2029-11-16,71,300000,654,Employed,Bachelor,48,22766,12,Married,5,Rent,689,0.3614030936252629,3,3,0.30098651835456425,0,Home,0,24,16,3122,762,27070,29494,25000.0,0.8642391848199861,3,3583,0.16076600000000002,0.1482038656598465,2052.891719110193,0.10967566876440772,1,36.800000000000004
2029-11-17,51,85791,488,Employed,Bachelor,30,10061,120,Single,1,Mortgage,565,0.12230814213335675,3,1,0.049654788881678784,0,Education,0,19,17,5313,617,6650,20443,7149.25,0.7524987146828668,6,9710,0.32106100000000004,0.3608082453726423,311.40900687046184,0.1225875451089921,0,48.0
2029-11-18,58,110170,588,Employed,Associate,34,20849,48,Widowed,0,Rent,588,0.23519500035007235,0,0,0.17709040229336592,0,Auto,0,18,1,5843,1680,40044,255025,9180.833333333334,0.8280766810827913,8,6444,0.22184900000000002,0.20322718580780508,638.0329787436344,0.13354266810314616,1,42.400000000000006
2029-11-19,51,57543,537,Employed,High School,28,15468,36,Married,3,Rent,538,0.15881642793149975,3,1,0.29898630924454317,0,Debt Consolidation,0,36,10,287,851,135453,42338,4795.25,0.67528754831278,6,93115,0.231968,0.22628007675432235,595.7671190320664,0.23643545571806818,0,49.0
2029-11-20,50,74850,596,Employed,High School,27,16652,36,Married,1,Mortgage,353,0.4303828706891508,2,0,0.22236012755257234,0,Debt Consolidation,0,21,24,880,1375,180000,11684,6237.5,0.8834624704795042,8,168316,0.203652,0.2076843690340912,625.3871525097137,0.15685565571298016,1,39.2
2029-11-21,27,51512,588,Self-Employed,Doctorate,6,25912,60,Married,1,Mortgage,489,0.3119568134730449,5,0,0.38614320953692555,0,Auto,0,25,27,183,711,67386,12156,4292.666666666667,0.8686733378565548,5,55230,0.236912,0.2393369473809107,744.4386121327483,0.2873362196302411,0,55.0
2029-11-22,30,79471,595,Employed,Doctorate,7,18835,72,Single,0,Mortgage,288,0.0718840382291217,1,1,0.04797854669075058,0,Home,1,20,19,1755,1958,22652,52298,6622.583333333333,0.6668248661342138,5,8569,0.236335,0.20872013401258233,460.72232786915725,0.11305593152759984,0,55.0
2029-11-23,55,50353,605,Employed,High School,33,79009,60,Married,1,Mortgage,239,0.24427385841481766,6,3,0.33722471765506645,1,Home,1,22,19,9582,1751,51032,14376,4196.083333333333,0.8137824409904957,3,36656,0.281509,0.2414947610624831,2279.7883368843977,0.6002712855760883,0,69.0
2029-11-24,20,27715,565,Employed,High School,0,21729,36,Single,1,Rent,257,0.19170650962830552,5,0,0.233530040755525,0,Other,0,21,21,5236,5563,85268,9129,2309.5833333333335,0.7734680557198285,6,76139,0.22422899999999998,0.2152743571091556,824.5376555138062,0.46828258582593085,0,51.0
2029-11-25,40,27540,583,Employed,High School,18,11198,36,Single,0,Other,369,0.634743747443013,3,1,0.1532117519708801,0,Auto,0,24,19,3761,6291,64281,92573,2295.0,0.684994574336799,0,2524,0.20469800000000002,0.17850549571469396,403.99548724944856,0.33681720577318025,0,54.0
2029-11-26,46,29621,585,Employed,High School,23,24519,48,Married,0,Mortgage,691,0.5794856857809791,4,3,0.24600436314763152,0,Auto,0,18,7,4823,9666,127326,12962,2468.4166666666665,0.7251334659580391,5,114364,0.227019,0.22637420381984877,781.0072964232618,0.5963366380972669,0,52.0
2029-11-27,29,15000,560,Employed,Associate,7,26154,60,Single,2,Other,314,0.1663760301670439,1,2,0.10092842116116396,0,Home,0,21,21,2412,1410,43297,5470,1250.0,0.5834469882059442,8,37827,0.251154,0.26073461802459474,784.2008859498876,0.8785607087599101,0,51.0
2029-11-28,42,19254,513,Self-Employed,High School,17,13232,60,Single,2,Mortgage,318,0.08801125498856895,1,2,0.16300288032424348,0,Education,1,29,6,1576,625,71215,24275,1604.5,0.8381869199649373,3,46940,0.261732,0.2553720138272924,392.55504906701117,0.4428513861433538,0,62.0
2029-11-29,55,79935,530,Employed,Associate,30,26205,24,Married,3,Rent,443,0.08552754397919671,7,3,0.09973571888658338,0,Education,0,20,1,5350,1373,142094,14862,6661.25,0.687137274044919,4,127232,0.236205,0.2655072663528995,1419.0721707181376,0.27953795019225186,0,49.0
2029-11-30,65,118094,615,Employed,Master,42,17408,24,Single,1,Mortgage,184,0.4589190453345341,1,0,0.4760851844919607,0,Debt Consolidation,0,25,23,3285,1788,1616073,1687,9841.166666666666,0.9260586693725988,7,1614386,0.184908,0.17865611096667014,867.9488217079846,0.10689269446793077,1,36.0
2029-12-01,18,49111,604,Employed,Associate,0,28425,60,Married,3,Rent,315,0.3718248074643622,2,2,0.03867947872432382,0,Auto,0,24,26,4685,161,31220,13740,4092.5833333333335,0.8906437969223117,5,17480,0.231425,0.21899036828874108,783.4367262046057,0.26839691137332305,0,48.0
2029-12-02,27,79945,580,Employed,Associate,3,10464,60,Married,1,Mortgage,240,0.4803767808741812,0,3,0.39623474510750123,0,Education,0,32,9,6935,5094,27985,20539,6662.083333333333,0.7539469486001418,7,7446,0.225464,0.19940305631318542,276.88455340487485,0.07758602340181998,1,44.800000000000004
2029-12-03,68,27331,615,Employed,Bachelor,44,18367,36,Married,2,Rent,482,0.023326061111078843,1,3,0.16381659019182807,0,Education,0,27,17,5089,972,21632,41703,2277.5833333333335,0.8280262486172157,6,4431,0.19586699999999999,0.21511437115537332,696.8103410305473,0.5175706740465613,0,48.0
2029-12-04,60,47640,624,Employed,Doctorate,39,12369,60,Married,0,Other,580,0.15817318265854055,1,1,0.34295433308133205,0,Auto,0,19,6,441,1516,190124,25718,3970.0,0.8839761512409845,2,164406,0.20536900000000002,0.18466347432987906,317.2376444388816,0.2260044444430432,1,39.2
2029-12-05,34,38523,616,Employed,Bachelor,10,14942,60,Married,3,Mortgage,327,0.3963172636669487,4,1,0.20698762867030643,0,Auto,0,24,21,509,4254,13397,24539,3210.25,0.8323995295892851,7,8686,0.21194200000000002,0.21013823638896484,404.3475021267694,0.22781637010412567,0,50.0
2029-12-06,43,106833,654,Employed,Master,19,18044,60,Divorced,2,Mortgage,861,0.16685282206271054,5,0,0.13615509550411653,0,Education,0,23,9,2537,949,32208,28434,8902.75,0.7416843566134189,5,3774,0.196044,0.22699315488982455,505.55651773180637,0.1534982469160435,0,43.0
2029-12-07,18,69863,557,Employed,Bachelor,0,15716,60,Single,2,Mortgage,451,0.4404642101618113,3,2,0.09555281245298256,0,Home,0,26,6,3284,260,48017,8221,5821.916666666667,0.9509549618427979,6,39796,0.242216,0.26561359267556933,475.7814703718975,0.159188377889051,0,53.0
2029-12-08,47,46407,503,Employed,Associate,27,40073,72,Divorced,2,Own,415,0.11433015574003279,2,0,0.1893740488252366,1,Home,0,27,1,3287,420,47471,4241,3867.25,0.7660611625263632,5,43230,0.303573,0.3008055712663162,1207.6446292165756,0.4195861734350186,0,66.0
2029-12-09,66,16396,642,Employed,High School,43,40960,84,Married,0,Other,682,0.4672300434097256,1,0,0.4653613517419542,1,Home,0,32,9,1384,1184,32304,18546,1366.3333333333333,0.7733825455424247,7,13758,0.24496,0.22780096273001707,979.3511540931756,1.21591936137583,0,69.0
2029-12-10,36,29836,493,Employed,Master,17,20900,12,Married,0,Rent,428,0.676318130967941,1,0,0.2765986525279065,0,Home,0,20,23,10533,386,27193,10230,2486.3333333333335,0.9194412202905132,1,16963,0.2394,0.27342880311147544,2010.2618880441548,0.9806657278633147,0,56.0
2029-12-11,45,55680,576,Self-Employed,Master,21,15063,60,Single,5,Mortgage,511,0.08117102465911255,1,1,0.04110120800765546,0,Home,0,25,13,1046,1458,216211,28360,4640.0,0.5526173038903692,4,187851,0.23206300000000002,0.2522036711243463,444.0671386915421,0.20583343506283236,1,38.400000000000006
2029-12-12,40,105403,620,Unemployed,Master,17,26086,36,Married,3,Mortgage,239,0.24864941529367773,3,2,0.38895683559695476,0,Home,0,18,28,2740,488,109721,11115,8783.583333333334,0.8078135801917322,6,98606,0.20108600000000001,0.2226820360734321,999.8592318848183,0.14104257737083212,1,40.800000000000004
2029-12-13,50,67081,530,Employed,Bachelor,26,12697,36,Married,2,Mortgage,392,0.20176671364191748,3,0,0.1330442794314171,0,Auto,0,10,29,3192,946,26918,28805,5590.083333333333,0.9210631983476976,4,10685,0.23269700000000001,0.23290435627968173,493.4214223939091,0.158391453149579,1,40.0
2029-12-14,43,35212,616,Employed,Associate,17,14635,60,Married,5,Rent,308,0.1267555261688809,4,1,0.3348633193773763,0,Other,0,22,27,2155,675,12801,99121,2934.3333333333335,0.8949963186619606,4,9262,0.21163500000000002,0.18331910864578677,374.2803399875117,0.2325163035286306,0,51.0
2029-12-15,40,19222,573,Employed,Associate,18,13989,36,Single,0,Rent,735,0.06520663326205788,3,4,0.6273453649227015,0,Auto,0,28,4,4897,2503,20034,29797,1601.8333333333333,0.7940841582068595,4,1131,0.212489,0.21425734198646182,530.099289830653,0.7897820974907833,0,62.0
2029-12-16,38,29532,583,Employed,High School,17,13929,48,Married,5,Other,444,0.16891638562940578,2,0,0.23610107042085998,0,Other,0,24,4,1460,4230,123176,22968,2461.0,0.7685561187765164,7,100208,0.217429,0.24305404527284585,456.4659166160388,0.36589431800732986,0,52.0
2029-12-17,37,76470,550,Employed,High School,13,18357,48,Married,2,Rent,271,0.2965125860188101,3,1,0.2588592911468558,0,Education,1,27,18,3823,2261,20978,18448,6372.5,0.7402895895223627,4,2530,0.238357,0.2099927332441515,568.4300876169373,0.13172696549500781,0,58.0
2029-12-18,42,126652,586,Employed,Bachelor,18,27603,96,Single,0,Own,1326,0.15672226854240814,1,0,0.41538988271104865,0,Auto,0,16,3,2838,2060,312211,61959,10554.333333333334,0.31886676433012107,7,250252,0.269603,0.2698262293744586,703.9286015205346,0.19233129534666973,1,40.0
2029-12-19,26,43867,575,Employed,Associate,3,10461,60,Single,2,Own,618,0.287238573248854,4,0,0.4620515993188084,0,Debt Consolidation,0,37,10,6496,967,11083,32146,3655.5833333333335,0.8801478313100212,4,8438,0.22796100000000002,0.23054995501543535,295.23114874504705,0.24981817277088844,0,57.0
2029-12-20,32,176275,482,Self-Employed,Doctorate,14,24926,36,Married,3,Other,328,0.41233309571821736,0,2,0.5733314161948521,0,Home,0,25,8,1428,574,108957,32074,14689.583333333334,0.7745126408651237,6,76883,0.268926,0.2921297336905368,1047.4318378999621,0.09363314170925852,1,47.2
2029-12-21,70,169040,605,Employed,Associate,49,27800,48,Married,3,Rent,341,0.09984715008261504,1,0,0.2701587717077743,0,Other,0,23,11,2291,2371,358887,33340,14086.666666666666,0.8749834131301955,7,325547,0.2203,0.19759409008527304,842.4046103180543,0.08400884597619886,1,32.0
2029-12-22,69,44331,537,Employed,High School,47,23858,84,Married,4,Rent,249,0.2605610217839542,2,0,0.4379618636912365,0,Home,0,23,24,3104,464,127478,35059,3694.25,0.8435866252721523,4,92419,0.280358,0.29727664282683264,677.8075609648665,0.25087840859846156,0,55.0
2029-12-23,42,90030,497,Employed,Master,19,20334,60,Divorced,2,Mortgage,525,0.12578840368935562,3,0,0.37795751226952634,1,Home,1,28,24,1360,730,46168,36968,7502.5,0.9088598909570362,8,9200,0.27683399999999997,0.29736687808089735,654.5890183778034,0.15722612707468223,0,70.0
2029-12-24,49,28853,664,Employed,Master,29,48103,84,Single,2,Mortgage,193,0.2041285159153847,6,1,0.07982697389754695,1,Auto,0,20,26,10322,592,344145,2644,2404.4166666666665,0.8178577754259811,8,341501,0.241103,0.20786928664180673,1091.0938550563608,0.534056294342922,0,52.0
2029-12-25,33,18792,607,Employed,Bachelor,11,14924,36,Divorced,1,Rent,343,0.16564628172146523,4,2,0.4260315436735941,0,Debt Consolidation,0,23,26,2605,1661,17620,4723,1566.0,0.6836200406783352,8,12897,0.196424,0.2147355567654354,565.8978733368763,0.5803945551321049,0,54.0
2029-12-26,24,28902,527,Employed,Associate,2,23449,72,Single,2,Rent,237,0.26459115774294656,2,1,0.08878632786174005,0,Auto,1,17,9,3578,4381,46717,9384,2408.5,0.6271409687357957,5,37333,0.274949,0.23228592153548916,606.4034570577213,0.35017789373374353,0,59.0
2029-12-27,41,17791,546,Employed,Master,18,25700,48,Married,2,Rent,471,0.32063733011710477,7,0,0.4807721325133496,0,Debt Consolidation,0,27,22,11200,276,18290,11779,1482.5833333333333,0.9090612596726261,2,6511,0.2477,0.2825335986778052,899.4298913586762,0.9243526893543992,0,58.0
2029-12-28,22,21146,603,Employed,Associate,0,29997,36,Married,0,Mortgage,541,0.19317926566094415,0,0,0.5181831494465543,0,Other,0,15,27,2178,5471,13042,29358,1762.1666666666667,0.573736337635199,3,2140,0.213497,0.22126855540388188,1147.5685507440705,0.9582343047824102,0,56.0
2029-12-29,42,48906,531,Employed,Bachelor,18,47107,108,Married,2,Own,150,0.26091465057911695,3,2,0.2879829944956439,0,Home,0,18,29,18813,4432,43055,28431,4075.5,0.8502306501390557,8,14624,0.326607,0.34245486214295096,1411.947438073604,0.38325295990028313,0,53.0
2029-12-30,53,87676,616,Unemployed,High School,31,14698,60,Married,4,Rent,633,0.36903118060459206,3,1,0.62080413839557,0,Education,0,24,20,990,721,25611,33643,7306.333333333333,0.8250744787704188,4,1613,0.211698,0.23089540191875976,415.10002235663154,0.1434508904178975,0,57.0
2029-12-31,42,29841,466,Employed,High School,19,15893,48,Married,0,Mortgage,182,0.18776969107432812,2,1,0.20560663257476589,0,Home,0,26,11,6607,220,112701,5835,2486.75,0.8777318261555836,7,106866,0.277893,0.2712674384353738,545.9926403725109,0.2927486238554382,0,49.0
2030-01-01,32,85748,563,Employed,High School,10,24798,48,Married,0,Own,380,0.40821548211567793,3,0,0.2563728976956617,1,Home,1,32,1,3424,2520,218029,37814,7145.666666666667,0.6143219314159237,4,180215,0.23829799999999998,0.21809744334496264,778.7286115973991,0.16215822338910282,0,70.0
2030-01-02,43,108580,601,Employed,Associate,21,14066,60,Divorced,0,Own,317,0.2770195587618765,3,1,0.402241968837788,0,Home,0,25,8,1081,740,77274,17136,9048.333333333334,0.9574061121457924,1,60138,0.21856599999999998,0.19977059071105302,372.4834430034561,0.07620004895967465,1,40.800000000000004
2030-01-03,51,61939,572,Employed,Associate,28,31300,24,Single,2,Mortgage,399,0.09674108696566384,6,2,0.04046851835477951,0,Home,0,18,27,3827,236,27625,2572,5161.583333333333,0.49889907860635335,7,25053,0.2203,0.22330432996400296,1628.8982140477415,0.392882974677875,0,49.0
2030-01-04,45,56842,467,Employed,High School,19,25286,60,Married,2,Other,196,0.594489045368512,9,3,0.6134481925960348,0,Auto,0,29,7,6708,380,66147,1609,4736.833333333333,0.7303217512212528,2,64538,0.296786,0.26719147409463306,767.8773484010866,0.20348559482096054,0,58.0
2030-01-05,23,82749,541,Employed,Bachelor,1,20121,24,Married,5,Mortgage,441,0.21708240516076802,7,2,0.28679086930058495,0,Auto,0,18,18,21530,5756,52155,9394,6895.75,0.9557341130396887,5,42761,0.224621,0.22604216498382632,1049.8537630200526,0.21619892876337637,0,51.0
2030-01-06,41,69483,585,Employed,Doctorate,14,38675,96,Single,2,Mortgage,510,0.254827403920965,2,1,0.22433288619193034,0,Home,0,18,5,15511,339,25630,29941,5790.25,0.9259928757951895,6,1881,0.281175,0.23860578811014402,905.837058511708,0.24452088571507416,0,54.0
2030-01-07,55,137479,551,Employed,High School,31,46737,72,Married,0,Other,281,0.05355714228129095,1,0,0.300081061283404,0,Auto,0,21,20,4880,336,55109,7972,11456.583333333334,0.7908205913811305,4,47137,0.28623699999999996,0.29294878714101047,1384.8672619885906,0.14540698684063083,0,51.0
2030-01-08,18,63915,573,Self-Employed,Bachelor,0,19446,96,Single,0,Mortgage,638,0.304091184753975,4,0,0.599140088478275,0,Home,0,21,26,2556,618,24234,41449,5326.25,0.6649268059576338,6,5567,0.267946,0.2746112807328048,502.2288537019764,0.21407723139206314,0,61.0
2030-01-09,53,71563,627,Employed,Associate,30,22280,72,Married,5,Rent,348,0.2716135907828003,1,0,0.14333193895175433,0,Home,0,25,29,3914,2002,110290,24809,5963.583333333333,0.7557307026684743,6,85481,0.22378,0.2181932022087054,557.423149162089,0.1518253537434857,1,36.0
2030-01-10,36,108765,590,Self-Employed,Associate,13,17907,60,Single,3,Own,361,0.026408381183348862,5,0,0.2299485994868036,0,Debt Consolidation,0,32,17,1111,2912,19119,8153,9063.75,0.7813228956165194,4,10966,0.22790700000000003,0.26724159499462163,543.8476840836872,0.09983149183105086,0,53.0
2030-01-11,39,53160,628,Self-Employed,Doctorate,18,39414,108,Married,3,Mortgage,594,0.13899425865260273,3,1,0.21578666073085667,0,Home,0,24,12,2478,154,142649,86938,4430.0,0.8583806400191898,3,55711,0.27041400000000004,0.26263017758210555,954.7449130217434,0.3496038178378653,0,49.0
2030-01-12,27,44140,573,Employed,Associate,2,14863,72,Single,3,Mortgage,264,0.3791979175733995,8,1,0.6008721157844299,0,Home,0,32,23,6641,1181,111635,244551,3678.3333333333335,0.5680645221355766,6,5832,0.243363,0.2759988673393389,424.40068767786175,0.18715016429846715,0,59.0
2030-01-13,38,21850,456,Self-Employed,Bachelor,16,21739,24,Married,1,Rent,187,0.4734889297391443,3,4,0.23668299793368272,0,Debt Consolidation,0,22,25,478,244,150479,12649,1820.8333333333333,0.9673876499233853,1,137830,0.268739,0.2950923271548261,1210.003826302534,0.7672332226833138,0,54.0
2030-01-14,27,79255,531,Employed,Bachelor,2,25349,36,Married,0,Rent,536,0.33181622612549366,2,2,0.24274864810277014,0,Debt Consolidation,0,23,8,9535,702,65733,8950,6604.583333333333,0.8319610278300087,2,56783,0.244849,0.2787227417791533,1046.7771679801176,0.23964829999068088,0,51.0
2030-01-15,45,75188,605,Employed,Master,22,16964,72,Married,2,Rent,197,0.22436987160291214,1,1,0.3598027422887029,0,Home,0,19,18,3744,522,62582,17893,6265.666666666667,0.8590817854798516,6,44689,0.229464,0.25596917376678396,463.1954604571942,0.10536715334210686,0,51.0
2030-01-16,37,35383,555,Employed,Associate,11,33533,36,Divorced,2,Mortgage,548,0.07802901614096394,4,2,0.1507694955617026,0,Auto,0,21,21,770,935,101653,15025,2948.5833333333335,0.7816651837851089,3,86628,0.241033,0.2289355219377046,1296.1933851318304,0.6254506577051682,0,48.0
2030-01-17,32,26449,451,Employed,High School,6,13688,48,Married,2,Mortgage,363,0.3832333894460754,3,1,0.3680808956888381,0,Debt Consolidation,0,18,26,1044,4921,31536,14607,2204.0833333333335,0.860019053382873,5,16929,0.283188,0.2836367150699946,479.9088646190439,0.3824305786770209,0,56.0
2030-01-18,35,20085,545,Employed,High School,11,15240,24,Single,1,Rent,473,0.7636526019236579,2,1,0.04893029992179741,0,Auto,0,22,24,3467,198,19728,70050,1673.75,0.49872860346329784,2,9854,0.21774,0.1999157390644322,775.5893013218907,0.7459831523954537,0,54.0
2030-01-19,51,23487,585,Employed,High School,28,8134,72,Married,2,Own,375,0.22199041075833365,3,1,0.12880646042211208,0,Home,0,32,23,1814,2523,348675,26783,1957.25,0.8639208475949449,4,321892,0.230634,0.23607763743992238,212.20982367997638,0.30001779214713314,0,46.0
2030-01-20,47,99640,630,Self-Employed,Bachelor,21,20486,72,Single,1,Rent,300,0.3054790176680145,3,1,0.2320592307248808,0,Education,0,34,5,6565,1246,128664,39215,8303.333333333334,0.9694350561285521,8,89449,0.22048600000000002,0.25490113961963434,558.0120198704576,0.10333344277845735,0,51.0
2030-01-21,42,76127,586,Employed,Master,21,13974,48,Married,3,Mortgage,567,0.14917574907305234,4,2,0.3346066271042943,0,Debt Consolidation,0,26,29,890,2714,59069,17560,6343.916666666667,0.863891183012694,7,41509,0.21597400000000003,0.22947378563250487,447.4844816641806,0.15991453465879604,1,42.400000000000006
2030-01-22,42,47648,568,Employed,Associate,20,16746,12,Married,2,Rent,558,0.2058042037744637,1,2,0.2382994568292644,0,Education,0,29,11,8309,2334,26549,16345,3970.6666666666665,0.8472811454781152,6,10204,0.197746,0.20380136465511772,1554.305700308671,0.531977594100572,0,53.0
2030-01-23,18,120936,573,Employed,Bachelor,0,16056,84,Single,0,Rent,259,0.13176684965730415,3,1,0.17427311350211147,0,Home,0,31,11,568,3279,410424,33877,10078.0,0.6506075908886279,3,376547,0.254556,0.25435623617320013,410.8863165203956,0.06647016436995393,1,32.800000000000004
2030-01-24,43,27723,637,Employed,Doctorate,22,12265,24,Married,0,Mortgage,356,0.16036696107152498,5,0,0.25673080039534063,0,Auto,0,21,22,1298,4112,299923,15000,2310.25,0.920716253649544,4,284923,0.168765,0.1813947392367413,613.1459768836642,0.4194983126863604,1,35.2
2030-01-25,36,80375,588,Employed,Bachelor,13,28725,60,Married,0,Own,1073,0.1980797185529954,3,2,0.061834691723838105,0,Auto,0,30,1,2939,1518,125211,30653,6697.916666666667,0.918367211838202,3,94558,0.23972500000000002,0.25881642829934565,858.0283916057126,0.28830283918219035,0,50.0
2030-01-26,28,21281,528,Employed,Bachelor,5,17960,72,Widowed,0,Rent,583,0.21366233644435143,0,0,0.13733440446548745,0,Education,0,29,25,9067,2994,60821,22261,1773.4166666666667,0.8756427732641922,6,38560,0.26896,0.2515459204107131,485.4967975353701,0.6025074747626729,0,52.0
2030-01-27,51,74344,626,Employed,Bachelor,30,36904,48,Single,1,Own,929,0.23494526435241284,3,1,0.20140264160721455,0,Education,0,28,3,953,765,191244,53328,6195.333333333333,0.9220498025886689,6,137916,0.21890400000000002,0.25003621188510317,1223.7051956241917,0.3474720535280628,0,48.0
2030-01-28,51,27310,615,Employed,Associate,29,7129,24,Married,0,Other,299,0.0149428865779131,2,1,0.38745326342419434,0,Education,0,23,3,6607,1602,12973,78865,2275.8333333333335,0.9531629376840284,7,8563,0.17462899999999998,0.17734826106589024,354.99618304770996,0.2873655875713116,0,55.0
2030-01-29,59,34851,626,Employed,Bachelor,36,15911,36,Widowed,1,Rent,226,0.14154142933545658,1,1,0.2643245796096642,0,Other,0,32,11,6180,810,39049,48818,2904.25,0.7608480686309688,6,9756,0.18791100000000002,0.1990573212375875,590.5458148465693,0.28115548415135383,0,49.0
2030-01-30,56,32764,603,Employed,Bachelor,34,15836,48,Married,3,Rent,582,0.4237758927536459,3,2,0.20989221617469178,0,Home,0,30,24,3933,5137,109725,12056,2730.3333333333335,0.930510806240256,10,97669,0.209336,0.21365204694168574,493.4887479195788,0.39390382660953926,0,49.0
2030-01-31,26,77754,618,Employed,Bachelor,4,59887,72,Divorced,4,Mortgage,205,0.183053721525633,1,0,0.2896296750282581,0,Debt Consolidation,0,19,3,6692,1601,78523,38329,6479.5,0.9362758539846435,3,40194,0.265887,0.2746068675873467,1704.7743730267223,0.29474100980426304,0,51.0
2030-02-01,39,85341,570,Self-Employed,Master,19,11931,48,Married,2,Mortgage,222,0.15237420096574425,4,0,0.5597505548964707,0,Other,0,21,21,9455,993,201992,45966,7111.75,0.8992157482700783,3,156026,0.22193100000000002,0.20138151934453946,363.94343278233345,0.08239089292822913,1,44.0
2030-02-02,51,33763,544,Unemployed,High School,27,17586,96,Single,1,Mortgage,250,0.3576883325436617,2,0,0.17968359130295133,0,Debt Consolidation,0,25,17,515,1370,127834,16588,2813.5833333333335,0.8610387008179622,6,111246,0.280586,0.2966398636095217,480.84765885494494,0.2597568908645363,0,50.0
2030-02-03,47,68493,575,Employed,Master,26,13477,60,Widowed,1,Rent,274,0.3264145710797992,1,1,0.035280755664969986,0,Auto,0,19,20,25520,1564,340301,9138,5707.75,0.7702370253317224,7,331163,0.230977,0.2094662987247639,364.19363944127593,0.11181177161600911,1,35.2
2030-02-04,30,28445,581,Self-Employed,Bachelor,9,25299,72,Widowed,0,Mortgage,616,0.6007858402005842,3,2,0.5552782302184777,0,Home,0,22,8,2748,589,12142,10715,2370.4166666666665,0.7356646731361663,7,1427,0.249799,0.2288021910966487,648.9508445501446,0.5336407148743799,0,66.0
2030-02-05,51,64753,677,Self-Employed,Doctorate,29,27083,120,Married,1,Rent,346,0.424382410460413,2,1,0.21990385359222736,0,Home,0,15,17,945,1071,18128,76614,5396.083333333333,0.653661492531691,3,4552,0.243583,0.2230074820563071,565.3533604519909,0.16889163939004975,0,50.0
2030-02-06,47,71867,626,Employed,Associate,24,16100,36,Married,2,Rent,370,0.37836553204768664,4,1,0.1581360175274172,0,Other,0,29,26,7712,3629,84690,17977,5988.916666666667,0.9509369201364554,3,66713,0.18810000000000002,0.16515238475492722,570.1321800829082,0.15697867117028536,1,36.0
2030-02-07,27,32246,571,Employed,Master,8,15129,60,Married,1,Other,364,0.3135400049064411,2,0,0.16556290652825983,0,Home,0,19,27,5581,1096,59282,147231,2687.1666666666665,0.9487490719205586,5,2325,0.23462900000000003,0.25641307126213186,449.7622621005281,0.30283282097644165,0,51.0
2030-02-08,27,22225,515,Unemployed,Master,3,17868,24,Married,1,Mortgage,246,0.5809568412025733,2,2,0.25793488058362046,0,Debt Consolidation,0,31,26,5477,844,64804,15469,1852.0833333333333,0.7812331603376048,2,49335,0.235368,0.21176604640599322,919.7094962149785,0.6294044523995385,0,58.0
2030-02-09,51,35952,587,Employed,Master,30,31671,24,Married,1,Own,323,0.17219590876825597,6,1,0.07366556340831625,0,Auto,0,27,17,7237,518,118766,100789,2996.0,0.8167248667602806,4,17977,0.213171,0.21242698503837987,1631.212863954857,0.6522739866337974,0,50.0
2030-02-10,18,48740,580,Employed,Bachelor,0,15250,84,Married,0,Mortgage,355,0.4244172679221653,3,0,0.16887124586943666,0,Education,0,29,20,14369,1429,36640,2252,4061.6666666666665,0.8884830308362396,2,34388,0.25025000000000003,0.22419183246049604,361.20316753864824,0.17633233505260112,0,52.0
2030-02-11,19,15000,617,Self-Employed,Master,0,38190,24,Single,2,Mortgage,253,0.5370785895417639,3,2,0.6981353538717555,0,Other,0,25,24,2134,4063,59203,4223,1250.0,0.8065203704251759,5,54980,0.20469,0.24264843943860695,2024.1989060988988,1.8217591248791192,0,59.0
2030-02-12,68,21354,613,Employed,Associate,44,31754,96,Married,2,Rent,223,0.12080015397077612,2,0,0.5931120386472447,0,Auto,0,28,2,9886,1219,49819,5698,1779.5,0.653318804139983,4,44121,0.260254,0.21020495789226165,685.6947468725544,0.5106461066999463,0,60.0
2030-02-13,39,37827,525,Employed,Master,15,29744,60,Widowed,0,Mortgage,284,0.5024712346614896,4,0,0.49056200604338357,0,Other,0,20,1,6242,448,14205,3454,3152.25,0.7129919972557651,3,10751,0.272244,0.317719156025923,994.9417490915714,0.4057234512147106,0,62.0
2030-02-14,28,59410,559,Employed,Associate,6,11913,60,Divorced,3,Own,367,0.31022755210482805,1,0,0.19936839278476887,1,Education,0,29,25,1531,1490,57012,5635,4950.833333333333,0.9221948771036125,4,51377,0.23741299999999999,0.25432411492270796,352.6887838364816,0.1453672009095738,0,60.0
2030-02-15,20,15000,611,Employed,Bachelor,0,23808,60,Married,0,Own,200,0.39164823603136933,7,0,0.45676119682343236,0,Home,0,25,15,2820,2869,13912,25007,1250.0,0.8557630282335952,4,7492,0.223308,0.21914866623918602,656.3991723563228,0.6851193378850582,0,55.0
2030-02-16,64,73830,682,Employed,Bachelor,41,29726,48,Married,3,Other,468,0.17321046579445054,2,0,0.184037541226575,0,Home,0,21,3,8585,1000,44496,23958,6152.5,0.8650260045879464,7,20538,0.183726,0.21543212570752585,929.1935495491452,0.22709362853297768,0,46.0
2030-02-17,52,58171,643,Employed,Bachelor,26,26308,96,Married,1,Mortgage,646,0.23858059110978982,2,0,0.29110664220577137,0,Home,1,29,4,4045,496,193905,38272,4847.583333333333,0.8682037050927612,6,155633,0.23980800000000002,0.22556455265479916,593.8904851953894,0.2557749707301692,0,54.0
2030-02-18,33,40498,604,Employed,Associate,10,17928,72,Single,1,Mortgage,285,0.4684290078958053,3,0,0.32035894099229956,0,Auto,0,22,26,15078,4114,60810,21906,3374.8333333333335,0.8836248028942607,5,38904,0.230928,0.2413707813815986,473.48039123637864,0.22474602930605322,0,53.0
2030-02-19,59,48959,530,Employed,High School,38,25743,60,Single,0,Rent,821,0.38102394000412687,4,0,0.388432880761757,0,Education,0,22,3,2182,3494,6328,18198,4079.9166666666665,0.8403020864587389,5,6105,0.265743,0.26724336501326895,781.8350126950318,0.3928597428938578,0,58.0
2030-02-20,32,15000,589,Employed,High School,10,34084,24,Single,5,Rent,383,0.38856820884759097,0,2,0.1869746441621129,0,Auto,0,22,3,5142,1419,37377,11798,1250.0,0.8428615767175551,6,25579,0.214584,0.2240046746932592,1774.962789635248,1.7263702317081986,0,55.0
2030-02-21,71,132569,657,Employed,Doctorate,47,26079,60,Married,0,Other,439,0.10658482181470547,5,0,0.32171840026700826,0,Debt Consolidation,0,28,10,1402,530,38930,9059,11047.416666666666,0.870890391630353,8,29871,0.202579,0.19422065839044486,682.5745442094244,0.10152369355213582,1,36.0
2030-02-22,22,15000,579,Employed,Master,0,39402,48,Single,3,Own,221,0.605652232657537,3,0,0.47059223749847057,0,Home,0,35,1,3523,100,24372,21073,1250.0,0.8362900577328282,4,3299,0.244902,0.2522723650335009,1311.455924512576,1.2259647396100608,0,64.0
2030-02-23,66,41028,611,Unemployed,High School,44,31748,36,Divorced,1,Rent,128,0.14172654693544262,5,0,0.23112917423232163,0,Debt Consolidation,0,20,28,2482,966,242310,29427,3419.0,0.8733316348948811,9,212883,0.211248,0.23971858117504458,1245.0955424360754,0.401607353739712,0,48.0
2030-02-24,21,73391,550,Employed,High School,0,19398,72,Widowed,0,Rent,612,0.13213556439961807,1,1,0.41687243046424455,0,Education,0,23,17,3218,1512,56117,6803,6115.916666666667,0.5776320351362216,6,49314,0.259398,0.2442753731715102,515.7340934993673,0.18439330601834564,0,55.0
2030-02-25,54,27647,626,Employed,High School,32,17308,60,Married,0,Rent,556,0.29828285554554046,3,2,0.15024670561865916,0,Auto,0,19,19,5078,1999,27302,12139,2303.9166666666665,0.8006308695826739,5,15163,0.209308,0.22189464797200428,479.8944725055264,0.44962323832843776,0,49.0
2030-02-26,26,42888,418,Employed,Bachelor,7,25817,36,Single,2,Mortgage,894,0.40557435811462383,0,1,0.14559144075300945,0,Home,0,23,15,1923,515,143421,148471,3574.0,0.9769329158793524,3,4507,0.301817,0.34881452534719126,1166.127374666632,0.576420642044385,0,52.0
2030-02-27,27,59902,599,Employed,Master,4,24585,24,Divorced,2,Mortgage,678,0.16803135085897505,5,1,0.331793783535499,0,Debt Consolidation,0,26,19,7902,3880,34676,36020,4991.833333333333,0.7334285265991897,5,6023,0.20008499999999999,0.218768737928115,1273.9300770748832,0.3910246890737972,0,53.0
2030-02-28,27,20953,530,Employed,Bachelor,5,20148,36,Married,5,Own,285,0.5868525547065414,4,0,0.3629663452476258,0,Education,0,24,28,1399,287,36725,24861,1746.0833333333333,0.6538077630537816,3,11864,0.240148,0.23461517024384682,784.7782339064448,0.6126730686239363,0,57.0
2030-03-01,30,81675,447,Employed,Bachelor,4,12698,60,Divorced,2,Mortgage,488,0.24926912873805093,2,1,0.25576057366791216,0,Debt Consolidation,0,23,8,1856,569,40807,9731,6806.25,0.8040004033799273,4,31076,0.294198,0.3530376,453.1280689919892,0.13827409645428676,0,52.0
2030-03-02,38,21203,556,Employed,High School,18,10099,24,Single,0,Own,245,0.1911457825698343,2,1,0.4862473929317996,0,Other,0,26,18,704,738,33763,84060,1766.9166666666667,0.8849226447470392,3,9457,0.20709899999999998,0.2006397970869831,514.3124126670517,0.42973866679265293,0,57.0
2030-03-03,32,31564,614,Employed,Bachelor,11,35130,36,Single,2,Rent,566,0.09856270504209348,2,0,0.04813054428796221,0,Debt Consolidation,0,33,23,1226,2148,123026,36077,2630.3333333333335,0.8951587048296792,12,86949,0.21313,0.22088537151920903,1343.2402125772567,0.7258548520760068,0,45.0
2030-03-04,45,52619,549,Self-Employed,Bachelor,24,26533,60,Married,3,Rent,554,0.2605900410814437,2,2,0.4070579723534378,0,Education,0,28,4,1132,6597,65819,29109,4384.916666666667,0.7085679067008083,4,36710,0.257033,0.2594366372509061,793.5257851910698,0.3073093259524665,0,62.0
2030-03-05,19,76713,618,Employed,Master,0,23381,120,Married,2,Mortgage,181,0.31971741936143544,2,0,0.6198580432253339,0,Debt Consolidation,0,21,18,2863,3382,9805,29586,6392.75,0.7593693378953194,3,2710,0.269381,0.3129167480677935,638.7853968074874,0.12823673642915606,0,55.0
2030-03-06,40,54340,589,Employed,Associate,13,24059,60,Divorced,0,Mortgage,267,0.17220247147288126,3,0,0.19652292923650394,0,Education,0,31,25,14969,2656,279140,3346,4528.333333333333,0.9671610462404342,4,275794,0.23455900000000002,0.20011837903243673,637.5748302745812,0.1997588878044714,1,34.4
2030-03-07,64,69687,654,Employed,Master,42,26275,96,Married,0,Own,206,0.5137941918424522,3,1,0.06786078463972917,0,Auto,0,26,22,448,1056,153467,2933,5807.25,0.9217471138861103,2,150534,0.234275,0.2245481979332102,591.4252984586549,0.1373154760788075,1,32.800000000000004
2030-03-08,38,69353,623,Employed,High School,15,26043,12,Single,1,Mortgage,523,0.29284954707368777,2,0,0.05963102130053067,0,Auto,0,26,11,12843,1175,25614,20379,5779.416666666667,0.6623842245241824,5,5235,0.17954300000000004,0.19079466666542644,2401.02158420845,0.5059371477874266,0,47.0
2030-03-09,67,83230,622,Employed,High School,47,48228,72,Married,1,Rent,611,0.2749277293292738,7,1,0.2926169860568076,0,Debt Consolidation,0,31,23,1062,382,126821,16015,6935.833333333333,0.8274603765824434,6,110806,0.252228,0.21331068751654544,1192.7076147518196,0.2600563664186211,0,44.0
2030-03-10,37,87001,531,Employed,Bachelor,12,29283,72,Single,0,Rent,726,0.29085176078441755,4,1,0.32914305083517903,0,Education,0,27,15,9106,857,110164,30894,7250.083333333333,0.6066316933804616,6,79270,0.278783,0.27344379924590734,831.4430764233978,0.21481726551511793,0,51.0
2030-03-11,44,42171,628,Employed,Associate,21,19969,48,Married,0,Rent,417,0.14648461831506612,2,1,0.5546321977020966,0,Auto,0,25,1,1429,1484,134606,25352,3514.25,0.8010760996937771,2,109254,0.20096900000000004,0.2017524699620857,609.5299840790904,0.29210499653669786,0,55.0
2030-03-12,42,39581,540,Employed,Bachelor,19,20027,48,Married,0,Mortgage,782,0.3449124544665104,5,0,0.029708541591252077,0,Home,0,32,4,7341,856,55950,47806,3298.4166666666665,0.7025485206069185,3,8144,0.245027,0.24622205798955252,659.8248681822272,0.4371263590658833,0,54.0
2030-03-13,39,80535,561,Employed,Associate,15,35491,48,Divorced,0,Rent,636,0.38247715216185263,3,1,0.4165682257467845,0,Education,0,29,24,3659,1205,21878,11439,6711.25,0.8168257921191664,8,10439,0.249991,0.251316068072506,1179.3862760164595,0.2704989794772151,0,55.0
2030-03-14,45,94891,646,Employed,Master,20,24557,48,Married,3,Mortgage,371,0.1274374306120667,2,0,0.2047780434100309,0,Debt Consolidation,0,38,18,2797,337,68810,45562,7907.583333333333,0.9123171571510059,3,23248,0.196557,0.2191289503373731,772.5339481430491,0.1446123170555331,1,37.6
2030-03-15,25,34482,506,Employed,Associate,1,43206,36,Married,1,Mortgage,198,0.20825667547292886,4,3,0.23233878473980243,0,Home,0,28,11,24796,208,124891,9599,2873.5,0.8362956600628796,6,115292,0.27520599999999995,0.2759969080483157,1777.8240753173075,0.6876019054523429,0,49.0
2030-03-16,33,52190,606,Employed,Bachelor,11,29947,12,Married,1,Rent,450,0.07592614122406552,2,1,0.2612704953047109,0,Auto,0,22,25,6151,3396,25821,1565,4349.166666666667,0.967133745350104,5,24256,0.191947,0.20222661909994208,2777.317862127571,0.7420543082109763,0,48.0
2030-03-17,33,65577,505,Employed,High School,13,22720,36,Married,0,Rent,363,0.1845749993308472,7,2,0.26081005505206617,1,Other,0,23,6,3528,858,53348,4039,5464.75,0.9065340581685726,7,49309,0.25522,0.2565315790837964,911.2102989089365,0.23316900112702987,0,65.0
2030-03-18,43,129051,560,Self-Employed,Master,20,47801,36,Married,3,Other,506,0.10397177313080128,4,0,0.12850603444673303,0,Education,0,26,19,1249,8225,168177,5242,10754.25,0.8551169962067986,4,162935,0.252801,0.2760002580300286,1966.906016942348,0.22994685979425328,1,36.800000000000004
2030-03-19,36,59942,606,Employed,Bachelor,14,45719,36,Married,1,Mortgage,269,0.05708512225768023,2,1,0.407969621341826,0,Debt Consolidation,0,22,2,13735,1673,465962,44579,4995.166666666667,0.6565387304849728,7,421383,0.227719,0.2451473037117315,1806.0661492294116,0.4154147974834496,0,50.0
2030-03-20,48,32016,634,Employed,Bachelor,22,15874,60,Single,1,Mortgage,217,0.09413833765638487,4,1,0.3037498173976755,0,Auto,0,22,5,1562,457,53083,7425,2668.0,0.8530123176107728,4,45658,0.203874,0.1949206115085791,416.0901246443132,0.23729015166578454,0,53.0
2030-03-21,55,91217,652,Employed,Bachelor,29,30529,96,Married,2,Mortgage,553,0.3395904217568513,2,3,0.0924256374182615,0,Auto,0,24,29,4909,601,103229,26695,7601.416666666667,0.6150994429919152,10,76534,0.239529,0.2390226996942096,715.8768110007878,0.16692635947257037,1,32.800000000000004
2030-03-22,55,24367,522,Employed,Bachelor,32,25700,72,Divorced,3,Other,674,0.28704429346597665,4,1,0.26919333051883426,0,Home,0,25,11,6171,3988,40752,5479,2030.5833333333333,0.929808041610819,5,35273,0.2797,0.24049823425785843,677.3770688721908,0.6655117505834238,0,54.0
2030-03-23,34,59421,501,Employed,High School,13,23053,48,Married,1,Mortgage,550,0.18177293850078655,2,0,0.6195991801334703,0,Home,0,15,27,1407,4752,40379,72648,4951.75,0.4035862850079714,2,7745,0.267553,0.23975745074431581,751.2610310660993,0.2627881114890896,0,57.0
2030-03-24,35,26411,599,Employed,Bachelor,11,32368,36,Married,0,Own,758,0.33853155095252013,0,1,0.2212423258619094,0,Auto,0,22,24,2240,807,96046,35174,2200.9166666666665,0.9127332923078201,2,60872,0.217868,0.19162898731161945,1189.1496111652616,0.8846993803333134,0,52.0
2030-03-25,47,58620,536,Employed,Bachelor,23,17558,60,Single,3,Mortgage,649,0.5061296377090762,3,1,0.19450682988497622,1,Education,0,18,3,12790,1164,82969,146662,4885.0,0.9652883916185775,5,2324,0.254558,0.2631618976698991,528.9864309637715,0.24114358873362773,0,66.0
2030-03-26,34,67307,606,Employed,Bachelor,12,12532,36,Married,1,Rent,288,0.51233708173796,0,2,0.446881883397244,0,Home,0,27,14,7411,604,61752,6725,5608.916666666667,0.7257865832199305,4,55027,0.19453199999999998,0.1832535922139277,455.1098690896164,0.13248723652926733,1,41.6
2030-03-27,31,15000,580,Employed,High School,7,43379,48,Married,1,Own,624,0.5637907888324697,6,1,0.2545154020833329,0,Debt Consolidation,0,16,8,3717,837,47783,35985,1250.0,0.5479195415029232,5,11798,0.24837900000000002,0.287705237384086,1531.037912982972,1.7240303303863778,0,56.0
2030-03-28,39,46624,575,Employed,Bachelor,15,32768,48,Married,1,Other,211,0.5489664253554675,2,1,0.15048990915669694,0,Debt Consolidation,0,27,1,1075,208,76069,55265,3885.3333333333335,0.6448225146130823,4,20804,0.240268,0.22552875285287916,1042.251636936313,0.3225596182917758,0,56.0
2030-03-29,30,35431,607,Employed,High School,9,39025,48,Divorced,4,Mortgage,365,0.226199712779156,0,1,0.29359301524901593,0,Auto,0,19,24,6889,2133,27253,43551,2952.5833333333335,0.9484174061207594,4,6835,0.230525,0.24194098958817378,1276.4778220460435,0.5559463143730778,0,50.0
2030-03-30,18,28796,580,Employed,Associate,0,27939,60,Married,0,Mortgage,510,0.05648621890072194,4,2,0.43121571336799575,0,Debt Consolidation,0,24,6,2712,604,269490,76617,2399.6666666666665,0.8072483340273079,6,192873,0.24293900000000002,0.21700203739839602,766.8900096890598,0.532111408399386,0,55.0
2030-03-31,44,111902,594,Unemployed,Bachelor,21,19786,48,Divorced,2,Other,364,0.14799363769209598,4,1,0.5325734855445702,0,Other,0,22,27,8124,3921,30580,5484,9325.166666666666,0.8786642959490071,5,25096,0.217786,0.23944961677773952,644.4580346552423,0.10814370087990302,1,47.2
2030-04-01,55,98533,645,Employed,High School,35,27543,36,Married,0,Rent,349,0.1657415772852169,3,2,0.1646437129569827,0,Home,0,22,3,1809,2740,13830,5845,8211.083333333334,0.9607949591305163,6,7985,0.19004300000000002,0.15503563382021213,961.5931470937568,0.15961269590010532,1,38.400000000000006
2030-04-02,42,84220,649,Employed,Master,21,25822,36,Married,2,Rent,259,0.12734448612131022,5,2,0.471354439498577,0,Home,0,25,6,371,808,315761,91923,7018.333333333333,0.8545863187893624,6,223838,0.18632200000000002,0.19036257489885,947.0051763969165,0.171836406040881,1,39.2
2030-04-03,18,24171,587,Employed,Bachelor,0,20543,48,Married,0,Mortgage,357,0.13925599853830653,6,0,0.3496809680656995,0,Education,0,22,11,870,328,68055,35807,2014.25,0.8872450193543717,2,32248,0.22204300000000002,0.18517827674801599,609.0234980404854,0.4795946372299791,0,55.0
2030-04-04,62,121881,578,Employed,High School,37,36076,48,Single,0,Mortgage,304,0.09018490973637751,8,1,0.15349270905196724,0,Education,0,23,9,6492,1836,28580,15069,10156.75,0.7384609140865501,2,13511,0.242076,0.22544275310546716,1147.2998933095876,0.14289018567057254,1,38.400000000000006
2030-04-05,24,136805,514,Employed,High School,4,17402,48,Married,2,Rent,982,0.4740035733923878,5,0,0.14225321232471194,1,Other,0,29,24,2584,77,57209,3137,11400.416666666666,0.900067478195737,2,54072,0.255402,0.24377853821383488,570.9783788275965,0.13622119473653127,1,47.2
2030-04-06,37,96132,586,Employed,Associate,14,11111,48,Single,1,Mortgage,215,0.3077460575986359,1,1,0.21313883429386618,0,Auto,0,28,29,1842,175,30738,52726,8011.0,0.8041283494270166,5,10300,0.21311100000000002,0.2557332,371.9706692691534,0.07327058660206634,1,40.800000000000004
2030-04-07,36,41511,617,Employed,Bachelor,14,24386,60,Single,0,Rent,292,0.14819424769994247,4,1,0.5457152158203595,0,Debt Consolidation,0,23,21,518,273,6374,5398,3459.25,0.690810224379533,5,6077,0.22088600000000003,0.2047514032448872,652.5437890741656,0.273048721276047,0,55.0
2030-04-08,24,66732,501,Employed,Master,0,29859,24,Single,3,Own,500,0.12519404606531048,3,0,0.3130316588096358,0,Home,0,29,18,3165,379,16843,4227,5561.0,0.7836819011224841,10,12616,0.254359,0.21836068549451726,1546.6136743122013,0.36802979217986,0,53.0
2030-04-09,57,28582,512,Employed,Bachelor,34,13498,36,Married,0,Mortgage,535,0.149261754242185,1,3,0.32576027224411086,0,Debt Consolidation,0,16,2,6608,187,24115,52217,2381.8333333333335,0.9952471654436703,8,2342,0.24249800000000002,0.2288818777350399,521.7175262822639,0.4436572078716383,0,59.0
2030-04-10,50,36700,514,Employed,High School,29,22259,108,Married,3,Mortgage,598,0.29035126824000035,1,0,0.25492824732287067,0,Home,0,28,12,13718,3606,46765,6299,3058.3333333333335,0.7760815225517919,4,40466,0.310259,0.24820720000000002,517.0650451785618,0.3645989248540257,0,53.0
2030-04-11,42,17121,506,Self-Employed,Bachelor,20,12108,36,Married,2,Mortgage,281,0.518444258325174,3,1,0.23580578684251097,0,Home,0,37,8,11686,357,12043,15665,1426.75,0.7313594155814368,3,7789,0.244108,0.22232992847580715,463.87071160634184,0.5220751439329538,0,59.0
2030-04-12,43,84847,564,Self-Employed,High School,20,37409,72,Single,0,Mortgage,221,0.37694145443731014,5,0,0.1805763444502486,0,Debt Consolidation,0,35,15,3250,13725,92279,13038,7070.583333333333,0.9017714591663601,9,79241,0.270409,0.2742827138154192,1064.1410192962062,0.181758839223007,0,50.0
2030-04-13,43,43052,608,Employed,High School,21,24285,36,Married,1,Mortgage,466,0.1537553336371283,0,1,0.44797097874239683,0,Education,0,26,28,33719,470,274986,54321,3587.6666666666665,0.4614055186945772,9,220665,0.205285,0.20312251384436847,906.3860152598745,0.3825288530873942,0,49.0
2030-04-14,44,79188,649,Employed,Doctorate,20,24260,24,Married,0,Mortgage,522,0.26476777394385204,4,1,0.5721099363201578,0,Auto,1,27,27,7988,642,93647,23652,6599.0,0.7349290987934877,6,69995,0.17476,0.13980800000000002,1164.5725136230255,0.2555800141874565,1,47.2
2030-04-15,34,37893,418,Self-Employed,High School,16,24521,48,Single,0,Mortgage,174,0.3338954447662216,1,2,0.1545115780645241,0,Home,0,21,6,5290,1223,402754,47525,3157.75,0.7284676464697831,5,355229,0.310521,0.34447553981856166,947.4452280654334,0.3551405994981976,0,50.0
2030-04-16,23,45366,514,Employed,High School,0,16934,60,Married,3,Own,488,0.30310568565048435,2,0,0.13165100704873978,0,Other,0,33,27,2684,2432,113767,81235,3780.5,0.7863298063398242,3,32532,0.264934,0.25864952641427424,505.6589151018371,0.26283796193673775,0,51.0
2030-04-17,43,27357,631,Employed,Bachelor,25,16857,48,Married,4,Own,106,0.20749197240396233,4,1,0.5683845714928221,0,Auto,0,33,11,833,2503,46630,36616,2279.75,0.6054009144907572,3,10014,0.19635700000000003,0.22471531734542452,535.4225933064841,0.28135654931746207,0,57.0
2030-04-18,18,21515,565,Employed,Master,0,19101,36,Divorced,2,Mortgage,151,0.099658978148651,0,0,0.11382569978056183,0,Auto,0,25,6,5949,984,42170,140749,1792.9166666666667,0.5008558837896543,8,10963,0.221601,0.2306428359285952,740.034519164886,0.4969748654417212,0,53.0
2030-04-19,30,25230,556,Employed,Associate,6,21097,60,Divorced,0,Rent,866,0.3691080321795232,2,2,0.537059863842197,0,Auto,1,23,15,935,892,25865,27181,2102.5,0.6822870899956545,3,5317,0.248097,0.2508242789585193,620.2447865815492,0.7068940720958617,0,66.0
2030-04-20,31,54849,571,Employed,Master,8,24449,84,Divorced,3,Mortgage,348,0.1930048507515127,3,1,0.19442273696503884,0,Education,0,19,17,2881,1661,71004,43153,4570.75,0.6915041062261309,6,27851,0.263949,0.27089366607290316,651.8745895004952,0.21875503790417222,0,49.0
2030-04-21,28,62832,602,Employed,Master,5,22521,12,Married,0,Own,583,0.44533131808319404,1,0,0.2556090721936374,0,Auto,0,25,14,5210,3252,25545,46364,5236.0,0.8918024448205014,3,1950,0.186521,0.1603738518476918,2043.7480996588442,0.5016707600570749,0,50.0
2030-04-22,32,89126,572,Employed,High School,11,71921,36,Married,4,Rent,660,0.39217806332813415,2,0,0.2897888288230956,0,Home,0,26,10,1954,508,125990,31257,7427.166666666667,0.8057946789528114,5,94733,0.27092099999999997,0.31114832147741356,3097.2413140888098,0.5058781474436833,0,49.0
2030-04-23,41,15000,593,Employed,Associate,19,11561,48,Married,0,Mortgage,396,0.1947415609068245,2,1,0.1511655140288798,0,Home,0,28,18,1271,2779,202639,12864,1250.0,0.8947752266849053,5,189775,0.210061,0.24403297122006612,379.4920542324438,0.620393643385955,0,47.0
2030-04-24,34,34629,594,Employed,Associate,12,18148,48,Married,0,Mortgage,522,0.20281624119343075,5,1,0.5010252012397579,0,Home,1,27,27,3778,1245,207679,11280,2885.75,0.8491146962817622,4,196399,0.216148,0.20296942632084852,555.1254692266335,0.37325668170376275,0,61.0
2030-04-25,35,65202,623,Employed,Bachelor,17,35953,36,Married,1,Other,341,0.26176495497622104,3,1,0.46798537154149833,0,Debt Consolidation,0,29,8,5540,159,93932,102683,5433.5,0.836664262627122,6,9374,0.20945300000000003,0.21937062474665647,1371.8910281323851,0.31524634731432505,0,54.0
2030-04-26,31,77046,617,Employed,Bachelor,11,19313,48,Divorced,0,Own,375,0.09490712517924936,3,2,0.15893474608705846,0,Education,0,29,15,5743,546,100870,31138,6420.5,0.7175343841478441,2,69732,0.20581300000000002,0.18867335692118042,576.1098423198694,0.14813641341326522,1,35.2
2030-04-27,18,21918,448,Unemployed,Bachelor,0,15628,72,Single,0,Mortgage,303,0.12828638968822778,6,2,0.1206535079889504,0,Education,0,31,27,533,1860,150022,18463,1826.5,0.9796023711416378,3,131559,0.306628,0.3679536,540.6478580498647,0.46189316071714465,0,50.0
2030-04-28,31,38704,545,Employed,Bachelor,13,28039,24,Widowed,1,Mortgage,291,0.4334015604608344,5,1,0.3052031710458651,0,Debt Consolidation,0,32,20,4112,1346,27956,28692,3225.3333333333335,0.9459978873269135,3,4243,0.230539,0.23983649950342995,1482.223894932121,0.5497800418350933,0,56.0
2030-04-29,47,58675,576,Employed,Associate,22,41478,48,Single,2,Mortgage,271,0.25549628489471016,1,0,0.3382530499410358,0,Home,0,26,3,3156,445,85702,38521,4889.583333333333,0.8887473348532251,4,47181,0.248478,0.249133575995828,1373.2877347191945,0.33628381451436445,0,57.0
2030-04-30,33,80485,614,Employed,Bachelor,11,15895,36,Married,0,Mortgage,395,0.31367382672819843,2,1,0.2633242807569659,0,Debt Consolidation,0,30,8,23941,819,62333,39210,6707.083333333333,0.6203451677890797,5,23123,0.19389499999999998,0.17353897869860976,569.5036328217373,0.14380373478114988,1,39.2
2030-05-01,40,115723,519,Employed,Bachelor,21,8933,12,Divorced,0,Own,477,0.39037600247298404,4,0,0.2509218114984363,0,Auto,0,29,6,7510,776,31356,152666,9643.583333333334,0.7834951447572817,6,7301,0.214433,0.22351744276465046,837.5915581298226,0.1363177475312416,1,42.400000000000006
2030-05-02,41,49373,649,Employed,Master,19,55282,72,Single,4,Mortgage,398,0.1884906086335673,2,2,0.14818188186144313,0,Debt Consolidation,0,24,28,1763,1364,307599,7008,4114.416666666667,0.9350466951359546,10,300591,0.245782,0.24004431763115847,1455.5485848549322,0.45050094218012243,0,41.0
2030-05-03,26,25181,575,Employed,Bachelor,3,41842,72,Married,3,Mortgage,447,0.3110248433097379,2,0,0.5581656976397242,0,Debt Consolidation,0,26,4,259,2907,17648,125601,2098.4166666666665,0.7673020808672847,6,4692,0.26934199999999997,0.29574883897095905,1247.3368023822898,0.807435829736209,0,63.0
2030-05-04,36,130135,509,Employed,High School,18,46425,36,Divorced,2,Rent,303,0.4324972143177051,5,1,0.08638350549621007,0,Debt Consolidation,0,22,13,9808,4511,54186,12007,10844.583333333334,0.9151438345183412,5,42179,0.276925,0.2620277724578234,1875.5104700491595,0.20088466316202336,1,39.2
2030-05-05,39,33024,615,Employed,Bachelor,18,22799,72,Single,1,Mortgage,747,0.3328722545201243,3,1,0.18297797774608618,0,Home,0,22,3,5425,3027,46394,28849,2752.0,0.8731640802990963,4,17545,0.23029899999999998,0.2434685667398764,605.0350479785145,0.4912918052247509,0,51.0
2030-05-06,19,44608,481,Employed,Bachelor,0,11921,60,Divorced,2,Own,318,0.5188292237887178,2,1,0.21850296785187276,0,Debt Consolidation,0,20,25,1945,3197,11169,35604,3717.3333333333335,0.8242946559631811,2,7116,0.276421,0.26319750801552755,359.18042239812115,0.18216833457625212,0,54.0
2030-05-07,37,60406,564,Employed,Master,16,28012,84,Married,0,Other,488,0.25239683160504756,3,1,0.1268461492129435,0,Home,0,18,21,1979,1043,82445,2798,5033.833333333333,0.8504323089976401,3,79647,0.27101200000000003,0.2361113231073118,684.3470825331655,0.23289350379760268,0,48.0
2030-05-08,34,92513,537,Employed,High School,10,20387,48,Married,5,Own,383,0.4112741790041804,5,0,0.6701104748679173,0,Home,0,23,29,2118,2582,84969,128927,7709.416666666667,0.9006089167949934,4,6168,0.246887,0.2608783703197144,688.4025956554375,0.13897323779215082,0,58.0
2030-05-09,40,74545,605,Employed,Associate,17,11631,84,Single,4,Mortgage,354,0.3008937208855119,7,0,0.24176132200198516,0,Home,0,22,27,690,1251,196122,9925,6212.083333333333,0.8932003726995141,2,186197,0.234131,0.2247556488799381,275.89265761459274,0.10139797292072054,1,36.0
2030-05-10,73,152353,674,Employed,Doctorate,55,17678,48,Single,2,Rent,255,0.2276627973374604,3,1,0.19030155076382432,0,Debt Consolidation,0,23,23,8853,355,49464,42758,12696.083333333334,0.9254763786951241,7,6706,0.175678,0.17083299686497477,510.86161372997475,0.060322667520558815,1,33.6
2030-05-11,59,88049,671,Unemployed,Master,39,16195,24,Single,4,Mortgage,776,0.27888887215037944,5,0,0.40432871715723734,0,Home,1,23,12,5042,665,128585,88024,7337.416666666667,0.7493342098728736,3,40561,0.155695,0.15725954029470152,790.838611444157,0.2135409071917896,1,46.400000000000006
2030-05-12,43,84547,620,Employed,Master,21,29380,60,Single,0,Other,308,0.18452968228522573,3,0,0.030164862753024504,0,Home,1,29,3,2935,4697,532673,33146,7045.583333333333,0.8905386958080876,6,499527,0.22438000000000002,0.24984816922544203,862.080380337963,0.1660728892102092,1,38.400000000000006
2030-05-13,34,27615,592,Employed,High School,12,37161,36,Married,2,Rent,136,0.1858023520912078,4,5,0.13294959673498882,0,Debt Consolidation,0,23,7,1105,3367,97309,36128,2301.25,0.9795339538976792,2,61181,0.226161,0.22534053680434019,1429.4829098978137,0.6802750287442971,0,50.0
2030-05-14,30,34109,556,Employed,Master,7,20518,12,Married,0,Mortgage,577,0.11752807405794313,1,1,0.32750109570652,0,Education,0,25,2,1599,2210,38301,81231,2842.4166666666665,0.9107441946433056,5,9248,0.207518,0.19174435545257512,1892.5772259934874,0.868830124363712,0,58.0
2030-05-15,44,65257,582,Employed,High School,22,19371,60,Married,0,Rent,255,0.33505679760818,4,0,0.23408283830052085,0,Debt Consolidation,0,27,21,8175,180,68351,24920,5438.083333333333,0.8354456405205953,6,43431,0.233371,0.238626381057413,555.7208858877225,0.14908210047431955,0,52.0
2030-05-16,38,53040,600,Employed,Bachelor,13,9192,48,Married,2,Own,165,0.04687311929872799,3,0,0.10489604361659428,0,Home,0,21,4,2312,394,72602,31434,4420.0,0.6977122962429134,12,41168,0.204192,0.178480056912048,269.2854820999177,0.0982546339592574,1,39.2
2030-05-17,57,42224,590,Employed,Bachelor,33,21551,36,Married,4,Mortgage,410,0.31065753405253677,4,1,0.2962335595509405,0,Auto,0,17,7,2739,652,246672,33383,3518.6666666666665,0.816510857683476,6,213289,0.21155100000000002,0.22848508864064987,832.5325485267431,0.3531259611197641,0,50.0
2030-05-18,55,34768,625,Employed,Associate,29,16599,24,Married,1,Rent,171,0.19806997484553693,0,2,0.16869880834348563,0,Education,0,31,1,718,201,119302,12794,2897.3333333333335,0.8818380630246917,3,106508,0.179099,0.17495067198928932,824.646140449149,0.34364224819920003,0,47.0
2030-05-19,48,121337,650,Employed,Bachelor,26,9544,24,Married,5,Rent,135,0.16474724687598324,5,0,0.34871860765653384,0,Other,0,19,3,1464,615,18221,7237,10111.416666666666,0.9502539650697025,5,10984,0.159544,0.16097987000403918,467.75089140766323,0.05961092409480998,1,38.400000000000006
2030-05-20,29,18231,490,Employed,Bachelor,6,22053,36,Single,0,Rent,493,0.5806766756952908,4,0,0.4252124292862826,0,Debt Consolidation,1,13,2,1751,10177,650833,47637,1519.25,0.8405604516261123,3,603196,0.262053,0.2605428270727728,889.1668695542946,0.9097692081976598,0,61.0
2030-05-21,49,129917,575,Employed,Associate,28,15451,48,Single,1,Mortgage,461,0.1610332449065221,1,2,0.5115903791638615,0,Home,0,19,3,4168,3156,44805,17755,10826.416666666666,0.6761837760459302,5,27050,0.222951,0.2060991478886875,475.2150770562518,0.08647506426930289,1,46.400000000000006
2030-05-22,55,61976,583,Employed,High School,33,10576,48,Married,3,Mortgage,372,0.2504953056250411,5,2,0.16604649783302022,0,Education,0,25,12,701,1008,77299,13925,5164.666666666667,0.8004298610105042,2,63374,0.21407600000000002,0.20244743289872608,323.21221132550664,0.1346093090213321,1,38.400000000000006
2030-05-23,60,16877,653,Employed,Associate,36,44384,48,Married,1,Rent,703,0.18090589279619726,6,0,0.14485722298549877,0,Debt Consolidation,0,25,8,898,623,160479,14993,1406.4166666666667,0.9406092938707168,4,145486,0.21288400000000002,0.22061267489176833,1399.8424682367993,1.4951774378646439,0,42.0
2030-05-24,47,37493,516,Employed,High School,23,54978,60,Married,2,Other,258,0.47963145765672793,3,0,0.07006488296236292,0,Education,0,14,16,10283,1370,17764,76822,3124.4166666666665,0.771870868774141,6,7378,0.301978,0.28307121820665526,1721.9859586655934,0.6337138000156595,0,52.0
2030-05-25,47,31004,627,Employed,Bachelor,27,27897,24,Single,1,Mortgage,372,0.7913964419866325,2,2,0.17092761844728868,0,Debt Consolidation,1,20,2,2255,1843,57810,26903,2583.6666666666665,0.48219906457837325,3,30907,0.189397,0.1761005130217344,1387.4821531907107,0.6810019945261427,0,60.0
2030-05-26,44,19960,578,Employed,Bachelor,18,17158,36,Divorced,1,Mortgage,239,0.1454397574208027,3,2,0.37372745100150156,0,Other,0,18,25,9078,2549,23126,263647,1663.3333333333333,0.9021019282256906,2,5691,0.21315800000000001,0.20598301333320382,642.8954175936384,0.5301976458478789,0,55.0
2030-05-27,18,45608,577,Employed,Bachelor,0,52540,120,Single,3,Mortgage,456,0.2947099800061493,4,1,0.3618823490728173,0,Debt Consolidation,0,34,8,3924,1032,63610,33151,3800.6666666666665,0.8038427155941349,2,30459,0.31904,0.3295083647516529,1500.8537547653418,0.514871186133663,0,56.0
2030-05-28,54,58282,495,Self-Employed,Bachelor,29,21080,84,Married,3,Own,328,0.19830995875304602,4,2,0.11933305130437467,0,Home,0,27,20,2809,1141,86974,51485,4856.833333333333,0.5540958658884465,6,35489,0.29858,0.340711755593309,661.4925546811563,0.20373203829954148,0,52.0
2030-05-29,41,15000,598,Employed,High School,21,22257,36,Married,2,Rent,652,0.33815253796487965,0,1,0.20008571158877653,0,Debt Consolidation,0,22,26,7633,1955,971835,6529,1250.0,0.9399739616261299,4,965306,0.208257,0.18939060903136787,815.1674485270016,1.1737339588216014,0,46.0
2030-05-30,48,106349,601,Employed,Bachelor,25,24723,48,Married,3,Mortgage,483,0.5771135244957066,3,2,0.3557371467124979,0,Home,0,17,13,1332,625,199328,8954,8862.416666666666,0.9064483775250236,5,190374,0.219223,0.22583561633505445,786.7783832032961,0.1432767642238249,1,37.6
2030-05-31,44,29849,512,Employed,Bachelor,24,14021,48,Single,0,Rent,414,0.14685184472230908,2,0,0.349033424559413,0,Auto,0,28,28,759,456,71603,15735,2487.4166666666665,0.6740850467027103,8,55868,0.253021,0.2416678722179694,458.4041155102624,0.35072697196298536,0,53.0
2030-06-01,45,115609,582,Employed,Associate,25,20922,48,Married,4,Mortgage,462,0.5555473687532362,3,2,0.07734068387298823,0,Debt Consolidation,1,30,1,735,963,108808,7466,9634.083333333334,0.8998940900464442,6,101342,0.224922,0.2699064,717.1437485896695,0.12239293638969313,0,56.0
2030-06-02,44,83717,624,Employed,Master,20,24859,36,Divorced,5,Mortgage,362,0.3397422264146615,6,1,0.24095906609378406,0,Other,0,29,7,9030,3357,100713,105847,6976.416666666667,0.8894594290059751,3,9428,0.197859,0.18472079919773973,904.6104234598521,0.1815560170756026,1,39.2
2030-06-03,25,31347,559,Employed,High School,1,40281,36,Married,0,Mortgage,649,0.4791400495420644,5,0,0.2615113966976771,0,Auto,0,20,25,1213,1649,20390,20779,2612.25,0.9173988611504783,3,9263,0.245781,0.20831894907159762,1514.1148929510073,0.8280658026417866,0,54.0
2030-06-04,24,101116,547,Employed,Master,2,15417,48,Married,2,Other,272,0.15264534621101597,2,2,0.2438956992816213,0,Auto,0,20,22,1105,807,30338,4905,8426.333333333334,0.8026308103637736,3,25433,0.23691700000000002,0.22433444997306912,489.36430351535444,0.0903553507079419,1,40.0
2030-06-05,49,154512,493,Employed,Associate,25,15188,72,Single,1,Rent,325,0.032160282177548065,3,0,0.14482603058492832,0,Home,0,28,11,1982,2200,71321,21432,12876.0,0.6858716681989052,7,49889,0.283688,0.29075907922640126,447.90880644917195,0.0600270896589913,1,37.6
2030-06-06,57,114623,585,Employed,Associate,33,38507,36,Married,0,Rent,302,0.07476047433869606,2,0,0.6213231693350465,0,Debt Consolidation,0,22,2,1416,842,213488,12651,9551.916666666666,0.6892322059744489,1,200837,0.231007,0.25785323491815576,1547.0707229915715,0.19358111963479285,0,56.0
2030-06-07,24,18465,502,Employed,Bachelor,1,33143,84,Single,3,Own,293,0.22181078368978388,5,2,0.21220721138237666,0,Auto,0,24,29,8988,5275,807266,3293,1538.75,0.6210924213903251,3,803973,0.307143,0.2981527248791806,943.5435357077746,0.8036026227182937,0,46.0
2030-06-08,46,48726,631,Self-Employed,Bachelor,24,31885,48,Divorced,0,Own,926,0.22604762524980906,2,2,0.7656726558881481,0,Debt Consolidation,0,27,19,7283,2957,55147,79226,4060.5,0.9329856803347853,4,3594,0.21138500000000002,0.20132539880100989,972.5251363195806,0.46755944743740446,0,59.0
2030-06-09,35,21511,573,Employed,High School,12,34758,84,Single,1,Rent,514,0.4481480472230698,2,3,0.3443173647511203,0,Education,0,29,15,2623,699,32723,33787,1792.5833333333333,0.4465020980133348,2,7222,0.273258,0.2563119158509896,893.8574828839895,0.7853790988149262,0,57.0
2030-06-10,32,64923,582,Employed,Bachelor,9,21621,72,Married,1,Mortgage,633,0.2774309560713938,2,1,0.15622984346626917,0,Debt Consolidation,0,23,21,7836,561,17992,20053,5410.25,0.6047503167755821,2,1657,0.245621,0.24726705641716373,578.7881508483997,0.2239800657730049,0,50.0
2030-06-11,26,48104,514,Employed,Doctorate,2,19979,72,Married,0,Mortgage,300,0.13006787555348395,5,1,0.4184476264692041,0,Home,0,26,1,2251,140,183698,40891,4008.6666666666665,0.9932555931002254,8,142807,0.277979,0.2654705292107653,557.2981670870644,0.21386117589066966,0,56.0
2030-06-12,30,31185,615,Unemployed,Bachelor,4,7168,36,Single,0,Mortgage,561,0.10774324407854659,3,0,0.0580005529770512,1,Debt Consolidation,0,25,16,2462,1672,11752,26441,2598.75,0.5808961222664613,5,7364,0.184668,0.1842005628004589,260.65331891939275,0.31617251329269563,0,62.0
2030-06-13,30,20732,590,Employed,Bachelor,6,17768,36,Divorced,2,Mortgage,268,0.41465007591537495,4,0,0.24977422816242567,0,Debt Consolidation,0,28,4,1660,1062,21948,7463,1727.6666666666667,0.9573964197094158,1,14485,0.207768,0.21494309768177666,673.9285328907167,0.5452027008821435,0,58.0
2030-06-14,35,28604,555,Employed,Bachelor,13,13694,72,Single,3,Own,649,0.2638354929106691,3,1,0.06618712070720743,0,Debt Consolidation,1,22,24,8630,782,106697,3182,2383.6666666666665,0.8590846763786089,5,103515,0.25119400000000003,0.229774444769545,352.06684433706016,0.41996930960861145,0,54.0
2030-06-15,41,44379,592,Employed,High School,21,21550,48,Married,3,Mortgage,411,0.3069371888386476,3,2,0.20616488691699786,0,Auto,0,18,25,963,908,102462,10100,3698.25,0.9560123238026885,7,92362,0.22055,0.26466,732.2691477654677,0.30913787541822957,0,51.0
2030-06-16,46,94754,569,Employed,Master,21,8173,72,Divorced,0,Mortgage,420,0.19650525616822503,2,1,0.6695691305946586,0,Education,0,25,12,7272,1853,40388,19751,7896.166666666667,0.7781049365678824,8,20637,0.23867300000000002,0.23849483144773587,214.4230202711004,0.08034569773574947,1,44.800000000000004
2030-06-17,49,72045,618,Employed,High School,27,21258,36,Single,1,Own,216,0.25334679633317647,4,2,0.12238691671286345,0,Home,0,18,4,6148,525,62502,112867,6003.75,0.9687535423310834,1,7530,0.19725800000000002,0.16001657491208218,747.385603974661,0.16046397734327061,1,40.0
2030-06-18,40,21800,576,Employed,High School,16,35642,108,Single,3,Rent,703,0.4425791811627525,3,4,0.1914452353458568,0,Debt Consolidation,0,31,1,3362,4948,131314,20248,1816.6666666666667,0.8840862890062472,4,111066,0.292642,0.3230670377503799,1017.2911786893877,0.9469492726730575,0,53.0
2030-06-19,44,54524,532,Employed,High School,21,19844,60,Single,1,Mortgage,246,0.3266410958362188,3,2,0.07798989681099049,0,Debt Consolidation,0,22,25,806,129,26901,2128,4543.666666666667,0.7245057678221025,10,24773,0.258844,0.2663168303347289,601.5822000204546,0.18654145697757785,0,50.0
2030-06-20,40,61478,556,Employed,High School,17,13494,60,Married,1,Own,475,0.21613594940691108,3,0,0.22689128206374728,0,Home,0,28,2,7219,1141,145778,15140,5123.166666666667,0.5838322760051274,9,130638,0.24049399999999999,0.23911087242396847,387.49884019522705,0.16835268034650971,0,52.0
2030-06-21,29,35725,517,Employed,Bachelor,7,23492,36,Single,2,Own,390,0.21752587794290967,3,2,0.5233813559462088,0,Home,0,22,5,3101,20298,27491,24494,2977.0833333333335,0.8886618079287559,6,2997,0.24999200000000002,0.26046101757514195,947.0842768796465,0.4491255793577539,0,61.0
2030-06-22,34,43495,545,Self-Employed,Doctorate,13,25866,60,Single,1,Mortgage,279,0.34057673095117214,1,1,0.17404070497412316,0,Other,0,31,2,2346,2189,48348,13173,3624.5833333333335,0.9132464146051488,5,35175,0.258366,0.2738772407753403,795.8318597219444,0.296539425604399,0,58.0
2030-06-23,29,45645,425,Self-Employed,High School,6,8791,24,Single,2,Mortgage,612,0.17378566518979677,3,1,0.21258531847814102,0,Debt Consolidation,0,22,28,1694,669,126034,20667,3803.75,0.926164999515305,5,105367,0.271291,0.28652609850356314,485.45308846314975,0.2885187219094708,0,51.0
2030-06-24,42,110839,644,Employed,Bachelor,15,13254,36,Divorced,2,Mortgage,489,0.19552948586463184,3,1,0.4517816415182983,0,Auto,0,31,10,5684,608,51227,22190,9236.583333333334,0.8248554461059076,2,29037,0.176254,0.17312013153817374,474.60194677128055,0.10432450095413498,1,40.800000000000004
2030-06-25,35,53279,558,Employed,Master,15,9580,60,Married,5,Mortgage,311,0.2712294588996532,3,2,0.179635955864927,0,Home,0,23,4,7865,253,17018,56180,4439.916666666667,0.9293433291966897,5,9519,0.23558,0.20859017746090858,258.4120131094112,0.12824835596225406,1,42.400000000000006
2030-06-26,30,23120,542,Employed,Doctorate,6,31391,60,Married,3,Mortgage,618,0.1306578977480733,4,0,0.3301265175412858,0,Debt Consolidation,0,19,15,6749,1699,29603,7545,1926.6666666666667,0.7813262349386936,4,22058,0.265391,0.26782411805302975,954.4562568367946,0.8161537665242878,0,55.0
2030-06-27,43,21913,643,Employed,Master,20,39276,60,Married,0,Mortgage,399,0.3122390092733885,1,0,0.6520954323560137,0,Auto,0,24,10,8195,1915,141626,10488,1826.0833333333333,0.824450944688574,3,131138,0.22277600000000003,0.23686821692436022,1122.7623135294118,0.8333476823051587,0,53.0
2030-06-28,46,42850,444,Employed,High School,25,38670,72,Single,1,Mortgage,660,0.0678496642035432,2,0,0.5800524033923595,0,Home,0,20,22,1295,1261,156898,13034,3570.8333333333335,0.8062872679605566,2,143864,0.33167,0.3569546595771685,1308.8963045305582,0.5513828624122916,0,54.0
2030-06-29,26,31496,516,Employed,High School,7,22013,84,Married,3,Rent,772,0.2629777707061131,3,0,0.1284672370947094,0,Auto,0,16,26,5424,659,20962,33037,2624.6666666666665,0.9686128710830157,2,8465,0.289013,0.2834923922529574,605.1698297316952,0.524702754533285,0,51.0
2030-06-30,35,71120,533,Employed,Master,9,12098,72,Single,4,Mortgage,679,0.11529308744967429,6,2,0.1528098428393954,0,Home,1,26,3,3242,1539,196141,16823,5926.666666666667,0.564064504005007,0,179318,0.260598,0.23886950028727344,317.6722570158977,0.16816742244362728,1,43.2
2030-07-01,53,54140,573,Employed,High School,29,10354,24,Married,2,Rent,172,0.0770564715219829,1,2,0.10418205681296926,0,Debt Consolidation,0,24,26,3508,303,84471,6337,4511.666666666667,0.7255004541755212,5,78134,0.198854,0.214662782081606,534.4213449976921,0.15657658182438686,1,37.6
2030-07-02,40,33636,507,Employed,High School,18,15569,36,Married,0,Mortgage,338,0.4855660784964404,2,2,0.40414423465773486,0,Debt Consolidation,1,20,15,2886,2381,102222,23196,2803.0,0.9232488268335552,3,79026,0.247069,0.24106707521147233,611.6889129355245,0.3388115993348286,0,62.0
2030-07-03,47,69158,538,Self-Employed,Associate,23,24898,48,Single,1,Own,420,0.2429103577729434,5,1,0.1864248724090345,0,Other,1,33,21,2074,3100,62564,82891,5763.166666666667,0.7669840131157699,4,6585,0.250898,0.27206050114734187,856.4749691905502,0.22148847031849678,0,59.0
2030-07-04,43,136192,558,Self-Employed,Master,21,26445,60,Married,1,Other,279,0.5264636483070178,6,1,0.5098970698291735,0,Home,0,25,18,3054,3242,467479,45168,11349.333333333334,0.8524451247137792,5,422311,0.252445,0.2310092793582996,747.0312740250093,0.09040454129684644,1,43.2
2030-07-05,28,27875,580,Employed,Associate,4,28580,60,Married,0,Other,304,0.24811459382410753,4,1,0.3757364325217204,0,Debt Consolidation,0,20,5,3929,797,201089,25668,2322.9166666666665,0.9368986447802278,6,175421,0.24358000000000002,0.23603649029427076,815.6266081074754,0.48199172366958587,0,54.0
2030-07-06,37,42635,469,Employed,Bachelor,11,15700,48,Married,0,Rent,362,0.25338085955773515,4,0,0.2683368373077373,0,Education,0,17,29,2760,166,47142,45017,3552.9166666666665,0.9519478381359947,4,2125,0.2762,0.266936536751048,535.5069656210474,0.25261131904427275,0,53.0
2030-07-07,48,89441,585,Employed,High School,24,43020,36,Divorced,3,Rent,1311,0.1632740050653486,0,1,0.47763907792165455,0,Other,0,22,1,1458,508,117388,16831,7453.416666666667,0.8478328425054809,3,100557,0.23552,0.224490013360855,1652.9628925831832,0.3976649938059525,0,54.0
2030-07-08,45,67025,600,Employed,Master,21,14018,72,Married,1,Own,277,0.4907252930485469,4,1,0.07661585670414013,0,Auto,0,19,26,2525,2415,9689,24668,5585.416666666667,0.8682344695455493,9,6521,0.229018,0.21926275193206182,351.6048702748205,0.11254395290261612,1,38.400000000000006
2030-07-09,26,24474,512,Employed,Associate,6,63101,96,Single,1,Other,848,0.5513666160855288,3,0,0.042357609874489686,0,Debt Consolidation,0,31,1,1129,3138,55446,4954,2039.5,0.8725372126585054,4,50492,0.34210100000000004,0.2852326812621094,1675.5659276925824,1.2373453923474296,0,55.0
2030-07-10,26,27316,556,Employed,Associate,5,22008,36,Married,0,Mortgage,1538,0.6626763751228429,3,1,0.15926177206323783,0,Education,0,26,4,7473,1758,9231,10632,2276.3333333333335,0.8309498062867794,3,2643,0.229008,0.27008368355498585,898.5801422868992,1.0703968995256548,0,57.0
2030-07-11,56,133866,627,Employed,Master,36,17723,36,Single,2,Rent,366,0.16872534003095757,1,2,0.2311010864731779,0,Home,0,28,4,5363,1259,242201,71713,11155.5,0.8203419953526232,4,170488,0.189223,0.20339177202582426,661.7170689126298,0.0921264908711066,1,36.0
2030-07-12,38,56058,617,Employed,High School,17,11879,36,Married,2,Own,836,0.597133739308593,2,1,0.4271802795014055,0,Home,1,25,8,564,230,50563,12163,4671.5,0.9806505214148822,5,38400,0.18837900000000002,0.2161998168676108,451.33237348702414,0.2755715238118429,0,61.0
2030-07-13,36,27638,582,Employed,High School,11,12492,72,Married,1,Own,313,0.1422025290443031,0,1,0.18954640608384024,0,Auto,0,22,13,2375,1637,132685,31835,2303.1666666666665,0.8096329098053254,1,100850,0.236492,0.2555076600779295,340.7333211175487,0.2838410830527023,0,47.0
2030-07-14,48,51199,606,Employed,Master,25,13516,96,Single,0,Mortgage,683,0.5028261756591859,4,2,0.038788043143664144,0,Home,1,23,8,3122,690,98078,7150,4266.583333333333,0.8713594107373488,5,90928,0.245516,0.20850122483933217,290.4099642180689,0.22814741636783586,0,53.0
2030-07-15,42,39517,643,Self-Employed,Master,18,16573,60,Divorced,1,Rent,262,0.21728389049763774,2,1,0.2584426442705636,0,Home,0,24,6,21224,5108,27622,170932,3293.0833333333335,0.7664875578292162,6,8439,0.200073,0.19640601388617604,435.77553481004855,0.2118912472536018,0,55.0
2030-07-16,43,54867,628,Employed,Associate,23,11522,12,Single,3,Mortgage,562,0.3259784059903762,3,3,0.5523229600199816,0,Auto,0,20,29,4271,4952,25592,76002,4572.25,0.925187263471193,5,1791,0.16252200000000003,0.1791947872144392,1055.8953921086534,0.3538510344160213,0,55.0
2030-07-17,26,84750,515,Employed,High School,5,20667,48,Married,3,Rent,657,0.5522249611496518,1,1,0.2512682722719321,0,Auto,0,23,5,10222,224,141133,21868,7062.5,0.7367518730229038,5,119265,0.258167,0.27055487093091707,709.1637207437295,0.19343911090176702,0,50.0
2030-07-18,49,36487,617,Employed,Associate,26,7161,60,Single,5,Mortgage,369,0.26493222309769876,2,1,0.3425810852177927,0,Home,0,22,3,8619,4886,13505,16191,3040.5833333333335,0.7466195518045434,2,8173,0.20366100000000004,0.2302116166611642,201.95903786426663,0.1877794407424891,0,55.0
2030-07-19,42,49869,577,Employed,Bachelor,18,22036,48,Divorced,2,Own,518,0.11908907534082407,0,1,0.5305623181389847,0,Auto,0,21,20,4545,1529,32322,99616,4155.75,0.8681797308915324,4,8741,0.22853600000000002,0.25778019849766437,740.2451814352454,0.302772106463393,0,58.0
2030-07-20,38,60408,556,Employed,Doctorate,15,23403,48,Widowed,0,Rent,442,0.20842141691020188,4,1,0.23844846683564816,0,Auto,0,27,16,9078,1750,60764,49521,3266.3333333333335,0.8165993306295671,7,11243,0.240403,0.20752365119621224,721.5766477410066,0.3562332833169731,0,52.0
2030-07-21,41,60418,642,Employed,Bachelor,21,54366,60,Married,0,Mortgage,611,0.2846269958227585,4,0,0.24625406538922825,0,Debt Consolidation,0,22,3,5262,277,15613,37562,5034.833333333333,0.7987690870134252,3,2993,0.23836600000000002,0.26089345272491443,1630.620411164533,0.44522236641355883,0,52.0
2030-07-22,52,47725,629,Employed,Associate,28,13431,60,Married,2,Rent,274,0.3319269029641783,3,0,0.45138414539461286,0,Home,0,21,11,2625,2322,58450,8127,3977.0833333333335,0.5208216616265249,3,50323,0.20393100000000003,0.2190903534658629,370.25529642618085,0.16199190271585479,0,52.0
2030-07-23,21,61944,518,Employed,Associate,1,23765,36,Married,1,Rent,301,0.25538105978284403,1,1,0.39254181057223614,0,Home,0,20,10,1256,525,14116,10268,5162.0,0.9597054190437545,4,3848,0.24976500000000001,0.24517164232338054,938.8340895204121,0.24018482943053315,0,54.0
2030-07-24,39,84407,499,Employed,High School,18,28572,60,Married,3,Rent,219,0.31343289676122854,1,3,0.17577776230484765,0,Home,0,23,9,2728,1053,160288,20333,7033.916666666667,0.8735567508394144,4,139955,0.284072,0.2745121724385921,880.1772425143652,0.15626816389840156,1,36.800000000000004
2030-07-25,54,46339,600,Employed,Bachelor,34,27450,24,Single,1,Mortgage,1171,0.27381405864397074,3,0,0.35737519586368993,0,Home,0,26,21,5343,775,40184,12902,3861.5833333333335,0.9564099350607651,6,27282,0.20245,0.21396692124219666,1415.8903787559127,0.6699040666624432,0,52.0
2030-07-26,30,85782,618,Employed,Master,11,32601,60,Single,1,Rent,182,0.18261093082319085,4,0,0.2249773214984642,0,Home,0,23,19,13761,526,204271,96989,7148.5,0.7967092088353863,3,107282,0.228601,0.2116153222675135,884.9314884954207,0.14925249891521586,1,34.4
2030-07-27,50,84120,555,Employed,Bachelor,29,13299,60,Single,3,Mortgage,244,0.18053411895764632,2,0,0.4274131876464895,0,Home,0,22,21,4051,469,66571,54311,7010.0,0.9639237190208841,4,12260,0.24079899999999999,0.24271884424252543,384.6868001078295,0.08968427961595285,1,43.2
2030-07-28,46,70808,506,Employed,High School,23,13971,60,Married,2,Mortgage,797,0.07864946894244866,2,0,0.2530304427066098,0,Home,0,21,24,1633,345,58209,14128,5900.666666666667,0.7967330147767661,6,44081,0.265971,0.21277680000000002,380.148058762756,0.1994940784255038,1,40.800000000000004
2030-07-29,30,27927,480,Employed,Bachelor,9,11522,72,Single,4,Mortgage,476,0.2686433746526415,2,0,0.5944285484974537,0,Education,0,17,22,1916,238,77839,4332,2327.25,0.9378195636836969,6,73507,0.286522,0.27503074138280315,328.29861854057634,0.3456004376584279,0,58.0
2030-07-30,43,68820,620,Employed,Bachelor,24,36514,48,Widowed,1,Rent,330,0.1696925345652495,2,1,0.1188779810835755,0,Debt Consolidation,0,24,28,1656,3942,70962,26160,5735.0,0.7588255838714151,7,44802,0.22151400000000002,0.24949733344288189,1209.6759034508455,0.26847007906727904,0,46.0
2030-07-31,23,42878,572,Employed,High School,0,27903,24,Married,2,Mortgage,390,0.2665794332638677,6,0,0.269674089624644,0,Debt Consolidation,1,23,19,7373,1072,15953,31946,3573.1666666666665,0.5873019591332551,8,4094,0.216903,0.2005507845290336,1420.8964749035256,0.5068043681804727,0,59.0
2030-08-01,39,15769,609,Employed,Master,18,19178,36,Widowed,2,Own,506,0.030179496933716035,5,1,0.2448497666804059,0,Auto,0,26,3,613,663,15047,18396,1314.0833333333333,0.5646895452248231,6,7528,0.199678,0.23410140839779212,746.4808832373276,0.9531213519467266,0,53.0
2030-08-02,18,24755,519,Employed,Master,0,23942,72,Single,1,Own,696,0.7033363133446929,4,4,0.1084854866758981,0,Debt Consolidation,0,20,28,1990,1622,14431,18261,2062.9166666666665,0.5866326244110853,4,1528,0.27944199999999997,0.24354176590352922,635.4745345110138,0.6454330201628828,0,54.0
2030-08-03,55,24295,539,Employed,Associate,31,44235,48,Single,0,Other,284,0.1676460432816527,4,1,0.22501953601193872,0,Education,0,24,20,15524,1261,41669,29690,2024.5833333333333,0.8676068136782629,8,11979,0.269735,0.25556507001196616,1480.4689849381575,0.8715220341328623,0,53.0
2030-08-04,23,46942,577,Employed,Bachelor,1,13775,48,Single,0,Own,489,0.32366219526907947,2,1,0.28784837585301337,0,Auto,0,22,20,1043,481,47455,47860,3911.8333333333335,0.7533795065175568,4,4083,0.22027500000000003,0.19001244826235472,411.88317696608794,0.2302969222358028,1,42.400000000000006
2030-08-05,42,51861,651,Employed,Bachelor,20,88275,60,Single,1,Mortgage,130,0.12569209672047546,4,0,0.17504762085081174,0,Home,0,20,14,1002,993,74778,774,4321.75,0.46931943806437665,5,74004,0.267775,0.28112431792005743,2754.505215028416,0.6674391658537435,0,41.0
2030-08-06,48,65512,628,Employed,Associate,27,29279,84,Single,0,Rent,274,0.1997195833495198,1,0,0.32706659369735935,0,Auto,0,23,18,3039,1797,54530,45841,5459.333333333333,0.7293542443984656,10,8689,0.24027900000000002,0.25527017821430503,750.993749379272,0.1877507173121148,0,50.0
2030-08-07,44,21136,620,Employed,High School,23,17002,36,Single,0,Rent,275,0.2985447581540625,1,2,0.36272355225501035,0,Auto,0,19,23,7258,3793,89632,5861,1761.3333333333333,0.870848278682931,5,83771,0.192002,0.17593174885571006,611.1987718004563,0.5031408621122954,0,51.0
2030-08-08,31,29883,501,Employed,High School,9,19816,84,Single,0,Own,611,0.24135043324707284,1,1,0.22205182126509887,0,Other,0,24,6,7859,888,21745,2992,2490.25,0.7391753940339093,6,18753,0.294316,0.3190030006760255,592.1386155039353,0.48313969099646037,0,56.0
2030-08-09,18,204839,584,Employed,Master,0,9893,48,Married,0,Mortgage,571,0.4104902545969821,6,1,0.34816520607201695,0,Home,0,23,16,931,622,99219,57798,17069.916666666668,0.6742357495521059,8,41421,0.21289300000000003,0.20773606860329927,305.1402429997374,0.05132656826091149,1,42.400000000000006
2030-08-10,34,38495,631,Employed,Master,13,23362,36,Married,4,Other,334,0.25070172943360275,2,0,0.412280435939523,0,Debt Consolidation,0,14,27,6923,8846,85142,8086,3207.9166666666665,0.875276965448251,7,77056,0.192862,0.19244147436096046,859.2444909889449,0.371968668447002,0,52.0
2030-08-11,46,116052,632,Unemployed,High School,20,21019,24,Married,4,Own,469,0.22562931190901223,4,0,0.2624001976977225,0,Home,0,22,14,1789,601,77514,72067,9671.0,0.8201011608522277,2,5447,0.180019,0.21602280000000001,1086.3030864600712,0.16082133041671712,0,51.0
2030-08-12,49,30038,500,Employed,Bachelor,28,10971,24,Married,1,Rent,974,0.1562521429225773,3,0,0.25222919789833437,0,Debt Consolidation,0,33,1,3306,4458,262931,74226,2503.1666666666665,0.6682135589970565,6,188705,0.235971,0.23827379890964084,579.1040189872232,0.6204556970452987,0,52.0
2030-08-13,48,94166,597,Employed,Bachelor,25,15073,72,Married,5,Rent,279,0.28912292314171884,2,0,0.16523517892587325,1,Other,0,24,5,8444,2847,116208,56238,7847.166666666667,0.7893228702045675,4,59970,0.231573,0.22096496758062992,379.58995073236844,0.0839271011701508,0,61.0
2030-08-14,57,28716,591,Employed,High School,36,31123,36,Single,0,Mortgage,253,0.45130395217368063,4,2,0.12884835411189294,0,Home,1,30,18,1128,1654,80233,25116,2393.0,0.5517659726767863,11,55117,0.220623,0.18891475315191694,1139.1383221773403,0.5817544179596074,0,57.0
2030-08-15,21,33051,568,Employed,Associate,0,16287,24,Single,0,Mortgage,980,0.17779758116215227,2,0,0.1481483512782833,0,Home,0,18,21,7101,3147,160458,19629,2754.25,0.7606159623749104,5,140829,0.20728699999999997,0.2369528168423643,858.6365025897796,0.6675634029553525,0,46.0
2030-08-16,58,47958,562,Employed,Master,34,12325,48,Single,1,Rent,413,0.08264413393226482,3,0,0.4028309500779805,0,Education,0,30,10,6021,531,340421,53141,3996.5,0.8977312654180705,4,287280,0.226325,0.22639398684619924,392.6033442806689,0.20157721613428473,1,40.0
2030-08-17,41,33931,538,Employed,High School,15,18404,36,Single,4,Mortgage,221,0.17228055599320188,4,2,0.1280435203160081,0,Auto,0,25,6,4714,1103,489709,8413,2827.5833333333335,0.8078947023480023,6,481296,0.234404,0.2223233165173366,705.0710456695084,0.3275132636242404,1,36.800000000000004
2030-08-18,44,16782,543,Employed,High School,25,35415,12,Married,1,Mortgage,563,0.3683420845295221,1,0,0.07260634698516573,0,Auto,0,20,16,5265,1668,51482,29734,1398.5,0.7766273074762678,4,21748,0.228915,0.23877084664853834,3346.72185140312,2.7956538086543583,0,52.0
2030-08-19,51,21402,624,Unemployed,Associate,32,31690,24,Single,0,Rent,309,0.39268818863761407,2,1,0.4025525510331649,0,Debt Consolidation,0,28,26,3571,968,156189,21681,1783.5,0.9697462484062352,4,134508,0.19469,0.20353395213928324,1618.3642139362953,1.0806639831434233,0,54.0
2030-08-20,39,22868,612,Employed,Associate,14,19440,12,Divorced,4,Mortgage,723,0.48468699258187314,2,4,0.301616843325086,0,Education,0,28,7,14602,1216,179768,40063,1905.6666666666667,0.7273332468688755,8,139705,0.17844,0.20509099592153068,1805.5548059565501,1.3268610141454695,0,51.0
2030-08-21,39,54059,651,Employed,Master,18,20768,36,Single,2,Mortgage,391,0.24222326028365984,1,2,0.43708744561090784,0,Education,0,25,13,688,3480,131203,64640,4504.916666666667,0.9007489098186704,6,66563,0.180268,0.2163216,789.1927475476061,0.2619788188936398,0,48.0
2030-08-22,41,60073,562,Employed,Bachelor,18,20983,36,Married,0,Mortgage,491,0.2945551735939791,0,1,0.2817626400610076,1,Home,0,25,25,8833,709,35840,36273,5006.083333333333,0.7867924798496585,5,2061,0.224983,0.19556352077317812,775.0683541780326,0.25290596857384173,0,64.0
2030-08-23,44,34132,577,Employed,Bachelor,19,17119,48,Married,1,Mortgage,550,0.19421033641546637,1,0,0.2046283615043745,1,Debt Consolidation,0,32,27,7189,2056,18890,6457,2844.3333333333335,0.7206218728544083,5,12433,0.223619,0.19822502084064306,519.3198030104121,0.3759474286922813,0,64.0
2030-08-24,54,50665,640,Employed,High School,35,13047,24,Single,2,Rent,293,0.2958869347694546,3,1,0.37016959633356283,0,Education,0,33,12,2392,4248,503868,5614,4222.083333333333,0.7432137624261308,5,498254,0.168047,0.1706946240849886,645.5087668143877,0.2222857041699922,1,36.0
2030-08-25,56,43414,589,Employed,Bachelor,37,24066,60,Married,1,Own,815,0.17203479660017892,2,1,0.13866503189622859,0,Home,0,31,21,5008,459,40679,40969,3617.8333333333335,0.7978976614260158,7,4045,0.234566,0.2515855286577773,708.6077262094427,0.42113817465594766,0,50.0
2030-08-26,28,41534,515,Employed,High School,7,21621,48,Married,2,Mortgage,437,0.04321088237907302,1,0,0.15869555509973882,0,Auto,0,17,3,1623,2694,16235,2406,3461.1666666666665,0.7891773334940778,4,13829,0.259121,0.2753588940038528,747.8075571254623,0.34231450583872364,0,53.0
2030-08-27,39,72341,577,Employed,Associate,17,33645,60,Single,0,Rent,286,0.16244061424990594,2,1,0.16457908851649375,0,Debt Consolidation,0,30,11,7336,677,36602,52686,6028.416666666667,0.7592408331821866,4,9474,0.250145,0.2592898292042187,1005.9330307590245,0.21430718913352445,0,49.0
2030-08-28,46,27070,494,Employed,Associate,23,9994,60,Single,3,Own,315,0.037510296207527265,8,0,0.3870502357403449,0,Debt Consolidation,0,31,10,2724,7841,24561,9438,2255.8333333333335,0.9432823784429223,1,15123,0.267994,0.276860033688458,309.2809766772356,0.2767407358746519,0,55.0
2030-08-29,46,57989,549,Unemployed,Doctorate,22,44555,36,Single,4,Own,496,0.20523554633248683,3,0,0.03526980697144523,0,Home,0,25,27,969,3899,41196,4996,4832.416666666667,0.8864287986447941,5,36200,0.25505500000000003,0.2646258831523364,1806.1459390858397,0.4763964074053713,0,53.0
2030-08-30,33,16801,536,Employed,High School,9,27002,36,Divorced,3,Own,793,0.5018634805809564,1,0,0.0608913672172268,0,Debt Consolidation,0,28,8,2432,575,25568,6839,1400.0833333333333,0.9213452513919151,4,18729,0.244002,0.2699146006672245,1102.2387506494147,1.3536613896668637,0,54.0
2030-08-31,48,17717,592,Employed,Associate,25,31712,36,Married,3,Mortgage,555,0.11545809553415451,3,5,0.45483673338772274,0,Auto,0,36,12,3403,338,41597,53768,1476.4166666666667,0.7879359878877797,4,2909,0.220712,0.17840454416612916,1143.9282659059809,1.150710571252005,0,57.0
2030-09-01,38,43297,543,Employed,Master,15,12889,24,Married,2,Mortgage,727,0.1279540394750992,2,3,0.5993644080086257,0,Home,0,23,10,8037,1828,27338,25183,3608.0833333333335,0.7710217501935768,3,2155,0.216389,0.22557402427828116,672.2106778731676,0.3877988806263254,0,58.0
2030-09-02,28,22195,499,Employed,Master,5,16749,96,Single,3,Rent,313,0.07699324303419373,4,0,0.2295517266160541,0,Auto,0,33,21,2196,5282,33758,210718,1849.5833333333333,0.7415025338108512,7,4422,0.302249,0.27654009038758903,434.77519809746207,0.40429386695965513,0,53.0
2030-09-03,49,29593,550,Employed,Bachelor,26,13953,60,Single,1,Own,1624,0.33005115865770956,1,1,0.07677145703659641,0,Education,0,23,28,19138,3590,174875,50778,2466.0833333333335,0.9497228479844801,6,124097,0.24395299999999998,0.26451279964290203,421.4952127066556,0.8294509699077439,0,48.0
2030-09-04,48,28372,547,Employed,Master,27,16689,48,Single,2,Own,473,0.3176375321038208,2,0,0.6582301185434535,0,Education,0,16,18,1694,90,22066,39859,2364.3333333333335,0.9216918776316058,4,10500,0.238189,0.2543847523406082,557.4485437878069,0.4358304851774173,0,60.0
2030-09-05,36,44057,580,Employed,Master,11,22090,48,Married,4,Rent,584,0.4214956759731945,3,0,0.37683145834620496,0,Auto,0,18,2,8358,1704,85142,5060,3671.4166666666665,0.8052770824965707,3,80082,0.22709000000000001,0.2599183472184554,744.7138345190244,0.36190766539320185,0,58.0
2030-09-06,26,95322,542,Employed,Doctorate,3,24684,48,Married,3,Mortgage,646,0.2758821743007198,3,0,0.07189888256706367,0,Debt Consolidation,0,19,4,1187,1335,147549,20159,7943.5,0.810079708639846,7,127390,0.24868400000000002,0.24224882829183944,807.8155764089263,0.1830195224282654,1,38.400000000000006
2030-09-07,18,15000,525,Self-Employed,High School,0,19693,96,Single,2,Other,1265,0.20318166591513945,4,1,0.39222667227972,0,Education,0,26,11,11288,177,28717,14992,1250.0,0.7754114902700218,4,13725,0.292193,0.29102393565323714,530.7891180382094,1.4366312944305675,0,59.0
2030-09-08,38,54287,600,Employed,Bachelor,16,20729,24,Married,2,Mortgage,826,0.18900881007558357,4,1,0.30315341976378,0,Education,0,22,19,1932,623,77027,46881,4523.916666666667,0.6829447007861666,6,30146,0.195729,0.21652025381393394,1071.8235224327805,0.4195089481679475,0,50.0
2030-09-09,44,55918,606,Employed,Bachelor,21,18907,120,Married,0,Own,175,0.18263236375715486,3,2,0.3681270789692641,0,Debt Consolidation,0,18,2,1069,2184,52771,9492,4659.833333333333,0.8638042037457865,6,43279,0.270907,0.242274817698781,419.86635911886015,0.12765829087997285,0,54.0
2030-09-10,34,49472,560,Employed,High School,9,14032,72,Single,1,Other,708,0.05696567344455812,1,1,0.17498471197756144,0,Other,0,20,17,2379,3748,136476,113764,4122.666666666667,0.910651957603448,2,22712,0.24903199999999998,0.1992256,335.4764782827013,0.25310716646572634,0,50.0
2030-09-11,29,15000,557,Employed,Bachelor,6,27025,48,Single,3,Other,599,0.21192210472958486,7,0,0.3543578834534676,0,Home,0,25,27,2010,2747,129178,6888,1250.0,0.8507948348707937,6,122290,0.243525,0.2558812807183152,904.959042348,1.2031672338783999,0,52.0
2030-09-12,25,54843,480,Employed,Bachelor,3,20388,36,Married,2,Mortgage,186,0.07604459429903533,3,1,0.48090418013264374,0,Debt Consolidation,0,18,29,2666,2355,211247,49189,4570.25,0.6097567794606203,7,162058,0.26538799999999996,0.2774049139509478,840.4649952842907,0.22459712166386753,0,51.0
2030-09-13,40,73963,562,Employed,Bachelor,17,17444,48,Married,2,Mortgage,400,0.2199821924585163,2,2,0.564560937280634,0,Home,0,25,23,3232,2650,22951,33919,6163.583333333333,0.8013740529162764,5,4193,0.231444,0.22135507551134018,550.8761156966941,0.15427326350148493,1,46.400000000000006
2030-09-14,55,57995,576,Employed,High School,33,14744,120,Single,0,Mortgage,845,0.28403611192392814,2,0,0.2625043010549103,0,Home,0,17,9,5571,2222,45167,29988,4832.916666666667,0.9225602383129718,5,15179,0.281744,0.3062189707489129,395.4677060959732,0.2566706176937956,0,53.0
2030-09-15,34,20996,562,Employed,Associate,11,22215,36,Single,4,Mortgage,281,0.1821512248768038,2,0,0.16049449689005726,0,Education,0,23,21,1072,664,30043,10332,1749.6666666666667,0.7631413287416072,9,19711,0.22621499999999997,0.20589322764506726,832.2747397094132,0.6362781899653723,0,51.0
2030-09-16,50,58965,589,Employed,Master,26,47522,36,Single,3,Mortgage,420,0.5651710468566528,6,1,0.11113356589287446,0,Education,0,22,29,1325,437,159244,13730,4913.75,0.8559954590733512,5,145514,0.238022,0.22906545205665874,1837.2494439659486,0.4593740918780867,0,47.0
2030-09-17,39,49382,591,Employed,High School,15,16187,24,Single,4,Own,440,0.564143726888255,0,2,0.2074601831427051,0,Home,0,22,9,19919,1119,83992,3944,4115.166666666667,0.6417702427636903,2,80048,0.195687,0.19156911180715658,817.198843384571,0.3055037487468075,0,53.0
2030-09-18,41,53547,637,Employed,Bachelor,18,15252,36,Married,3,Other,352,0.08609874111591252,1,2,0.13085670934417637,0,Debt Consolidation,0,27,29,2896,3483,305095,53496,4462.25,0.7708322081732304,7,251599,0.181752,0.19263738871771738,561.1134923677902,0.2046307339050457,1,32.0
2030-09-19,35,46554,532,Employed,High School,15,23625,120,Single,1,Mortgage,314,0.026837615275454457,2,1,0.060002744703188865,0,Debt Consolidation,0,35,12,8595,1076,13023,25235,3879.5,0.7520453427774924,4,4493,0.31262500000000004,0.3128572333592621,645.3467548410113,0.24728618503441455,0,50.0
2030-09-20,44,69562,586,Employed,Associate,21,18795,96,Married,3,Mortgage,386,0.009955863102565497,4,0,0.37875697355350996,0,Education,0,23,1,2602,1308,39642,31440,5796.833333333333,0.9183391612728113,3,8202,0.260795,0.252263944053084,457.1510490532504,0.14545028303727617,0,57.0
2030-09-21,21,55426,567,Employed,Associate,0,33499,24,Married,0,Mortgage,220,0.1594201033515452,1,1,0.11808303756734766,0,Home,0,32,4,11545,537,19728,17534,4618.833333333333,0.912632745713235,3,2194,0.22499899999999998,0.2081551811836705,1718.3339802786716,0.4196587840245383,0,52.0
2030-09-22,42,44384,623,Employed,High School,20,18996,120,Married,1,Mortgage,1034,0.36933426145781206,3,0,0.7559706877713841,0,Other,0,19,14,2786,922,64384,27114,3698.6666666666665,0.803050299639898,1,37270,0.26249600000000006,0.2687697760826813,457.52862730623383,0.40326116455648,0,56.0
2030-09-23,44,141888,658,Employed,Master,22,26931,48,Married,0,Mortgage,493,0.09064544231503283,3,0,0.4419522027921185,0,Debt Consolidation,0,22,22,17118,3171,41625,24532,11824.0,0.6605678889135235,3,17093,0.19293100000000002,0.19659441534783362,814.6414731767306,0.1105921408302377,1,37.6
2030-09-24,25,35340,467,Employed,Associate,1,26424,48,Married,2,Mortgage,634,0.5075386431354154,1,0,0.3329687889139546,0,Home,0,25,1,5977,400,9078,15529,2945.0,0.8257828510755243,6,2238,0.287924,0.23707925313326203,857.209799689286,0.5063530728995878,0,60.0
2030-09-25,46,118988,640,Self-Employed,Doctorate,22,38686,36,Divorced,1,Rent,201,0.1455503249280875,3,2,0.3414426684733142,0,Debt Consolidation,0,23,15,11251,812,108682,19064,9915.666666666666,0.9279092083935255,7,89618,0.203686,0.17763180184493688,1393.999952873908,0.1608565522110372,1,40.0
2030-09-26,27,40413,639,Employed,Bachelor,6,34965,48,Single,2,Mortgage,668,0.44945691935686766,5,0,0.23337140286504957,0,Auto,0,17,25,39925,2731,60671,8838,3367.75,0.8894108912816535,8,51833,0.210465,0.17186385087465683,1012.2913531149136,0.49893589284089185,0,49.0
2030-09-27,29,29640,540,Unemployed,Associate,11,59966,36,Divorced,0,Rent,218,0.7511175615165555,2,0,0.1477604878413641,0,Debt Consolidation,0,28,28,7749,1606,213234,14973,2470.0,0.8319292809369301,9,198261,0.274966,0.27516783003481454,2464.780494101282,1.086145949028859,0,53.0
2030-09-28,41,53242,537,Employed,Associate,18,23975,60,Single,1,Mortgage,656,0.2424876177247547,3,1,0.30140836323482445,0,Debt Consolidation,0,12,9,4388,2729,47424,16037,4436.833333333333,0.9328158205279872,3,31387,0.260475,0.24733515902343312,699.9572945177165,0.30561375482161823,0,55.0
2030-09-29,56,74921,650,Employed,Bachelor,31,48267,60,Single,2,Own,621,0.5763419658176611,6,0,0.08276818661257739,0,Home,0,22,5,7598,3287,58413,26001,6243.416666666667,0.8951625012204789,5,32412,0.228267,0.24617957737445265,1405.9100157647645,0.324647564623766,0,47.0
2030-09-30,27,21974,595,Employed,Bachelor,3,10687,72,Married,0,Mortgage,952,0.3106143922628903,2,0,0.2683274214802176,0,Education,0,20,8,1656,4572,123351,93361,1831.1666666666667,0.9102605843031393,2,29990,0.228187,0.20434685532152683,258.6837473719727,0.6611543173051639,0,55.0
2030-10-01,44,31808,576,Employed,Bachelor,19,20876,48,Divorced,1,Own,470,0.29250066474489683,4,2,0.5690037347815377,0,Debt Consolidation,0,24,3,2558,1009,54489,64591,2650.6666666666665,0.8083488254670388,5,8988,0.22787600000000002,0.2653233289768875,710.1490417427586,0.4452272541786061,0,62.0
2030-10-02,40,38556,534,Employed,High School,16,7218,60,Single,3,Own,210,0.3201050259277436,4,0,0.2727411153066325,0,Education,0,23,9,801,3174,84888,29664,3213.0,0.7908442135262489,7,55224,0.245218,0.25963567688506434,215.95465327234717,0.1325722543642537,0,52.0
2030-10-03,32,79799,595,Employed,High School,12,19482,36,Married,1,Mortgage,499,0.1379770150571503,3,1,0.2866717806321622,0,Auto,0,24,5,2158,8696,47241,53794,6649.916666666667,0.9034965864123915,5,9622,0.206982,0.18557101098250187,709.7775421786087,0.18177333683559072,0,53.0
2030-10-04,37,38959,598,Employed,Associate,13,12833,48,Single,2,Rent,827,0.180587190743346,2,1,0.5631258715744997,0,Home,0,21,7,4324,2702,43148,50240,3246.5833333333335,0.6833281832663691,8,7402,0.20883300000000002,0.23028959240900945,411.5201739896866,0.3814841779274683,0,59.0
2030-10-05,35,46919,547,Employed,Associate,11,35889,60,Single,0,Other,397,0.5868683240053026,8,1,0.242721660275074,0,Other,0,32,18,9983,777,124640,122583,3909.9166666666665,0.7475274535784525,5,2057,0.267389,0.27665966026663336,1110.2123477147327,0.3854845195459578,0,54.0
2030-10-06,45,92294,604,Employed,Associate,23,12659,72,Married,0,Mortgage,207,0.17704114846056823,0,2,0.17836675843981428,0,Education,0,20,4,1519,354,21436,2727,7691.166666666667,0.7699946242810728,9,18709,0.225659,0.22221131950518141,319.7353644167096,0.06848575609465962,1,38.400000000000006
2030-10-07,46,36275,653,Employed,Doctorate,24,14386,24,Single,1,Mortgage,190,0.07557155767246819,3,0,0.11008049986762183,0,Education,0,20,9,6708,1565,23143,15619,3022.9166666666665,0.9003783501514158,7,7524,0.162886,0.18001344704565547,718.2174780027617,0.30044410023523477,0,45.0
2030-10-08,48,46089,574,Employed,High School,27,13045,36,Married,2,Own,360,0.18458370152078557,5,1,0.4221601187344044,0,Home,0,29,16,768,3757,118735,37530,3840.75,0.9041252761081439,3,81205,0.211045,0.20721394646803248,489.6071868807633,0.2212086667658044,0,54.0
2030-10-09,49,145728,613,Employed,High School,25,59931,48,Married,3,Own,662,0.15773324768702765,3,1,0.30200859551906706,0,Home,0,17,10,11280,4237,21983,8438,12144.0,0.7335160874154671,2,13545,0.24843099999999999,0.2647683303522448,2036.8225338723412,0.22223505713705052,0,48.0
2030-10-10,29,19101,595,Employed,Associate,5,30750,36,Married,1,Rent,699,0.17079791113354112,0,0,0.32052742177016974,0,Home,0,21,1,3357,2197,22310,42087,1591.75,0.3779186184106698,9,9500,0.21825,0.21107575931911052,1160.2074473266107,1.1680272953206288,0,59.0
2030-10-11,43,54353,585,Employed,Associate,17,24092,48,Single,2,Mortgage,397,0.23835087331199606,6,2,0.19333869146216576,0,Home,0,22,1,5721,1101,21998,113106,4529.416666666667,0.8451656740101443,4,7340,0.22659200000000002,0.22010765659675688,759.1852428636757,0.25526140073894926,0,54.0
2030-10-12,28,51212,545,Employed,High School,2,13914,24,Married,3,Rent,474,0.09948291021843775,1,2,0.43866889039569007,0,Home,0,38,25,3566,1795,35452,6743,4267.666666666667,0.6378893642860441,8,28709,0.216414,0.2197847783087556,721.6847705857516,0.28017295257027686,0,55.0
2030-10-13,47,40583,542,Employed,High School,27,15452,36,Married,2,Own,320,0.4658689018739476,4,3,0.14147413344545848,0,Debt Consolidation,0,33,24,10841,5216,323606,38417,3381.9166666666665,0.9607661714531669,3,285189,0.229452,0.242969952633196,608.6382253107217,0.2745893281356396,0,46.0
2030-10-14,19,43013,596,Employed,Bachelor,0,38663,24,Single,5,Rent,687,0.40598267628673157,2,1,0.21057043928786387,0,Other,0,21,19,3434,2014,356622,11656,3584.4166666666665,0.917320724159663,2,344966,0.215663,0.23218011416640474,2029.0963115679497,0.7577512784231604,0,48.0
2030-10-15,30,43618,604,Employed,Associate,10,23211,60,Single,1,Own,64,0.1292435656471206,3,1,0.389575280578597,0,Home,0,26,19,3364,2069,126162,20331,3634.8333333333335,0.9655058093373551,4,105831,0.226211,0.19722414237823738,611.370025987044,0.1858049500629219,0,47.0
2030-10-16,52,76029,622,Employed,Bachelor,30,42756,48,Married,0,Mortgage,488,0.6726932145155161,3,1,0.322565690645511,0,Auto,0,19,16,2041,1130,113571,25937,6335.75,0.5238011119605055,3,87634,0.22675600000000004,0.24234028930021154,1399.4615962559337,0.29790657716228286,0,51.0
2030-10-17,19,15000,540,Employed,Master,0,23055,36,Married,0,Mortgage,654,0.25297340177584093,2,0,0.060429982963620184,0,Education,0,24,13,3664,2397,52608,280810,1250.0,0.8216113309608958,4,5018,0.238055,0.23995032297473112,904.4532829150825,1.2467626263320661,0,52.0
2030-10-18,47,104699,572,Employed,Bachelor,27,21841,48,Married,3,Rent,383,0.11548542105905145,1,0,0.34662836435520455,0,Debt Consolidation,0,30,20,2221,1509,45298,56891,8724.916666666666,0.7745449218153891,4,5050,0.23084100000000002,0.2239170947414424,692.77727721854,0.12329943291361407,1,41.6
2030-10-19,53,50612,624,Unemployed,Associate,31,44175,60,Single,0,Mortgage,455,0.17466620039731193,4,1,0.08163647482395009,0,Debt Consolidation,0,25,26,59895,7649,67544,8090,4217.666666666667,0.9522862090026459,2,59454,0.23717500000000002,0.258123035344158,1317.7159924357354,0.4203072771127168,0,47.0
2030-10-20,38,87172,501,Employed,Master,20,9270,48,Married,3,Own,126,0.15503385256328836,1,0,0.47786870612713217,0,Home,0,22,7,5642,3749,32948,69418,7264.333333333333,0.8883944375516365,5,6733,0.25377,0.22428146386876216,294.22029917228036,0.05784705628031208,1,44.0
2030-10-21,23,52372,545,Employed,Associate,3,11111,36,Married,0,Rent,226,0.12688772311164856,2,1,0.5075414071572233,0,Auto,0,22,23,656,401,81698,12043,4364.333333333333,0.8624529199071693,4,69655,0.223611,0.20722849205857624,417.02824621581317,0.147337106747685,1,44.0
2030-10-22,47,36616,641,Employed,Bachelor,25,20916,36,Married,3,Mortgage,1204,0.3189833897277594,4,1,0.35728555426306713,0,Other,0,26,4,2332,1623,126663,47143,3051.3333333333335,0.6988213409524391,3,79520,0.185416,0.16415049685526584,739.6376044786678,0.6369797698750277,0,53.0
2030-10-23,44,21745,612,Employed,Bachelor,24,14102,48,Single,0,Own,260,0.18950923806369396,0,2,0.29432361300264553,0,Home,0,19,4,6315,1072,13465,52618,1812.0833333333333,0.6679532633007598,6,7552,0.203102,0.24306672720274602,462.1451968236192,0.39851654917835966,0,53.0
2030-10-24,32,54346,446,Employed,High School,6,16742,60,Single,0,Own,567,0.3300341879982016,4,2,0.14506934631491503,0,Debt Consolidation,1,36,28,832,1047,64018,47244,4528.833333333333,0.4341475965575265,7,16774,0.298742,0.25695716310707734,498.25185828300334,0.23521551355014247,0,56.0
2030-10-25,47,40657,619,Employed,Associate,29,27550,60,Single,0,Mortgage,707,0.17833185209818447,5,1,0.1873141272514193,0,Education,0,27,4,3892,993,34317,67879,3388.0833333333335,0.8711491130938914,10,10738,0.22305000000000003,0.220201462997717,761.2166324101393,0.4333472609617451,0,50.0
2030-10-26,27,99363,592,Employed,Bachelor,5,15172,60,Single,2,Own,469,0.0985769609146859,7,1,0.2800648125368787,0,Auto,0,22,29,4696,1846,700341,3260,8280.25,0.6502405662723457,8,697081,0.22417199999999998,0.24139884097804787,437.7003242614002,0.10950156387324057,1,33.6
2030-10-27,41,40882,614,Employed,Bachelor,22,27544,36,Married,1,Rent,726,0.15868136035180136,2,0,0.2961013576185509,0,Education,1,25,21,3602,266,124522,49053,3406.8333333333335,0.9561499021637385,3,75469,0.20554399999999998,0.23073480837308924,1067.2757499053173,0.5263761312769387,0,53.0
2030-10-28,63,74870,664,Employed,Associate,41,18256,36,Single,2,Mortgage,261,0.11703535465993105,4,0,0.10996757333345825,0,Home,1,26,15,2633,876,940991,23366,6239.166666666667,0.8465565054011878,5,917625,0.171256,0.17701685635052167,657.2693534703142,0.1471782054446877,1,32.800000000000004
2030-10-29,47,79236,589,Employed,High School,25,27291,36,Divorced,2,Mortgage,564,0.34457616219956394,1,0,0.596907901590637,0,Education,0,26,9,3919,1393,25459,23452,6603.0,0.6983872357090465,2,2007,0.217791,0.2406720291385875,1071.6669872365903,0.2477157333388748,0,59.0
2030-10-30,60,96528,551,Employed,Master,36,15356,60,Single,1,Mortgage,586,0.27585116131249404,2,0,0.34353764128612185,0,Other,0,22,5,1310,416,59330,10116,8044.0,0.6198624726513207,7,49214,0.24485600000000002,0.2568758385761555,456.9299639930914,0.12965315315677417,0,55.0
2030-10-31,24,23831,555,Self-Employed,High School,0,12458,108,Married,2,Mortgage,663,0.5653209991701443,4,3,0.2441021122412698,0,Auto,0,23,14,20541,150,52962,19374,1985.9166666666667,0.7126493467126096,8,33588,0.279958,0.33594959999999996,367.39551041922493,0.518851333348609,0,58.0
2030-11-01,51,39191,438,Employed,Associate,28,18867,96,Single,2,Mortgage,367,0.48994613604319104,4,0,0.29501388766739917,0,Other,0,26,13,3828,2248,33909,55177,3265.9166666666665,0.5294859546973765,6,3251,0.334867,0.36318138401535893,605.6131826366685,0.2978071034584477,0,54.0
2030-11-02,44,55639,477,Employed,Bachelor,20,14951,48,Married,4,Mortgage,480,0.342572799877395,3,1,0.40883519350936726,0,Other,0,35,28,66791,417,230911,139226,4636.583333333333,0.9443757543640938,3,91685,0.271451,0.21716080000000001,468.7458633818555,0.20462176460005152,1,43.2
2030-11-03,46,24122,575,Employed,Associate,25,40185,84,Single,0,Rent,339,0.19326320071213077,1,1,0.33584050311726926,0,Debt Consolidation,1,34,4,1034,561,77224,12584,2010.1666666666667,0.6213327875063251,3,64640,0.277685,0.2547580222898328,1029.4048449791342,0.6807419840705418,0,62.0
2030-11-04,21,29256,578,Employed,Bachelor,0,45719,108,Single,3,Mortgage,639,0.23953815430458544,3,2,0.20526558392247177,0,Auto,0,21,2,469,1087,18461,18924,2438.0,0.5802790489307541,7,6206,0.301719,0.2973900858789735,1219.7359895834643,0.7624019645543332,0,58.0
2030-11-05,35,50177,484,Employed,Master,12,21964,60,Divorced,0,Own,247,0.09506502608946739,6,1,0.6365806589781312,0,Home,0,25,11,7392,1423,49959,6693,4181.416666666667,0.7384220486237302,7,43266,0.284964,0.2966118527932339,706.0458165865282,0.22792414450920417,0,57.0
2030-11-06,60,64460,513,Employed,Bachelor,38,38162,84,Married,0,Rent,262,0.3835840640000753,5,0,0.1240841091179883,0,Debt Consolidation,0,24,24,4458,541,57700,146962,5371.666666666667,0.8678281001995524,9,5288,0.306662,0.29679500782621776,1082.9526646466502,0.25037902537635437,0,50.0
2030-11-07,25,28596,497,Employed,Associate,1,10218,36,Married,1,Mortgage,288,0.1407743912762083,2,1,0.19219036586182994,0,Education,0,23,3,2398,3968,38157,14456,2383.0,0.7018126147138629,3,23701,0.246718,0.2278389774251363,394.3859711917494,0.2863558418765209,0,54.0
2030-11-08,42,34509,513,Employed,Associate,17,10398,48,Divorced,1,Mortgage,579,0.36361838210309866,6,0,0.8384163782075064,0,Auto,0,29,4,4212,510,30374,80754,2875.75,0.7687919942597153,9,8299,0.248898,0.2629674003611609,352.33069784720504,0.32385662795695214,0,62.0
2030-11-09,33,38515,520,Employed,High School,10,33203,72,Married,5,Rent,433,0.4844122917837422,1,1,0.08184509124653998,0,Debt Consolidation,0,26,23,2264,1454,31559,26011,3209.5833333333335,0.8294712450701417,5,5548,0.288203,0.2704677079752202,936.5431896591222,0.42670435611864116,0,52.0
2030-11-10,59,61152,623,Employed,Bachelor,35,17872,36,Single,1,Rent,631,0.2822984420128477,3,0,0.10723921264335891,0,Home,0,23,17,1044,1272,59720,4264,5096.0,0.9059744142521214,5,55456,0.19137200000000001,0.19918756961050896,663.4479726946556,0.25401255351151014,0,45.0
2030-11-11,39,31670,499,Employed,High School,16,24954,36,Divorced,0,Mortgage,409,0.43999242996956395,4,0,0.10423552745891457,0,Education,0,24,19,4712,576,70298,17904,2639.1666666666665,0.7616248908965314,1,52394,0.26045399999999996,0.2808698976908038,1033.3600739743056,0.5465210258191243,0,50.0
2030-11-12,23,34256,505,Unemployed,High School,1,17834,120,Single,0,Own,578,0.4822590868990209,4,1,0.37434951095314917,0,Auto,0,34,8,5783,2146,30808,10582,2854.6666666666665,0.8919680989463279,5,20226,0.320334,0.3001493852660261,470.3330097837603,0.36723482360477355,0,60.0
2030-11-13,44,59730,542,Employed,High School,21,19827,48,Single,1,Mortgage,497,0.4770165645277444,7,0,0.10632219741687751,0,Other,0,22,14,1702,1138,75509,14421,4977.5,0.6632704355358086,2,61088,0.24382700000000002,0.23220208757706856,637.8790265257259,0.22800181346574097,0,49.0
2030-11-14,50,48735,616,Employed,High School,25,33368,60,Married,4,Mortgage,367,0.2972212839889762,2,0,0.2794013201359572,0,Home,0,17,3,2185,701,176408,94923,4061.25,0.7503733422054094,4,81485,0.23036800000000002,0.2331515896886424,946.7114433014837,0.3234746551681092,0,51.0
2030-11-15,64,73548,621,Employed,Associate,41,28985,48,Single,0,Mortgage,263,0.11589518623408628,4,0,0.038287283969220466,0,Home,0,27,23,3017,2278,449687,17077,6129.0,0.8138866289809062,2,432610,0.21348500000000004,0.24493728608388876,952.8930652272062,0.19838359687179086,1,32.0
2030-11-16,49,21587,564,Self-Employed,Bachelor,28,19981,72,Single,0,Mortgage,203,0.23356443335160962,2,2,0.4493180551035751,0,Education,1,17,13,3089,465,50145,78254,1798.9166666666667,0.8991315010437103,5,2049,0.252981,0.27347922829804905,567.3724381743559,0.42824242637199567,0,67.0
2030-11-17,36,39133,530,Employed,Doctorate,15,9799,48,Married,2,Mortgage,373,0.1795057611238184,5,2,0.4199728928564693,0,Auto,0,25,12,843,1113,22146,10055,3261.0833333333335,0.7681076767066296,7,12091,0.239799,0.2687114018279186,335.21643216844905,0.21717213569165125,0,56.0
2030-11-18,20,23735,616,Employed,Master,0,27942,48,Divorced,4,Mortgage,372,0.4580681955379596,1,2,0.5137322719539654,0,Other,0,20,18,4213,952,45845,43082,1977.9166666666667,0.5627967955567449,6,2763,0.21494200000000002,0.21630632322080912,874.7492384443569,0.6303345633592704,0,58.0
2030-11-19,36,48257,572,Employed,High School,15,41164,24,Married,5,Rent,356,0.2035940397873572,3,1,0.5451779579843611,0,Debt Consolidation,0,29,18,1918,932,41085,45880,4021.4166666666665,0.807773918114374,6,7300,0.230164,0.2347955777353664,2165.7078846813997,0.6270695363610833,0,59.0
2030-11-20,18,88733,522,Employed,Bachelor,0,6669,120,Single,3,Mortgage,195,0.5479631445144842,5,2,0.032548172631966014,0,Home,0,28,15,3059,342,70646,13876,7394.416666666667,0.5407310115642083,5,56770,0.300669,0.25836440966613855,155.66520937213025,0.04742297130115698,1,38.400000000000006
2030-11-21,51,160616,644,Employed,Bachelor,27,22140,36,Married,1,Own,194,0.07149355170118596,1,1,0.3383682550524422,0,Home,0,36,21,3377,907,46512,7103,13384.666666666666,0.8038285355513324,11,39409,0.18514,0.20801970343111623,831.8765793328196,0.0766456576679399,1,38.400000000000006
2030-11-22,43,15000,476,Employed,High School,19,13823,24,Married,1,Other,293,0.05768694180988176,4,1,0.41764089684794425,0,Debt Consolidation,1,13,3,2626,2459,23718,7939,1250.0,0.6557665231950036,7,15779,0.250823,0.23665746633922097,728.5331373088673,0.8172265098470938,0,66.0
2030-11-23,33,63759,612,Employed,Doctorate,12,25275,84,Single,0,Rent,286,0.19472530285930223,3,1,0.429775871796845,0,Home,0,28,7,1332,1566,65339,17368,5313.25,0.8100502119449668,4,47971,0.244275,0.24900756466590543,638.1486869704293,0.1739328446751855,0,53.0
2030-11-24,30,48662,625,Employed,Master,10,9182,60,Divorced,1,Mortgage,555,0.3938841475917299,2,2,0.13375717035872164,0,Home,0,28,13,1771,173,124589,12996,4055.1666666666665,0.9748922980279672,4,111593,0.20168200000000003,0.19712111631975718,241.7983569225372,0.19648966920945393,1,35.2
2030-11-25,52,75886,613,Employed,Master,29,15868,24,Single,0,Rent,264,0.23710421066725937,1,0,0.17992485420168697,0,Debt Consolidation,0,21,25,2397,522,282233,32312,6323.833333333333,0.46715440268955977,8,249921,0.18436799999999998,0.2039695176231686,810.6950169932935,0.1699436022971236,1,34.4
2030-11-26,23,234153,516,Employed,Bachelor,0,29735,72,Single,2,Own,336,0.27559665679900464,3,0,0.22838723429173124,0,Home,0,19,20,1388,2203,19969,40477,19512.75,0.8568504423151627,4,8080,0.286735,0.3113756529147147,916.4717389604584,0.06418735129392107,1,40.0
2030-11-27,20,113324,509,Employed,Associate,0,49101,84,Single,1,Rent,295,0.2513170912685551,4,0,0.3254912951032663,0,Education,0,24,23,12336,967,49734,18766,9443.666666666666,0.6860967508105381,5,30968,0.319601,0.3213014962182617,1474.9546542339863,0.187422398175213,0,53.0
2030-11-28,29,41420,561,Employed,Associate,10,17291,24,Married,2,Mortgage,562,0.21030166198341457,3,0,0.5045566371775884,0,Auto,0,27,1,3329,2352,46017,8512,3451.6666666666665,0.9176319098823913,5,37505,0.21179099999999998,0.1972851739186519,877.7478161697511,0.4171167019323277,0,63.0
2030-11-29,33,68450,568,Employed,Bachelor,9,25371,48,Single,0,Other,570,0.1959461156110326,1,1,0.3918357349998593,0,Auto,1,29,5,2309,2183,94203,28610,5704.166666666667,0.8791630668693885,6,65593,0.236371,0.23643457661812087,822.1482680537221,0.24405813318691982,0,59.0
2030-11-30,38,35605,601,Employed,Doctorate,14,35979,48,Married,3,Other,829,0.21733091670216922,2,3,0.4537883447973742,0,Education,0,25,8,5375,627,32350,16793,2967.0833333333335,0.7850464339310125,5,15557,0.23047900000000002,0.21271438462929937,1119.3742558341237,0.6566631391661139,0,55.0
2030-12-01,62,86190,657,Employed,Bachelor,40,44214,12,Married,2,Own,770,0.20373660617560158,2,1,0.4657799529635447,0,Debt Consolidation,0,22,27,9069,632,152240,21177,7182.5,0.8785643593023243,7,131063,0.180714,0.16285857330643597,4017.557566494608,0.6665586587531651,0,45.0
2030-12-02,18,52707,586,Employed,Associate,0,35093,72,Widowed,1,Mortgage,676,0.2923240036599318,2,0,0.09923681643010474,0,Other,0,20,15,3021,735,176619,26111,4392.25,0.446156986277807,2,150508,0.257093,0.23458344737661974,912.3826324966676,0.36163302009144915,0,46.0
2030-12-03,50,71808,573,Employed,Master,28,15223,48,Single,1,Own,297,0.11259788768890043,5,1,0.6611151308032458,0,Debt Consolidation,0,28,22,4098,4315,217324,13109,5984.0,0.6605527464175885,6,204215,0.22372300000000003,0.23658508855255084,493.42819614322485,0.13209027341965654,1,42.400000000000006
2030-12-04,43,51845,495,Employed,Master,20,23828,60,Divorced,0,Rent,270,0.3344546182805152,1,0,0.14703660809517435,0,Home,0,23,24,4102,860,26050,403678,4320.416666666667,0.8403760126944335,7,3328,0.28132799999999997,0.2671296219240567,723.5134080052558,0.22995777598732894,0,50.0
2030-12-05,56,68779,639,Unemployed,High School,35,6455,60,Married,2,Mortgage,132,0.5111979667415792,1,1,0.1916587361061558,0,Education,0,27,25,8234,1313,93031,16062,5731.583333333333,0.8516684244371694,5,76969,0.191955,0.1971655555214244,170.00157758459483,0.05269077670531904,1,39.2
2030-12-06,24,52014,554,Employed,Bachelor,1,17546,72,Married,1,Rent,753,0.4377253567311396,4,1,0.25557560660098033,0,Auto,0,18,6,4686,676,282427,9052,4334.5,0.8247400222330596,3,273375,0.255546,0.23258722553936206,454.0670394159807,0.2784789570690923,0,49.0
2030-12-07,38,141099,518,Employed,Doctorate,20,65922,36,Married,2,Other,632,0.3476124609996723,5,2,0.49523075521181353,0,Debt Consolidation,0,27,2,1639,1905,24143,12183,11758.25,0.8815784124420372,7,11960,0.291922,0.2913740224368514,2767.438366797572,0.2891109107900897,0,58.0
2030-12-08,31,71617,622,Employed,Master,13,20237,48,Single,3,Rent,367,0.22175591303243192,3,1,0.05348799734575265,0,Debt Consolidation,0,26,4,1002,3121,49659,30981,5968.083333333333,0.8347446129017729,7,18678,0.20423700000000003,0.2006729300312512,616.545040158694,0.16480082217775568,0,50.0
2030-12-09,43,30119,574,Self-Employed,High School,19,12570,48,Widowed,0,Rent,191,0.2764624789332591,3,1,0.38448615998632724,0,Education,0,33,5,951,1121,80861,7970,2509.9166666666665,0.9086035876032799,4,72891,0.22057000000000002,0.17645600000000003,366.9199903701368,0.22228626064748638,0,58.0
2030-12-10,52,35790,524,Employed,High School,31,10196,24,Divorced,1,Mortgage,327,0.08414097477132192,2,0,0.622791025882529,0,Auto,0,31,10,1292,2197,50745,92079,2982.5,0.47885973404460186,4,4915,0.223196,0.22656849288677505,532.2627726605215,0.288101516399169,0,58.0
2030-12-11,34,36330,554,Employed,High School,11,20758,36,Married,2,Other,1177,0.021725336487623616,3,2,0.2654295153628677,0,Other,0,27,11,3771,302,157985,25688,3027.5,0.8775025396755572,5,132297,0.228758,0.2543171876500713,830.0815402584154,0.662950137162152,0,48.0
2030-12-12,32,27825,577,Employed,Bachelor,12,25196,108,Married,5,Own,459,0.2468840036624909,3,2,0.3462103072941216,0,Auto,0,22,15,6772,610,17642,2460,2318.75,0.825934849985539,3,15182,0.281696,0.2793120117848395,639.7715115308011,0.4738637246494021,0,56.0
2030-12-13,36,70644,571,Employed,High School,13,9254,120,Married,3,Other,189,0.39735078039203703,4,1,0.3535041794939725,0,Debt Consolidation,0,19,14,2777,1908,45047,17306,5887.0,0.7548981003533732,9,27741,0.27875400000000006,0.24295232822002555,205.94137585373548,0.0670870351373765,0,54.0
2030-12-14,38,55407,557,Self-Employed,Master,14,30216,36,Single,4,Own,704,0.48030564735143305,4,2,0.38409878503363737,0,Home,0,27,26,2955,812,47925,10002,4617.25,0.7839441266375937,4,37923,0.23671599999999998,0.20476059416824574,1130.277593110588,0.3972662500645596,0,58.0
2030-12-15,52,54709,649,Employed,Master,34,24235,72,Widowed,0,Mortgage,510,0.26766277319561943,3,0,0.15984579291915926,0,Home,0,30,1,1996,346,126156,14099,4559.083333333333,0.9427682035786317,3,112057,0.214735,0.21304764859936876,598.9708168591375,0.24324425235902045,0,47.0
2030-12-16,34,72033,639,Employed,Doctorate,12,19121,108,Single,2,Mortgage,329,0.3412743809857774,3,0,0.025507733291919115,0,Debt Consolidation,0,29,18,1945,677,54843,51977,6002.75,0.4907919748252894,10,2866,0.244621,0.25241961150544584,449.691528988101,0.12972246536805648,0,47.0
2030-12-17,66,64611,593,Employed,Bachelor,47,32360,96,Widowed,0,Mortgage,233,0.09955919573000936,2,2,0.3712853140752732,0,Auto,0,19,20,4952,433,201855,32907,5384.25,0.8372250483158208,7,168948,0.27086,0.21849223641811424,715.8243900971712,0.17622220181031178,1,39.2
2030-12-18,50,35443,523,Employed,High School,28,28327,60,Married,2,Other,730,0.5859171477531461,6,1,0.22889365972775885,0,Debt Consolidation,0,20,21,7448,1182,93856,13315,2953.5833333333335,0.5320824909847103,4,80541,0.271827,0.2308723053094001,799.9717877550518,0.518005288859877,0,52.0
2030-12-19,54,32894,601,Employed,High School,29,8992,120,Married,3,Mortgage,567,0.278563206916181,3,1,0.6141808651781571,0,Other,0,20,2,2066,2686,141273,2834,2741.1666666666665,0.7408747185568217,3,138439,0.263492,0.24814360500638347,203.38595527028775,0.28104309184785836,0,56.0
2030-12-20,49,41385,585,Employed,Master,29,44942,48,Married,2,Own,344,0.3938479750377256,5,2,0.27441253445820873,0,Auto,0,21,24,3045,730,32822,195807,3448.75,0.5760659907537568,4,4273,0.24744200000000002,0.28702676061473104,1584.4477362940888,0.5591729572436648,0,53.0
2030-12-21,18,30408,579,Employed,Bachelor,0,25928,60,Widowed,4,Mortgage,799,0.37784822303204324,4,1,0.23759674448772344,0,Home,1,18,29,1300,4692,40296,16011,2534.0,0.8099076796281514,3,24285,0.24142800000000003,0.2632476007465614,781.2892756739827,0.6236342840070965,0,59.0
2030-12-22,40,15717,563,Employed,Associate,16,57554,24,Single,5,Own,683,0.051009864251888005,1,0,0.15248919133564756,0,Home,0,20,24,1445,604,75745,7800,1309.75,0.9203053100124152,10,67945,0.251054,0.22889862304488423,3011.1471039343305,2.8204978842789314,0,49.0
2030-12-23,36,65013,567,Employed,Associate,14,16366,24,Single,5,Rent,584,0.03092875640478323,4,0,0.1030791733178109,0,Education,0,31,14,14047,1467,70878,10748,5417.75,0.7835713985089258,5,60130,0.20786599999999997,0.17371651910990785,812.0977277823312,0.2576895810589878,1,37.6
2030-12-24,22,44550,565,Employed,Bachelor,2,21677,60,Divorced,0,Mortgage,906,0.45630280218233854,1,0,0.07739090952539818,0,Education,0,28,11,781,1602,36126,38658,3712.5,0.8480007049655253,2,10571,0.24417699999999998,0.26465974816030635,655.0128717209464,0.4204748476016017,0,52.0
2030-12-25,47,192332,640,Employed,Master,29,32444,48,Single,0,Own,519,0.4422570285454452,3,1,0.31910251087748737,0,Education,0,33,3,8683,221,45962,27523,16027.666666666666,0.731867475625916,2,18439,0.20744400000000002,0.18836008234772694,967.2740855558123,0.0927317816414832,1,42.400000000000006
2030-12-26,29,83467,569,Unemployed,Associate,8,15390,72,Married,1,Rent,641,0.1865710354221023,2,1,0.1545049082062632,0,Debt Consolidation,0,30,17,5133,2449,62405,28215,6955.583333333333,0.276986703921035,7,34190,0.24589,0.2669182090755624,430.6819703154381,0.1540750673174459,0,51.0
2030-12-27,21,48413,446,Employed,Associate,0,7217,12,Married,1,Rent,372,0.37876624399978165,3,3,0.4245453434944844,0,Debt Consolidation,0,30,1,3357,2067,17485,57063,4034.4166666666665,0.6594789620315161,3,2072,0.24921700000000002,0.29107829799587964,700.4012153073697,0.2658132027283671,0,61.0
2030-12-28,18,37630,410,Employed,High School,0,13913,60,Married,1,Other,435,0.2685607168618508,2,2,0.5798557522380664,0,Other,0,22,5,6281,349,19763,62210,3135.8333333333335,0.8660057182983243,2,3703,0.313913,0.32121570629278096,468.43061431136243,0.28809905319522583,0,61.0
2030-12-29,37,65485,574,Employed,High School,15,12592,72,Married,3,Own,597,0.3459046671949005,3,2,0.3308757429199071,0,Other,0,19,9,4648,2533,60873,17230,5457.083333333333,0.9395971635951827,4,43643,0.240592,0.24633891187997656,336.36962335311415,0.1710381840152305,0,55.0
2030-12-30,29,15000,508,Employed,Bachelor,8,11954,96,Married,0,Own,1154,0.2709600398242411,3,1,0.3306844826568592,0,Other,0,22,5,421,1501,119373,21815,1250.0,0.9012185173782296,6,97558,0.292954,0.29957773663595083,329.2989245882375,1.18663913967059,0,56.0
2030-12-31,58,62875,620,Employed,Doctorate,34,30810,60,Married,0,Rent,580,0.47559478269139843,4,1,0.13600977592076696,0,Debt Consolidation,0,26,7,8394,3820,117120,21030,5239.583333333333,0.8527233578617079,5,96090,0.22581,0.2081593017894606,830.3269993424324,0.2691677772104841,0,47.0
2031-01-01,33,16489,568,Employed,High School,11,24890,48,Divorced,3,Rent,677,0.45836740103765805,5,1,0.26346586534813415,0,Education,0,26,22,3103,2654,14746,27813,1374.0833333333333,0.7917721427709471,8,8771,0.23589,0.2350856813813821,804.7123831018553,1.0783278911530272,0,55.0
2031-01-02,59,67476,644,Employed,Associate,38,30632,60,Widowed,0,Mortgage,701,0.07828887832086372,3,1,0.07552942391549221,0,Home,1,26,19,1810,333,314611,46068,5623.0,0.9711906362083765,8,268543,0.213632,0.19003641046798786,794.672333389677,0.2659918786038906,0,46.0
2031-01-03,49,180941,652,Unemployed,Master,24,36207,60,Married,3,Rent,141,0.48685709344013134,1,0,0.26894185713515717,0,Home,0,23,6,3450,534,361454,12861,15078.416666666666,0.9499852256974144,5,348593,0.21520699999999998,0.1897515933667935,938.7347164985816,0.07160796391079402,1,35.2
2031-01-04,47,30363,574,Employed,High School,23,29670,24,Single,1,Own,318,0.290778064836639,3,0,0.1732788729505643,0,Education,0,26,3,2219,678,78215,43759,2530.25,0.920113375298047,3,34456,0.21767,0.2066496695988403,1519.7341736857302,0.7263053744435254,0,54.0
2031-01-05,32,28002,617,Employed,High School,10,27361,96,Single,4,Own,405,0.3078897816640566,2,1,0.09635579329932203,0,Debt Consolidation,0,21,19,3744,337,20839,9500,2333.5,0.9043026760935184,11,11339,0.253861,0.27076586922798274,699.4996987044877,0.4733232049301426,0,49.0
2031-01-06,52,119737,581,Self-Employed,Associate,27,20188,60,Married,3,Rent,193,0.607330815315715,4,1,0.04436433363762949,0,Education,0,24,3,730,3605,28255,80107,9978.083333333334,0.8480818877184317,4,10022,0.234688,0.2678214413344978,613.8212142291059,0.08085933813899855,0,57.0
2031-01-07,41,86191,627,Employed,Bachelor,17,15903,12,Married,1,Own,342,0.17516414356694968,5,1,0.14819201451081915,0,Debt Consolidation,0,21,12,2280,417,15165,11984,7182.583333333333,0.6374889744010058,5,3181,0.16740300000000002,0.16956267447682577,1450.099140895234,0.24950620935762213,1,36.0
2031-01-08,36,48370,642,Employed,Master,14,31056,36,Single,0,Other,232,0.3723787506235243,2,1,0.17913887780908327,0,Auto,0,24,12,42593,991,65052,20978,4030.8333333333335,0.7411642076492754,4,44074,0.195056,0.18899135369269893,1136.8062221987952,0.3395839294270321,0,48.0
2031-01-09,70,50872,649,Employed,Master,47,19900,36,Single,1,Rent,502,0.47116437283206236,4,0,0.13894721820963568,0,Auto,0,29,9,1552,1113,70160,13616,4239.333333333333,0.6943163119090161,7,56544,0.1804,0.1669170909774171,706.4397510426695,0.2850541950879076,0,47.0
2031-01-10,38,49862,553,Self-Employed,High School,15,26589,48,Married,2,Mortgage,679,0.6132264035475854,2,1,0.1257587172284537,0,Debt Consolidation,1,22,25,1090,211,43917,37597,4155.166666666667,0.7513080277562554,3,6320,0.245089,0.2638255757308799,902.2416241073228,0.38054830310231985,0,62.0
2031-01-11,54,45534,591,Employed,High School,28,50816,60,Divorced,3,Mortgage,759,0.2607985390923888,4,1,0.12951333763835854,0,Debt Consolidation,0,33,10,3576,5583,307983,13643,3794.5,0.8775746353290945,1,294340,0.260316,0.2560164810311186,1509.4940094707997,0.5978373987273158,0,45.0
2031-01-12,45,49316,665,Employed,Doctorate,26,10995,48,Married,0,Rent,490,0.2774059730352722,6,2,0.14966842577227948,0,Home,0,23,13,2967,4221,74894,50101,4109.666666666667,0.670280142239637,5,24793,0.173495,0.1936776625320822,330.88935920449825,0.1997459710936406,0,45.0
2031-01-13,39,26438,528,Employed,Bachelor,19,27431,60,Married,0,Mortgage,440,0.23049450605856325,1,1,0.8330457299049877,0,Home,1,17,9,837,312,14201,38199,2203.1666666666665,0.8123032194021953,5,6966,0.26843100000000003,0.27290678577865696,842.3868228433859,0.5820652800560039,0,67.0
2031-01-14,44,56044,591,Employed,High School,23,29785,108,Single,0,Own,765,0.23069203532906174,6,1,0.21575725827703104,0,Debt Consolidation,0,28,22,2606,1371,18319,29747,4670.333333333333,0.7568612804878164,4,7688,0.279285,0.2461846792790329,687.7754382980429,0.3110646145809813,0,52.0
2031-01-15,48,23591,649,Employed,Master,21,12163,36,Married,4,Rent,858,0.40706386895573027,5,0,0.24712426320279637,0,Debt Consolidation,0,21,7,4066,829,161269,12789,1965.9166666666667,0.8044218856132271,4,148480,0.172663,0.16886617227514739,432.9580921681074,0.6566697938204098,0,49.0
2031-01-16,51,76806,597,Employed,Master,25,9185,12,Divorced,2,Other,772,0.25574397991283915,6,0,0.5168807988891461,0,Other,0,25,17,1598,515,65330,8424,6400.5,0.7256112801661284,0,56906,0.175685,0.20729516290143285,854.0581089873806,0.2540517317377362,1,44.800000000000004
2031-01-17,51,72787,620,Employed,Associate,32,28473,72,Married,1,Own,447,0.2800281024866115,2,2,0.29065359493730203,0,Debt Consolidation,1,21,12,5482,398,78282,185528,6065.583333333333,0.8547328583707408,5,3142,0.233473,0.26261429729703273,789.167792962958,0.20380031483033367,0,55.0
2031-01-18,47,73290,600,Employed,Bachelor,27,40000,24,Widowed,0,Mortgage,537,0.06625996652222998,1,1,0.09573430123456422,0,Home,0,20,5,608,1245,81395,15325,6107.5,0.9283861455114708,3,66070,0.215,0.2301485800480476,2095.22731655607,0.43098277798707657,0,46.0
2031-01-19,33,41427,420,Employed,High School,6,29095,36,Single,0,Rent,892,0.3400981484882838,2,1,0.23888804893209914,0,Home,0,26,24,8935,1823,230059,50681,3452.25,0.6256033083796855,3,179378,0.304095,0.2738461930843343,1193.8213179217148,0.6041918510889173,0,49.0
2031-01-20,37,74429,616,Employed,Master,11,21732,36,Married,1,Mortgage,417,0.3173147530356085,7,0,0.25505170919686976,0,Home,0,23,9,1663,2399,91698,30951,6202.416666666667,0.8775734115351179,5,60747,0.19873200000000002,0.19907966263767618,806.6202616853101,0.19728120947780733,1,38.400000000000006
2031-01-21,44,202519,550,Employed,Associate,18,38073,12,Divorced,4,Other,247,0.1980446986684404,1,0,0.2205469468902008,0,Home,0,16,4,3544,764,61583,24344,16876.583333333332,0.8723090196545276,0,37239,0.228073,0.2603504080045804,3637.7681896100407,0.23018688752818497,1,41.6
2031-01-22,47,142160,653,Employed,Bachelor,24,27244,84,Single,0,Rent,544,0.5379392142526865,0,1,0.10107762393350216,0,Education,0,21,17,39328,578,39906,11644,11846.666666666666,0.7433686407552352,4,28262,0.225744,0.23969701513884376,671.7460151881339,0.10262346779866072,1,34.4
2031-01-23,18,24608,589,Employed,Associate,0,30835,84,Divorced,0,Other,344,0.3046805996860237,6,1,0.17150611897295448,0,Education,0,28,28,2488,252,77736,11142,2050.6666666666665,0.6748742512899385,3,66594,0.261335,0.2609384082909253,802.1781202521809,0.5589295124766812,0,50.0
2031-01-24,44,44887,565,Employed,Associate,21,38397,60,Single,0,Own,459,0.18935489349988616,0,2,0.7272179928065758,1,Debt Consolidation,0,28,10,6052,6175,107110,16960,3740.5833333333335,0.7391380698698918,5,90150,0.260897,0.2285426559930104,1079.2169562160302,0.41122381702034805,0,68.0
2031-01-25,35,15000,587,Employed,High School,13,37526,48,Single,3,Mortgage,245,0.5004962289234559,3,2,0.2825353621302527,0,Other,0,26,13,708,1178,59857,5043,1250.0,0.5112256540100729,3,54814,0.23902600000000002,0.2868312,1322.5714390419214,1.2540571512335372,0,53.0
2031-01-26,50,79969,615,Employed,High School,31,17756,48,Single,2,Mortgage,322,0.42407946505632055,3,1,0.2758848423355211,0,Home,0,32,9,1273,11206,164812,21149,6664.083333333333,0.8023770020818441,6,143663,0.205256,0.20628915784535096,546.2890879521917,0.1302938520605022,1,37.6
2031-01-27,41,29352,609,Employed,Associate,16,35284,36,Married,1,Mortgage,270,0.07063536523051249,5,4,0.1848857833562052,0,Home,0,27,7,3026,2492,43290,74799,2446.0,0.8248490214697936,5,5247,0.215784,0.23247981676755824,1370.3984192229016,0.6706453063053563,0,49.0
2031-01-28,67,105130,652,Employed,High School,43,35422,48,Single,3,Mortgage,478,0.3810264463247086,3,1,0.48309143060390997,0,Debt Consolidation,1,27,16,2190,704,88185,39547,8760.833333333334,0.7430221183263575,5,48638,0.20442200000000002,0.16969118346790613,1021.5374559770145,0.1711637921784854,0,55.0
2031-01-29,35,29870,564,Employed,High School,10,18362,72,Single,3,Mortgage,1120,0.1944897906710488,4,0,0.36550653621801366,0,Home,0,28,7,2472,821,17952,31977,2489.1666666666665,0.6584366704284248,3,2954,0.251362,0.2549189444200621,500.1771850871909,0.6508914034498257,0,56.0
2031-01-30,52,42287,609,Employed,High School,32,29939,72,Single,2,Rent,352,0.575295129057171,2,3,0.41495800739067057,0,Home,0,19,17,4352,2326,24817,4781,3523.9166666666665,0.8307522913437015,4,20036,0.24043899999999999,0.24400945450315467,795.5018985457448,0.32563252967930895,0,55.0
2031-01-31,32,72813,612,Self-Employed,Bachelor,8,16814,36,Single,0,Mortgage,502,0.41242424253061677,2,1,0.18530737652500312,1,Debt Consolidation,0,28,5,6492,3354,62391,9376,6067.75,0.918191424184793,6,53015,0.195814,0.19897356330498206,623.9894708793279,0.1855695226203004,0,63.0
2031-02-01,30,20370,526,Employed,Associate,4,19840,60,Married,0,Mortgage,393,0.18943455420120517,3,1,0.4004320525866111,0,Home,0,28,15,5389,1146,76916,50648,1697.5,0.7864914252723365,7,26268,0.26184,0.27858447256700974,616.0415188150141,0.5944279934109067,0,57.0
2031-02-02,27,30245,569,Employed,Associate,0,13542,72,Married,3,Mortgage,284,0.22832611527456867,1,1,0.15740654362697037,0,Education,0,26,19,2466,997,311879,26919,2520.4166666666665,0.7724635767693386,6,284960,0.244042,0.22529756109783128,344.5292800105855,0.24937514829317334,0,45.0
2031-02-03,61,91993,578,Employed,High School,36,12117,36,Married,2,Rent,726,0.33602259842258503,2,0,0.20304587558384735,0,Home,0,20,20,3587,1296,25051,44328,7666.083333333333,0.37199680400054236,5,4421,0.208117,0.22416051828610156,465.3658076782126,0.15540736460533466,0,51.0
2031-02-04,49,46348,558,Employed,Associate,26,47860,48,Married,0,Rent,144,0.5690657092174399,3,0,0.3006049254013346,0,Debt Consolidation,0,24,11,2910,705,284550,7062,3862.3333333333335,0.8919362395385095,4,277488,0.26386,0.27645755086045426,1658.3368074726245,0.4666445518613855,0,50.0
2031-02-05,38,59263,547,Self-Employed,Master,18,27775,48,Single,1,Other,539,0.16270873862672355,6,0,0.383115277007646,0,Other,0,26,12,1220,1098,171890,2401,4938.583333333333,0.8710575012134079,7,169489,0.249275,0.25259467060816154,924.9632851365083,0.2964338528531816,0,52.0
2031-02-06,42,77839,640,Employed,Bachelor,17,17685,108,Married,0,Rent,388,0.4296965429370408,3,0,0.21184252081033975,0,Debt Consolidation,0,25,13,2719,95,254533,9001,6486.583333333333,0.8459871631140079,5,245532,0.242685,0.2436022250262945,405.25882870972947,0.12229224353494718,1,36.800000000000004
2031-02-07,47,133333,644,Employed,Bachelor,21,20163,60,Single,0,Mortgage,191,0.3632887877649332,4,1,0.2941525537666327,0,Education,0,19,6,1963,821,11806,61503,11111.083333333334,0.7262427660550339,4,4312,0.20316299999999998,0.18376743400224682,516.149000987721,0.06364356919781788,1,39.2
2031-02-08,36,29246,598,Employed,Bachelor,16,18112,72,Married,0,Rent,402,0.34457197674644463,3,3,0.18895975927546516,0,Home,0,29,3,1141,2119,73682,1557,2437.1666666666665,0.8853892290890575,10,72125,0.234112,0.2496372872315555,487.48311463291236,0.3649660594814658,0,53.0
2031-02-09,34,25540,517,Unemployed,High School,11,21475,48,Single,2,Rent,180,0.16097851542847322,3,0,0.291778613463015,0,Home,0,22,13,6138,627,150589,126580,2128.3333333333335,0.8183263737056223,1,24009,0.257975,0.28271279588538867,751.7870944713935,0.43780129732406897,0,56.0
2031-02-10,29,54857,580,Employed,Associate,5,19627,36,Divorced,1,Own,309,0.24163338201944756,2,0,0.444689123819314,0,Debt Consolidation,1,26,15,1266,13122,18580,178937,4571.416666666667,0.7575016336718463,2,7372,0.214627,0.23133312949855667,761.120123676033,0.23408938666190998,0,62.0
2031-02-11,42,105251,607,Employed,Bachelor,19,17287,12,Married,3,Other,281,0.3117709352083991,2,0,0.35215284842208133,0,Other,0,26,1,9213,5541,43411,28492,8770.916666666666,0.7126174438299517,5,14919,0.178787,0.17579555658611015,1581.4150480022026,0.21233984072385473,1,43.2
2031-02-12,44,54939,542,Self-Employed,Associate,23,43928,24,Single,2,Mortgage,869,0.06529415821528366,3,1,0.21205985284955162,0,Education,0,25,21,10333,1854,104461,11233,4578.25,0.5776716469410123,2,93228,0.24792799999999998,0.2356360896048778,2312.9647707709105,0.6950176968865638,0,52.0
2031-02-13,35,28427,462,Employed,High School,12,38597,48,Married,3,Mortgage,529,0.32021884030391834,3,0,0.1249405872322732,0,Auto,0,21,4,2061,287,34616,20988,2368.9166666666665,0.8399631771905147,6,13628,0.302597,0.2574066510896554,1295.761739556936,0.7702937655990162,0,55.0
2031-02-14,21,44891,501,Employed,High School,0,63859,120,Married,0,Other,95,0.15680405951583512,3,2,0.4014070383956928,0,Auto,0,31,16,1528,570,21423,17235,3740.9166666666665,0.7737561453752166,9,4188,0.368359,0.33950858322758015,1872.5557490896263,0.5259555142250232,0,56.0
2031-02-15,40,64532,551,Employed,High School,13,15831,36,Married,4,Rent,418,0.16008284697074546,4,0,0.45740791329045327,0,Home,0,32,21,1222,404,265092,9310,5377.666666666667,0.8908156902955341,6,255782,0.225331,0.21661565669416052,601.8248574649267,0.18964077185859915,1,39.2
2031-02-16,52,35557,616,Employed,Bachelor,27,31139,48,Single,1,Rent,315,0.3514196185161059,7,2,0.4309136122052511,1,Education,0,20,8,31054,9606,40660,6773,2963.0833333333335,0.8179362641309691,5,33887,0.21813900000000003,0.23040471909182064,998.7413747276836,0.4433697020764464,0,67.0
2031-02-17,26,35192,609,Employed,Bachelor,5,20414,72,Married,0,Mortgage,709,0.17671180032506353,7,1,0.10906445418377794,0,Auto,0,24,2,2004,747,44619,30276,2932.6666666666665,0.9504540450444533,2,14343,0.230914,0.23472033794529434,530.9120715705803,0.4227933865323643,0,51.0
2031-02-18,42,34680,596,Employed,Bachelor,20,25254,36,Divorced,4,Mortgage,246,0.05112078051388482,1,3,0.37306578781549765,0,Education,0,27,4,287,1347,44042,13287,2890.0,0.8931388060918083,3,30755,0.212254,0.25240395327971876,1007.3082767957045,0.4336706840123545,0,57.0
2031-02-19,53,52346,650,Self-Employed,Associate,29,12845,36,Divorced,0,Own,192,0.42487635902990395,2,2,0.5374096570900232,0,Debt Consolidation,0,22,7,688,1045,36952,46026,4362.166666666667,0.8570586109147457,6,6144,0.172845,0.18072809793021571,464.84681859235775,0.1505781114719041,0,57.0
2031-02-20,31,88056,554,Employed,Master,9,13355,60,Single,3,Own,911,0.4069786961067265,2,1,0.18239861094946266,0,Home,0,23,13,3770,632,677888,16196,7338.0,0.8181420139087618,12,661692,0.241355,0.2713433221190162,408.8722346496786,0.1798681159239137,1,33.6
2031-02-21,56,141351,669,Unemployed,Master,32,17951,48,Single,0,Rent,404,0.25452737879565906,1,1,0.2756019794510663,0,Auto,1,20,6,2712,1892,203163,97983,11779.25,0.7963092323458688,5,105180,0.178451,0.1635394066036901,511.9962619350372,0.07776354707940125,1,40.800000000000004
2031-02-22,23,45966,579,Employed,High School,3,30860,120,Single,4,Mortgage,434,0.14271616369477755,4,1,0.269042438976146,0,Auto,0,25,23,3713,891,9075,151995,3830.5,0.5730103169570006,5,9913,0.29636,0.35172558259924674,933.6701727938153,0.3570474279581818,0,52.0
2031-02-23,50,45198,548,Employed,Bachelor,28,15293,36,Married,0,Rent,369,0.3455101644826253,4,1,0.32096856754157616,0,Home,0,25,13,4874,7021,43480,23278,3766.5,0.812233789033785,6,20202,0.226293,0.21395213312740857,579.2726802952902,0.251764948969943,0,55.0
2031-02-24,35,49886,594,Employed,Bachelor,14,18777,72,Widowed,1,Rent,244,0.22651832683928236,5,0,0.3988088951746359,0,Debt Consolidation,0,23,27,537,599,18117,22267,4157.166666666667,0.834727734642438,5,10030,0.236777,0.2588533478834108,516.0478044434293,0.18282832163976168,0,55.0
2031-02-25,51,86764,672,Employed,Master,29,23613,36,Single,5,Rent,738,0.19994617357833894,9,1,0.27703388161636555,0,Debt Consolidation,0,21,21,8016,1242,52995,33611,7230.333333333333,0.7177397381919914,6,19384,0.172613,0.1591199239363252,829.1374117994541,0.2167448358949962,1,35.2
2031-02-26,37,36414,645,Employed,Master,16,19049,36,Married,0,Mortgage,290,0.4584664579910633,5,1,0.1627546358821237,0,Auto,0,26,16,1509,601,32785,14195,3034.5,0.9530102374017281,4,18590,0.18154900000000002,0.18136386661862813,689.9709826651605,0.322943148019496,0,49.0
2031-02-27,62,77990,630,Employed,Master,38,16359,60,Married,3,Own,343,0.40538497310629323,3,1,0.2360164007472911,0,Debt Consolidation,0,26,12,5707,3102,316716,97277,6499.166666666667,0.7042499246805072,6,219439,0.20635900000000001,0.21017405208480422,442.72609703407073,0.1208964375485171,1,36.800000000000004
2031-02-28,40,49868,482,Employed,Bachelor,19,21063,60,Married,4,Own,391,0.17090547250244412,2,2,0.30697727198996627,1,Debt Consolidation,0,26,14,3499,877,130184,15204,4155.666666666667,0.928188487140372,5,114980,0.285063,0.309034362968979,693.1941112893446,0.26089535043459,0,62.0
2031-03-01,18,26001,596,Employed,High School,0,36966,60,Married,2,Mortgage,122,0.27679086771321115,1,1,0.21813186588773542,0,Other,0,23,9,4291,1198,79579,8241,2166.75,0.9147278937261453,6,71338,0.24396600000000002,0.2437736766551494,1071.5490164689518,0.5508475903860398,0,53.0
2031-03-02,50,32188,524,Self-Employed,Master,27,42441,60,Married,0,Rent,202,0.4049851268683534,2,1,0.2936342527300264,0,Debt Consolidation,0,20,8,14929,1815,163165,14507,2682.3333333333335,0.8932870374816961,8,148658,0.285441,0.30715076451135964,1391.8100211940762,0.5941879040117097,0,54.0
2031-03-03,31,43887,548,Employed,Bachelor,5,19602,84,Married,0,Mortgage,421,0.14979410055213707,1,1,0.3038488316104119,0,Auto,1,28,7,2050,4713,46281,19834,3657.25,0.6104638929854828,6,26447,0.270602,0.2528965222027846,499.79466223605624,0.2517724143102211,0,61.0
2031-03-04,58,53808,643,Employed,Master,35,22453,60,Married,0,Rent,421,0.4924263185682098,3,2,0.3640866013453641,0,Home,0,32,6,383,4521,129764,9609,4484.0,0.8607712535360532,4,120155,0.205953,0.2284103297923322,630.9116385052513,0.23459224765951187,0,50.0
2031-03-05,47,53568,586,Employed,Master,26,17711,60,Single,1,Rent,627,0.24115521651654048,3,1,0.41163003516171104,0,Debt Consolidation,0,25,17,3575,686,37942,4299,4464.0,0.9232962674508571,6,33643,0.229711,0.20678001528592996,475.93960590429344,0.2470742844767682,0,56.0
2031-03-06,39,28185,552,Employed,Doctorate,18,28338,24,Divorced,1,Own,298,0.5617110133760969,5,1,0.5546075363133264,0,Home,0,25,28,8889,6611,238437,40456,2348.75,0.6030333790487258,8,197981,0.22733799999999998,0.2481543897834407,1509.8192828530755,0.7696942130295159,0,57.0
2031-03-07,22,48499,577,Employed,Bachelor,1,33271,108,Single,4,Mortgage,1226,0.26944364883113064,6,1,0.16575456402569544,0,Auto,1,26,2,826,3421,48518,30237,4041.5833333333335,0.7457123464035251,7,18281,0.289771,0.3195643028626992,941.0876330999344,0.5361976864924888,0,61.0
2031-03-08,21,24354,575,Self-Employed,Associate,0,40141,48,Married,0,Other,813,0.15834761877776385,2,1,0.32851366288954537,0,Education,0,25,28,1315,310,111846,12832,2029.5,0.7551189350624287,6,99014,0.24764100000000003,0.2370950478252848,1302.2321502256034,1.0422429909956166,0,56.0
2031-03-09,35,46945,553,Employed,Bachelor,12,8666,96,Married,1,Mortgage,646,0.08586602161469772,2,3,0.5587397822999655,0,Home,0,24,17,2235,308,41380,37323,3912.0833333333335,0.7377760696789906,4,4057,0.267166,0.27827667782493754,225.98178739995507,0.22289448181487825,0,58.0
2031-03-10,54,76968,555,Employed,Bachelor,27,32188,60,Divorced,0,Own,899,0.30807217882282045,6,2,0.45727423354317515,0,Debt Consolidation,0,23,13,5787,760,17106,39294,6414.0,0.5070643030326142,4,5034,0.259688,0.24899874409648443,942.8718938092439,0.28716431147633986,0,56.0
2031-03-11,50,97402,635,Employed,Bachelor,29,13468,60,Divorced,0,Own,137,0.2724972960394141,1,2,0.37246103250195656,1,Home,0,21,23,1992,4483,18446,25408,8116.833333333333,0.7483407167222682,9,4698,0.20096800000000004,0.18825419353927017,348.07486760751726,0.05976159022699952,1,49.6
2031-03-12,43,78349,638,Employed,Bachelor,20,24400,60,Married,4,Rent,560,0.147944035713724,1,0,0.6814046672343825,0,Other,0,26,13,2232,757,25793,70144,6529.083333333333,0.5838151947294491,2,6529,0.21040000000000003,0.23474537333574946,694.5161903311181,0.19214277507017855,0,54.0
2031-03-13,39,32108,501,Employed,Associate,18,31168,48,Widowed,1,Other,193,0.2020725174567605,4,2,0.31041794257944216,0,Debt Consolidation,0,38,28,15290,674,91321,11752,2675.6666666666665,0.8133522756424982,6,79569,0.27566799999999997,0.3104917085973702,1141.3335313134467,0.49869198878040866,0,53.0
2031-03-14,39,81455,550,Employed,Associate,14,19213,48,Divorced,1,Rent,768,0.04870066129111203,7,1,0.12740050001918157,0,Debt Consolidation,0,21,20,2053,2183,36072,18609,6787.916666666667,0.7789048434276591,3,17463,0.239213,0.2573158766721446,644.9126025469515,0.2081511414960827,0,48.0
2031-03-15,48,15000,547,Employed,High School,26,32263,36,Single,1,Mortgage,364,0.14049132463182104,4,0,0.1044446130773856,0,Home,0,30,11,16623,1037,212368,21517,1250.0,0.7118731712005274,4,190851,0.24376299999999998,0.20236109442588987,1202.8935848200406,1.2535148678560324,0,47.0
2031-03-16,59,51126,658,Employed,Master,41,16509,48,Divorced,0,Mortgage,307,0.30915530071911157,4,1,0.015216128030286576,0,Home,0,29,28,1532,7776,79458,22003,4260.5,0.7794683448806949,2,57455,0.182509,0.17282906801554276,478.78768182813917,0.18443555494147146,1,33.6
2031-03-17,37,104720,640,Employed,Master,16,33274,60,Married,1,Mortgage,462,0.26152697856430834,3,1,0.48013590659119476,1,Other,0,20,20,1992,171,62739,11918,8726.666666666666,0.8497478368861766,4,50821,0.21827400000000002,0.21636088672864678,912.1202726541197,0.15746221611773717,1,49.6
2031-03-18,27,43386,571,Employed,Master,2,22680,84,Married,2,Mortgage,458,0.03765124724197956,2,0,0.2625402089195339,0,Home,0,17,7,13897,4292,18189,23784,3615.5,0.9510200026746033,5,6107,0.26218,0.23004815001716464,545.4585893548987,0.27754351800716326,0,53.0
2031-03-19,27,58277,535,Employed,Bachelor,1,21765,60,Divorced,0,Rent,381,0.09700531501069079,4,2,0.12546750188595798,0,Auto,1,30,10,4289,424,59265,64748,4856.416666666667,0.7713649944560631,5,4802,0.259265,0.255297946978172,645.6093959717949,0.21139236322496938,0,55.0
2031-03-20,44,69117,618,Employed,Associate,22,8689,96,Married,0,Own,455,0.4006349718165046,4,2,0.25632194834810973,0,Other,0,26,12,1990,1649,27349,6472,5759.75,0.9183755912370926,6,20877,0.23468900000000004,0.211434623335056,188.30591778066548,0.11168990282228664,1,40.0
2031-03-21,32,29706,534,Employed,High School,9,36199,24,Single,2,Mortgage,906,0.297937710884047,2,1,0.2702331694379826,0,Education,0,24,3,1509,769,21019,5533,2475.5,0.8805720444782971,5,15486,0.244199,0.2723136071322833,1972.7582909858481,1.1628997337854365,0,57.0
2031-03-22,28,38809,506,Employed,Associate,8,16755,36,Single,2,Own,325,0.41265711626852775,2,3,0.30058907571847704,1,Home,0,29,14,3502,1608,35649,83826,3234.0833333333335,0.8437598032756266,6,8613,0.24875499999999998,0.2518326401841518,667.8009537657452,0.306980634522635,0,68.0
2031-03-23,68,56210,536,Employed,High School,49,17020,60,Married,0,Mortgage,467,0.5921622816815229,3,0,0.19211149935631638,0,Home,0,28,25,2205,922,250966,37233,4684.166666666667,0.9147172823175354,8,213733,0.25402,0.2522561811631143,501.81329559177,0.20682724687958082,1,37.6
2031-03-24,28,46480,564,Employed,Bachelor,6,13987,60,Single,0,Mortgage,363,0.6183954407342173,6,0,0.27708050371752263,0,Education,0,19,12,1999,416,171513,8329,3873.3333333333335,0.8356555170524208,4,163184,0.236987,0.22025616184150704,386.50946422665464,0.19350502518760448,1,40.800000000000004
2031-03-25,56,131725,566,Employed,Associate,33,26439,36,Married,0,Rent,930,0.549341273729023,2,2,0.08576208975538063,0,Debt Consolidation,0,23,16,18459,1329,135546,17473,10977.083333333334,0.7073595135284579,5,118073,0.22843899999999998,0.2080649475556664,993.466244368825,0.17522562104707456,1,36.0
2031-03-26,40,23691,541,Employed,High School,17,24658,120,Married,1,Mortgage,736,0.5758560885953156,1,2,0.24034707469404293,0,Home,0,30,18,1208,1634,128222,3169,1974.25,0.5863925936314676,7,125053,0.30915800000000004,0.3154649823018383,678.3660702014511,0.716406772294011,0,51.0
2031-03-27,52,37713,557,Unemployed,Bachelor,28,43759,48,Married,2,Mortgage,355,0.07251572009491751,2,1,0.16696251231505096,0,Home,0,28,18,1483,468,93367,36208,1636.0,0.9376036790512867,2,57159,0.26025899999999996,0.2367043756740423,1418.6628281483922,1.0841459829757898,0,51.0
2031-03-28,27,69955,622,Employed,Bachelor,3,39689,48,Married,0,Own,588,0.4449196245506611,4,0,0.2777161301710891,0,Debt Consolidation,0,21,10,4115,1116,206934,10588,5829.583333333333,0.8533060177647009,5,196346,0.22368900000000003,0.2606058840810151,1339.5594431740642,0.33065132325193014,0,46.0
2031-03-29,51,37409,652,Employed,Bachelor,30,35982,12,Married,3,Mortgage,347,0.33507600185647485,4,2,0.31107053482628955,0,Home,0,21,11,5482,2747,47884,5264,3117.4166666666665,0.7696522641250394,6,42620,0.17498200000000003,0.18267514403026272,3303.412236983188,1.170973478141577,0,49.0
2031-03-30,28,29140,581,Employed,Master,2,26219,12,Divorced,0,Mortgage,500,0.1270195190803892,2,0,0.27896156679298617,0,Education,0,32,9,1450,3044,43002,64410,2428.3333333333335,0.8050126468599378,5,1650,0.200719,0.2012680575014141,2430.3755973628918,1.2067435541645402,0,54.0
2031-03-31,45,62802,559,Employed,Doctorate,23,26588,60,Divorced,0,Rent,495,0.2364598699584851,4,1,0.45856874042530593,0,Auto,0,16,20,5514,649,147470,93982,5233.5,0.5902822651463817,6,53488,0.252088,0.26806422161769367,808.7998840907381,0.2491258018707821,0,54.0
2031-04-01,46,32881,551,Employed,Bachelor,24,10805,48,Single,2,Own,298,0.07007270313798854,7,1,0.1600399643450261,0,Auto,0,26,3,7861,1249,204058,1986,2740.0833333333335,0.931294613714429,8,202072,0.230305,0.21219221171390443,335.8596753740215,0.23132861240498334,1,39.2
2031-04-02,41,22252,548,Employed,High School,19,21620,84,Married,2,Mortgage,209,0.2981264601611451,4,0,0.0782814346718117,0,Home,0,29,16,5078,3259,13044,16371,1854.3333333333333,0.8526366867352821,7,9365,0.27262,0.306165723381077,627.169612677919,0.45092734819948893,0,52.0
2031-04-03,35,58819,572,Employed,Master,13,25465,60,Single,4,Mortgage,351,0.38836837063402146,4,0,0.1846755799653094,0,Home,1,22,5,1407,7884,64737,23129,4901.583333333333,0.7073083605820896,4,41608,0.244465,0.22363652117398244,708.5908568058834,0.21617318012326975,0,58.0
2031-04-04,31,33778,604,Employed,Bachelor,10,30090,36,Married,2,Mortgage,306,0.3903910123136427,4,3,0.4960722621899823,0,Home,0,31,10,3613,434,254275,28299,2814.8333333333335,0.9335063788230474,2,225976,0.21309,0.19645356197636288,1112.8223682697014,0.5040519989116116,0,50.0
2031-04-05,35,24812,600,Employed,Master,10,39813,96,Divorced,1,Rent,464,0.2827120216523078,4,0,0.4418882309923371,0,Debt Consolidation,0,19,2,10690,237,192117,32088,2067.6666666666665,0.5924363526314199,10,160029,0.27481300000000003,0.3234118691668677,1163.577681521025,0.7871567055558721,0,55.0
2031-04-06,46,44889,591,Employed,Associate,21,15127,72,Married,0,Mortgage,557,0.4546055503672034,6,2,0.4808643212634519,0,Home,0,25,16,4130,915,50684,55052,3740.75,0.7048883895736607,7,2805,0.234627,0.18770160000000002,351.63197478035266,0.24290101578035225,1,46.400000000000006
2031-04-07,37,65080,494,Employed,Bachelor,13,13710,60,Married,1,Mortgage,439,0.2979473755768421,4,0,0.07084233780750915,0,Debt Consolidation,0,19,3,12678,1636,27580,37912,5423.333333333333,0.9810724822122369,4,6434,0.27171,0.32401579382125134,463.99994080951984,0.16650275491263428,0,53.0
2031-04-08,52,57067,626,Employed,Bachelor,28,24680,24,Widowed,1,Rent,506,0.18493049347269927,3,1,0.1848963654820888,0,Home,1,17,1,3920,2137,130681,22272,4755.583333333333,0.8964394447640989,4,108409,0.18668,0.1742955897280483,1225.3351825800216,0.36406368288082885,0,52.0
2031-04-09,49,81750,622,Employed,Associate,27,49049,60,Married,0,Mortgage,657,0.19747007314677073,4,0,0.3692160814882982,0,Home,0,28,18,11621,407,98708,27724,6812.5,0.7614120206097614,6,70984,0.24304900000000002,0.23594954624071116,1399.531974292542,0.30187625310716215,0,47.0
2031-04-10,37,76462,625,Employed,Bachelor,16,18558,24,Divorced,1,Rent,414,0.11128501472077365,3,1,0.23881341311963494,1,Home,0,24,3,834,1265,129049,45361,6371.833333333333,0.9825414252443245,4,83688,0.181058,0.20987459418123963,953.5006036121316,0.21461650549744424,0,61.0
2031-04-11,20,76913,566,Employed,Bachelor,0,6264,60,Single,0,Mortgage,458,0.13015565641668492,2,1,0.3736936690062785,1,Debt Consolidation,0,27,1,2102,292,30616,45797,6409.416666666667,0.8106393700151518,6,1331,0.22826399999999997,0.22014052038870324,173.05491512337485,0.09845746468712048,0,69.0
2031-04-12,27,42812,505,Employed,Bachelor,5,13892,24,Married,2,Other,392,0.6198537400865547,4,1,0.25129327368819854,0,Other,0,18,28,1670,1965,140683,19412,3567.6666666666665,0.7594631010380989,8,121271,0.23639199999999996,0.23556978215821595,731.4171300804418,0.3148884789536883,0,51.0
2031-04-13,61,53188,564,Employed,Bachelor,37,49172,120,Divorced,1,Mortgage,248,0.5405600911790955,2,1,0.24952947434883296,0,Home,0,17,18,1327,596,92050,42605,4432.333333333333,0.7424565310126862,7,49445,0.322172,0.33507237743588525,1425.3342191727734,0.37752896574553063,0,53.0
2031-04-14,35,76385,543,Employed,High School,15,19706,60,Married,1,Rent,842,0.5495580937609409,2,0,0.42731261140964755,0,Debt Consolidation,0,30,20,1343,660,152790,150455,6365.416666666667,0.8260943313393129,3,2335,0.253206,0.26535034533809243,596.2648043839633,0.22594982853449708,0,57.0
2031-04-15,29,49069,543,Unemployed,High School,6,32512,36,Divorced,5,Mortgage,371,0.4016843042080601,3,1,0.3748440048777427,0,Education,0,14,29,9242,798,32571,37869,4089.0833333333335,0.7542171671711826,7,8010,0.24601199999999998,0.22255360895338952,1245.9471562387632,0.3954302283491646,0,59.0
2031-04-16,38,73044,532,Employed,High School,16,19891,84,Single,0,Mortgage,253,0.21458310751366005,0,1,0.09378780170824308,0,Auto,0,40,15,5525,1060,107156,12261,6087.0,0.9304762452558442,4,94895,0.278891,0.22544168441690116,472.6715100851114,0.11921661082390526,1,38.400000000000006
2031-04-17,54,54687,636,Employed,High School,34,14188,60,Married,4,Rent,568,0.5882024856671227,0,0,0.40207759359708595,0,Home,0,28,3,2145,1005,76510,9905,4557.25,0.6429356627797479,5,66605,0.20118800000000003,0.23010438179043666,400.0514958321388,0.21242009892635663,0,55.0
2031-04-18,28,25603,554,Employed,High School,5,15283,96,Divorced,3,Own,189,0.08466873716522691,6,0,0.04035298036790794,0,Debt Consolidation,0,22,20,3120,292,170789,41214,2133.5833333333335,0.7667249805808564,7,129575,0.273283,0.32131194441791755,444.3806468025803,0.296862389627425,0,47.0
2031-04-19,49,112856,677,Unemployed,Master,27,21354,108,Married,2,Rent,712,0.17762243283189647,1,1,0.12279962945069026,0,Home,0,15,11,2648,1063,21887,14221,9404.666666666666,0.7964413705817556,4,7666,0.227854,0.22941691626321722,468.89748237079397,0.12556505448048425,0,45.0
2031-04-20,34,34861,528,Employed,High School,11,14980,24,Single,0,Own,185,0.37571265234755175,6,0,0.46200256173307624,0,Home,0,20,9,6873,508,35839,31532,2905.0833333333335,0.8846487875335177,6,4307,0.22598,0.2283739120587575,783.3432996213188,0.33332720218742506,0,58.0
2031-04-21,41,84842,506,Employed,Bachelor,18,49917,36,Divorced,4,Other,153,0.238086905519143,0,0,0.32030491040257114,0,Education,1,26,26,3553,3564,17209,6547,7070.166666666667,0.8258910791759138,6,10662,0.281917,0.27004628981684753,2037.9962279495173,0.3098931512151318,0,59.0
2031-04-22,37,119063,587,Employed,High School,17,27613,36,Single,1,Rent,188,0.4554813401352156,0,0,0.19768600667635594,0,Debt Consolidation,1,17,5,10287,1597,109852,1771,9921.916666666666,0.6314033768787545,6,108081,0.219113,0.2559458411443314,1106.5901121511763,0.13047782556977497,0,54.0
2031-04-23,31,59353,566,Self-Employed,High School,13,24878,72,Single,0,Other,244,0.20706272840833514,2,0,0.37208821351744886,0,Debt Consolidation,0,19,19,2659,1608,75105,29306,4946.083333333333,0.7097949095338585,3,45799,0.256878,0.26888386999881964,699.2559881521465,0.19070766191811298,0,57.0
2031-04-24,26,67296,586,Unemployed,Bachelor,5,19651,48,Widowed,1,Rent,727,0.5840758859914652,0,1,0.2071254645117718,0,Debt Consolidation,0,17,22,3955,339,11731,36505,5608.0,0.8463780809992179,10,3973,0.22165100000000001,0.22032256976780495,619.4701180402288,0.24009809522828618,0,56.0
2031-04-25,43,52757,622,Employed,Associate,22,16441,24,Married,3,Rent,184,0.49383543372438693,4,2,0.36076880430021363,1,Debt Consolidation,0,22,14,1042,925,31553,11027,4396.416666666667,0.9334332632854537,7,20526,0.18044100000000002,0.1543158445898373,800.544371788655,0.22394246188115055,0,64.0
2031-04-26,18,31216,586,Employed,Bachelor,0,19981,60,Married,0,Mortgage,650,0.25520470338794393,5,0,0.4260054538867985,0,Education,1,23,10,418,2610,17859,8627,2601.3333333333335,0.5913293006538198,3,9232,0.231981,0.2524726189090036,589.3687861363508,0.4764359762184844,0,63.0
2031-04-27,50,84783,651,Employed,Bachelor,26,22346,84,Divorced,2,Mortgage,194,0.07574009951077827,5,0,0.40839831829203904,0,Home,0,14,25,497,456,318369,13825,7065.25,0.8532610063039394,3,304544,0.22184600000000002,0.21814814199812294,520.9236763828936,0.10118873024774688,1,33.6
2031-04-28,37,21396,487,Employed,Associate,14,24183,12,Single,1,Rent,570,0.171094078274943,1,1,0.2532238134347592,0,Debt Consolidation,0,28,27,1513,1350,63958,16407,1783.0,0.8777150909600249,6,47551,0.245683,0.27735623475784216,2330.6774699386197,1.6268521985073583,0,53.0
2031-04-29,62,19626,597,Employed,Master,42,17460,84,Divorced,3,Mortgage,248,0.31264809388110404,3,0,0.2080977077721101,0,Other,0,24,18,3375,5009,133742,24169,1635.5,0.8410027993112098,6,109573,0.24396,0.2219215210355411,411.09113750043326,0.40299060684832355,0,50.0
2031-04-30,43,55524,577,Employed,Bachelor,19,17738,24,Married,3,Own,424,0.4019118497412838,7,0,0.3703838157253385,0,Auto,0,22,12,13203,2250,15453,63154,4627.0,0.8328928554278999,3,5009,0.204238,0.1878833606540762,892.3249860478851,0.28448778604881886,0,55.0
2031-05-01,54,80875,523,Employed,Bachelor,33,53241,48,Divorced,0,Rent,439,0.2549607302067091,1,3,0.17309878663272119,0,Auto,0,13,6,835,637,54008,15934,6739.583333333333,0.6374310654092957,5,38074,0.28674099999999997,0.34408919999999993,2055.894125730462,0.3701852180372865,0,51.0
2031-05-02,41,22849,600,Employed,High School,23,13730,36,Married,1,Mortgage,452,0.404667866506931,1,1,0.16611188314315145,0,Education,0,27,21,1880,4969,80475,23396,1904.0833333333333,0.5674258067971839,5,57079,0.19873,0.20796550137484363,515.8455628364006,0.5083000023649529,0,48.0
2031-05-03,33,65814,519,Employed,Bachelor,10,14497,84,Married,3,Rent,402,0.6232323756018973,4,2,0.46268421201875903,0,Other,0,25,8,10900,2298,27643,15556,5484.5,0.9547616581598309,6,12087,0.27999700000000005,0.3055394271902942,419.9263231051013,0.1498634922244692,0,59.0
2031-05-04,24,60810,567,Employed,High School,2,19336,36,Married,2,Own,113,0.10567111671532632,2,1,0.32944249312440743,0,Other,1,22,23,7566,878,22920,18002,5067.5,0.7800651078395372,6,4918,0.22083599999999998,0.21143449866741668,729.9100252583576,0.16633646280381995,0,59.0
2031-05-05,39,58839,614,Employed,Associate,16,20303,48,Married,0,Own,320,0.4011019149300772,3,1,0.17234538076855302,0,Auto,0,30,17,2691,2515,34998,7487,4903.25,0.9006507319666119,8,27511,0.208303,0.1990040571695306,616.7508149752621,0.1910469209147529,1,38.400000000000006
2031-05-06,33,73360,585,Unemployed,High School,12,32556,60,Single,3,Mortgage,343,0.6215981062529822,0,0,0.03587326573234184,0,Auto,0,27,11,11365,1238,137677,17255,6113.333333333333,0.8382556043748322,7,120422,0.245056,0.25001197595444374,955.5845417887612,0.21241840923480285,0,51.0
2031-05-07,50,37595,595,Employed,Bachelor,30,12940,48,Married,5,Own,845,0.21016021715418676,4,0,0.22381428655845317,0,Education,0,23,6,8023,4405,62217,11672,3132.9166666666665,0.875810721278616,6,50545,0.21044000000000002,0.19562464467260146,390.7586695488865,0.39444351734503624,0,53.0
2031-05-08,47,54192,596,Employed,Bachelor,28,9827,12,Married,2,Rent,828,0.43682192783540563,2,0,0.42097636952833634,0,Home,0,15,12,3801,402,43012,41740,4516.0,0.9502391053512256,2,1272,0.176827,0.17647074866997634,899.289552575185,0.3824821861326805,0,57.0
2031-05-09,50,44124,612,Employed,Master,30,33881,36,Divorced,4,Rent,621,0.18508378814726562,6,0,0.09901069176330952,0,Debt Consolidation,0,22,7,1105,401,63360,13879,3677.0,0.8232540438672707,7,49481,0.212881,0.2042073390628959,1266.4143625042839,0.5133027909992613,0,48.0
2031-05-10,38,36245,612,Employed,Bachelor,17,15152,36,Single,2,Mortgage,440,0.4236369595527125,1,1,0.40086774892454985,0,Home,0,20,23,1641,441,223612,22459,3020.4166666666665,0.8847858480660599,2,201153,0.194152,0.17065982315267006,540.7078251418509,0.32469289285976577,1,40.800000000000004
2031-05-11,34,85283,569,Employed,Bachelor,16,18007,48,Divorced,0,Mortgage,457,0.47961713674484974,4,0,0.15044591442349653,0,Auto,0,27,29,2988,63,259471,12371,7106.916666666667,0.7916027824414537,6,247100,0.22850700000000002,0.23588898512287398,582.9762843894393,0.14633297858510222,1,36.800000000000004
2031-05-12,54,53939,636,Employed,Associate,31,21439,60,Married,4,Own,660,0.261960494139498,3,2,0.3728089034637307,0,Home,0,31,25,570,989,63690,42785,4494.916666666667,0.7848749704779021,4,20905,0.20843899999999999,0.1667512,529.0764430897594,0.26453803958317934,1,40.800000000000004
2031-05-13,19,44546,563,Employed,Bachelor,0,7545,60,Married,1,Mortgage,524,0.12551762724948887,5,2,0.12900766290213814,0,Education,0,26,2,4294,815,27821,19666,3712.1666666666665,0.8676815544305415,4,8155,0.231045,0.23612276534673554,215.35963331380867,0.1991719929907445,0,54.0
2031-05-14,57,115338,601,Self-Employed,Doctorate,33,13068,84,Single,1,Own,566,0.5834556173470649,3,3,0.2707513786755015,0,Auto,0,21,7,5146,3239,271556,52974,9611.5,0.8873702471735109,5,218582,0.237568,0.27304769073535506,350.26936910595714,0.09533052792029935,1,39.2
2031-05-15,25,47176,631,Employed,Bachelor,3,13608,96,Married,1,Own,625,0.5926203215746432,4,0,0.13656313212935017,0,Home,0,26,11,1897,3665,97909,2758,3931.3333333333335,0.6039044714892191,2,95151,0.23310800000000004,0.24956457335690554,328.54872685304906,0.2425509734237025,0,47.0
2031-05-16,21,144341,570,Unemployed,Bachelor,0,30313,60,Single,5,Other,255,0.5486517724807953,5,0,0.10184317195283298,0,Other,0,28,17,1088,1116,313301,11583,12028.416666666666,0.7802155570283493,3,301718,0.250313,0.27590834704120476,936.3517032798213,0.09904476510040706,1,36.800000000000004
2031-05-17,38,122578,626,Employed,Bachelor,18,29293,24,Married,1,Mortgage,170,0.437164605026023,2,1,0.2536803524026656,0,Education,0,22,23,13780,279,14059,50317,10214.833333333334,0.8445562892905666,2,9278,0.19129300000000002,0.20070388279072068,1491.8982076643658,0.16269459847584714,1,38.400000000000006
2031-05-18,53,101902,654,Employed,Bachelor,27,9684,120,Married,0,Mortgage,460,0.07750588139008868,2,0,0.655447736758317,0,Debt Consolidation,0,24,15,2599,636,89539,24727,8491.833333333334,0.9573277913409416,1,64812,0.237684,0.228951606756498,206.1003432360805,0.07844011029060241,1,38.400000000000006
2031-05-19,50,130538,643,Employed,Master,26,71246,36,Married,2,Mortgage,571,0.48908183245723374,4,0,0.5830871368115631,0,Home,0,19,18,4062,3424,31108,48834,10878.166666666666,0.8474949535383983,4,5924,0.234746,0.2185707763233701,2715.652060405287,0.30213290172105783,0,54.0
2031-05-20,56,47179,639,Employed,Master,32,13839,96,Single,1,Own,526,0.45190135428581624,3,1,0.43826873645255116,0,Auto,1,31,29,2765,201,101470,145511,3931.5833333333335,0.8799812455083916,3,4144,0.22933900000000002,0.23123726577834927,317.48650272065174,0.21454117367150258,0,61.0
2031-05-21,43,37343,604,Employed,Master,22,11137,24,Widowed,4,Own,1354,0.3368569523921858,3,0,0.2694509011018703,0,Education,0,26,2,1393,6452,89416,15431,3111.9166666666665,0.7001309462696483,4,73985,0.184137,0.16988086579027598,550.574745027619,0.6120262683858134,0,52.0
2031-05-22,40,44013,604,Employed,Doctorate,19,9735,72,Widowed,3,Mortgage,435,0.6306285109926928,5,1,0.15633668797053868,0,Education,0,27,16,2839,1518,17494,13272,3667.75,0.8817814315857531,5,4222,0.222735,0.2556617009925405,265.6256118259237,0.19102327362168187,0,50.0
2031-05-23,49,22050,615,Employed,High School,30,24930,12,Single,1,Mortgage,150,0.043090346481246156,2,1,0.37521862475173573,0,Debt Consolidation,0,24,11,1973,2982,117923,4480,1837.5,0.8071145686438115,1,113443,0.18243,0.16924807900732428,2272.8449682146525,1.318555084742668,0,48.0
2031-05-24,32,123390,608,Unemployed,High School,6,24197,72,Widowed,1,Own,321,0.30174440289225424,2,0,0.07807371354464243,0,Education,0,21,10,4979,1516,51756,29962,10282.5,0.6338202639792758,4,21794,0.235197,0.2203587681406282,608.4923000122798,0.0903955555567498,1,38.400000000000006
2031-05-25,49,38738,597,Self-Employed,High School,28,20306,36,Single,2,Mortgage,984,0.08839500900558285,3,0,0.05001312187029148,1,Home,0,24,28,1905,983,36094,12622,3228.1666666666665,0.7892281322693234,6,23472,0.206806,0.21519424931455342,770.4560555322886,0.5434837282871461,0,65.0
2031-05-26,38,63582,487,Employed,Master,15,14042,72,Widowed,1,Rent,334,0.4630298753311325,0,0,0.2515268615055517,0,Education,0,23,11,3658,1509,5167,57508,5298.5,0.8577539610191072,3,4155,0.28554199999999996,0.2716411364667743,397.11007415379964,0.13798434918444835,1,42.400000000000006
2031-05-27,31,24906,596,Self-Employed,Bachelor,9,25532,60,Married,2,Mortgage,657,0.3423527834307987,0,2,0.28909238865261094,0,Auto,0,24,24,985,2229,33694,103009,2075.5,0.8217944888487484,4,2540,0.23253200000000002,0.24643936763525456,744.0776391936623,0.6750554754004637,0,57.0
2031-05-28,18,48983,553,Employed,Bachelor,0,16270,84,Divorced,0,Mortgage,675,0.45657721443383387,2,3,0.48827683215139456,0,Home,0,25,3,3216,489,196999,29725,4081.9166666666665,0.6670742584836521,7,167274,0.26477,0.257595764423336,419.75470876247033,0.2681962416583232,0,57.0
2031-05-29,38,46380,590,Employed,Associate,17,18845,60,Single,0,Other,415,0.3976028897020194,4,1,0.24386158786953094,0,Education,0,34,12,426,968,26229,35626,3865.0,0.7849648298838855,3,3880,0.22884500000000002,0.2240127560685821,524.7870253535649,0.2431531760293829,0,53.0
2031-05-30,31,295170,577,Employed,Doctorate,11,9653,60,Single,1,Rent,319,0.22898422672639523,4,0,0.10258344664458059,0,Home,0,25,18,2010,575,78417,74937,24597.5,0.8913073499556969,4,3480,0.226153,0.20797725309923717,260.04891950227136,0.023540966338134826,1,38.400000000000006
2031-05-31,18,35827,521,Employed,High School,0,38012,48,Divorced,2,Other,268,0.20601495569887224,5,0,0.029660757409550296,1,Education,0,20,4,1078,2065,105549,10310,2985.5833333333335,0.821767171213834,6,95239,0.272512,0.3103408372989152,1391.616010374995,0.5558766328327781,0,64.0
2031-06-01,46,61506,631,Employed,Master,24,26661,60,Married,2,Other,1128,0.14509398439811505,2,0,0.421718774152413,0,Home,0,18,11,6815,1415,77594,11415,5125.5,0.8094639394173127,9,66179,0.216161,0.20256214609193757,710.1596439493062,0.3586303080576151,0,50.0
2031-06-02,47,47741,619,Self-Employed,Doctorate,24,29709,36,Single,0,Mortgage,280,0.32050515713551275,4,1,0.4941618565558469,0,Debt Consolidation,0,27,15,4979,4610,16342,32046,3978.4166666666665,0.9126561006926465,8,7186,0.205209,0.22698399050566614,1145.3622234276615,0.3582737412524233,0,57.0
2031-06-03,21,28465,564,Employed,Associate,0,25019,48,Single,2,Rent,536,0.7731304212860776,1,2,0.28262284127110704,0,Home,0,24,9,2197,2049,312501,30098,2372.0833333333335,0.5176901719891615,4,282403,0.238019,0.25899801585231974,842.1635294040839,0.5809928808308099,0,51.0
2031-06-04,38,25380,502,Employed,High School,19,23451,96,Single,2,Own,463,0.22285046328786942,3,1,0.19428887036880466,0,Other,0,34,27,7411,387,194959,10925,2115.0,0.8284955322639607,4,184034,0.307451,0.3356528638957851,705.9047686628613,0.5526736494859865,0,48.0
2031-06-05,55,21681,642,Self-Employed,Doctorate,35,20709,48,Divorced,2,Own,793,0.2224550738265541,6,1,0.3115743291291434,0,Home,0,20,5,2495,1327,43007,5384,1806.75,0.8913279436670526,5,37623,0.19470900000000002,0.188083355431371,617.1090126254921,0.7804671441126289,0,58.0
2031-06-06,45,87795,553,Employed,High School,22,35980,24,Married,2,Own,476,0.18000893596407366,1,1,0.34914793349488427,0,Home,0,24,21,17418,572,17990,92222,7316.25,0.4491742312938133,3,8704,0.23448,0.21844068011645768,1863.8065690364913,0.31980954300857556,0,52.0
2031-06-07,43,38369,532,Employed,Master,21,29682,24,Married,1,Mortgage,143,0.16612333668966905,2,2,0.22467531117336406,0,Education,0,18,6,5070,1650,78095,13659,3197.4166666666665,0.708261494548385,6,64436,0.23868199999999998,0.24953924121640705,1583.48736144328,0.5399632082493513,0,52.0
2031-06-08,35,40154,596,Employed,Bachelor,11,17306,60,Married,3,Mortgage,244,0.12755678376426716,4,1,0.26736139713387075,0,Auto,0,28,25,3756,665,121142,32474,3346.1666666666665,0.7719884710698223,4,88668,0.224306,0.1829458482454341,442.2367085641538,0.20508144899063221,1,40.0
2031-06-09,26,21012,559,Employed,High School,1,26063,72,Married,4,Own,191,0.2609904044730673,2,0,0.11542063591027653,0,Debt Consolidation,0,30,11,2552,1272,39904,1791,1751.0,0.9461606421552509,8,38113,0.261563,0.25575014129701895,711.287677219967,0.5152985021244815,0,52.0
2031-06-10,36,18555,498,Employed,Associate,14,15835,72,Married,0,Own,554,0.14775332159714039,4,0,0.219968985917536,0,Other,0,20,29,2507,1551,132214,20888,1546.25,0.867657738260585,4,111326,0.28183499999999995,0.2551214290045714,431.54000437937253,0.6373742954757462,0,49.0
2031-06-11,33,24759,617,Employed,High School,9,24380,48,Married,0,Mortgage,581,0.2472566631654165,5,0,0.37941627337557693,0,Education,0,21,23,2593,1273,73823,2155,2063.25,0.8175641496494894,4,71668,0.21088000000000004,0.22684479747277525,777.2063661981332,0.6582849224273032,0,51.0
2031-06-12,55,118237,588,Employed,Doctorate,35,13921,72,Married,2,Rent,265,0.5333130819259899,1,0,0.2023347274408317,0,Home,1,18,20,2754,5365,36990,6960,9853.083333333334,0.9836728437803476,6,30030,0.234921,0.23722968189119426,364.1582187969946,0.0638539427215164,1,46.400000000000006
2031-06-13,39,95175,633,Self-Employed,Bachelor,14,13704,72,Single,2,Rent,231,0.3051461510000336,4,1,0.2918510058878914,0,Auto,0,25,20,701,2594,55026,18516,7931.25,0.5967458919956597,5,36510,0.212204,0.1900458839313061,320.3906133158159,0.06952127512256151,1,40.800000000000004
2031-06-14,38,115223,447,Employed,Master,16,22740,72,Single,3,Rent,285,0.23793636834271503,2,0,0.35918505054818195,0,Auto,0,21,25,507,900,120711,8522,9601.916666666666,0.8258850662723994,6,112189,0.31424,0.3728461799276959,794.2870177282,0.11240328938439723,1,39.2
2031-06-15,46,126382,572,Employed,Master,23,30094,36,Widowed,1,Mortgage,1241,0.42400262119946514,1,0,0.11930677706337847,0,Home,0,14,23,355,2535,75059,55307,10531.833333333334,0.7814419653617082,3,19752,0.22909400000000002,0.2749128,1236.5394698198386,0.23524294312353075,1,39.2
2031-06-16,41,27918,563,Employed,High School,19,29463,72,Divorced,1,Mortgage,684,0.4798588696354534,4,0,0.0898473587599903,0,Home,0,20,22,2027,1014,324397,17008,2326.5,0.9415684818614842,7,307389,0.26296299999999995,0.21037039999999996,723.5444411008752,0.6050051326459812,0,47.0
2031-06-17,34,67992,582,Employed,Master,11,35846,84,Divorced,0,Rent,407,0.19500915782171827,7,2,0.1669768223759239,0,Home,0,31,9,987,334,249105,8675,3441.1666666666665,0.6143315765148774,7,240430,0.26984600000000003,0.3047842307823753,1036.5016242748616,0.4194802995906994,0,46.0
2031-06-18,37,59080,556,Employed,Master,12,20068,12,Single,3,Mortgage,1273,0.3980924525011038,4,3,0.22016116912811245,0,Debt Consolidation,0,19,23,1423,800,18253,5648,4923.333333333333,0.9761586162890474,6,12605,0.207068,0.22603975903881074,1884.0902244324411,0.6412505533715183,0,52.0
2031-06-19,42,33199,646,Employed,Associate,22,61060,72,Married,1,Other,835,0.11680492660922635,6,1,0.2670161134985486,0,Debt Consolidation,0,31,15,8492,1065,205628,5258,2766.5833333333335,0.9235931132764492,4,200370,0.25306,0.22574458212302312,1555.09063340273,0.8639142022600909,0,45.0
2031-06-20,52,24912,489,Employed,High School,31,28340,36,Married,5,Mortgage,660,0.01720638968176043,7,1,0.21978698666075744,0,Home,0,20,14,4662,2312,59992,174300,2076.0,0.9242537866302508,1,7882,0.26883999999999997,0.30215926191803066,1206.4318211466782,0.8990519369685348,0,53.0
2031-06-21,38,18222,624,Employed,Bachelor,15,17118,36,Married,3,Own,520,0.3057247556066501,3,1,0.42531362884850227,0,Other,0,23,23,1562,2987,75131,96962,1518.5,0.9716596900883602,10,10804,0.190118,0.19692654683129945,633.4887012829996,0.7596237743055644,0,55.0
2031-06-22,21,33889,572,Employed,Master,0,9159,60,Married,0,Mortgage,278,0.07834186583384047,2,0,0.3799774898196039,0,Debt Consolidation,0,19,15,5445,1891,119756,7772,2824.0833333333335,0.7207304360182425,6,111984,0.228159,0.23345830232293582,260.01959968020344,0.1905112336204208,0,50.0
2031-06-23,46,47227,607,Employed,High School,18,21309,60,Married,1,Mortgage,335,0.11683964802116514,4,1,0.060540262135606454,0,Education,0,19,12,2909,5626,75022,4357,3935.5833333333335,0.8402506661785608,1,70665,0.22280899999999998,0.21250084327089105,579.481814350088,0.23236245732739866,0,45.0
2031-06-24,20,25791,599,Employed,Bachelor,0,32314,60,Single,5,Rent,354,0.2463855336363305,4,1,0.18438863042492662,0,Debt Consolidation,0,27,21,265,4939,36094,13895,2149.25,0.9086825239219802,5,22199,0.23781400000000003,0.22065806599130072,893.6869876396105,0.580522036821966,0,52.0
2031-06-25,36,17588,621,Employed,High School,13,18512,60,Married,2,Own,476,0.13824587480067888,1,1,0.34747480671857306,0,Auto,0,27,9,1505,4287,50837,16806,1465.6666666666667,0.9220080059232478,7,34031,0.21301200000000003,0.20832126611036264,499.0652376941488,0.6652708012468607,0,53.0
2031-06-26,43,20447,580,Employed,High School,22,27808,120,Married,3,Mortgage,282,0.25113311709890807,1,1,0.6302628256163715,0,Auto,0,17,2,10766,729,21782,37285,1703.9166666666667,0.9509054368409274,4,5369,0.292808,0.30034741776617113,733.7824307897674,0.5961456042195534,0,64.0
2031-06-27,32,86697,594,Self-Employed,Bachelor,9,39944,96,Married,0,Other,210,0.32515793832737155,2,1,0.5967972446954474,0,Education,0,20,13,2663,2662,147881,16620,7224.75,0.9472541477303729,4,131261,0.277944,0.2896524701479744,1072.8314409830402,0.17756066867130907,0,56.0
2031-06-28,45,129081,607,Employed,Bachelor,23,22793,108,Married,0,Own,485,0.4231298267400545,4,0,0.557514021794569,0,Debt Consolidation,0,23,10,7270,2770,10040,13519,10756.75,0.7516348023687673,4,10613,0.264293,0.2783726216611058,577.2438997690075,0.09875137934497012,1,43.2
2031-06-29,50,47956,602,Unemployed,Associate,28,27506,12,Married,1,Rent,186,0.10703164771065511,0,0,0.115496692326002,0,Home,0,36,13,1258,399,38367,7523,3996.3333333333335,0.8848821238171913,3,30844,0.191506,0.21938813776595117,2573.5970964628495,0.6905322620225663,0,50.0
2031-06-30,41,32181,562,Employed,Associate,18,41604,60,Widowed,2,Own,399,0.005769549999257854,2,2,0.12073785553658635,0,Auto,0,18,5,14907,1338,132205,46468,2681.75,0.668153896134768,9,85737,0.265604,0.2653201455682724,1258.7804536373135,0.6181711396055984,0,50.0
2031-07-01,37,67067,621,Employed,Doctorate,14,11240,48,Single,0,Own,235,0.1663838484173585,2,1,0.1697329279871255,0,Home,0,23,10,9294,419,62889,10925,5588.916666666667,0.9754050335218365,4,51964,0.19574000000000003,0.19343668618174414,338.11909781847754,0.10254565097323169,1,35.2
2031-07-02,45,44766,539,Employed,Associate,23,30938,36,Married,0,Rent,160,0.3396536409991935,2,1,0.1608023892362001,0,Home,0,28,8,5886,425,10560,3205,3730.5,0.8930872194492084,3,7355,0.246438,0.24361621721212473,1219.6680061180755,0.36983460826111125,0,52.0
2031-07-03,40,32771,595,Employed,High School,17,8200,36,Divorced,0,Mortgage,757,0.28181991347963864,6,3,0.35369212538772904,0,Education,0,21,1,27833,752,121679,7089,2730.9166666666665,0.8708809557264829,5,114590,0.1957,0.2001896800412674,304.82063991648374,0.38881473494851565,0,55.0
2031-07-04,55,152358,631,Employed,Master,30,17816,60,Single,2,Rent,364,0.569163033067351,3,0,0.39332315135451323,0,Education,0,21,26,9412,1576,228050,60126,12696.5,0.6669582210910804,7,167924,0.207316,0.19453863969064344,466.6174883803526,0.06542098124525283,1,36.800000000000004
2031-07-05,49,17455,563,Employed,High School,23,22900,12,Single,2,Mortgage,433,0.4287138381035953,4,2,0.2737776291827483,0,Auto,0,21,28,1246,666,118663,15762,1454.5833333333333,0.7028350374836215,2,102901,0.2064,0.21022736992146912,2132.5553194215904,1.7637733505046742,0,51.0
2031-07-06,44,171060,536,Employed,Master,21,7897,36,Married,1,Mortgage,534,0.3508709779633014,3,1,0.03835878228412748,0,Debt Consolidation,0,27,3,9857,6222,28696,40178,14255.0,0.7827277812101765,6,5599,0.22489699999999999,0.21384428827109014,299.08099523706636,0.0584413185013726,1,40.800000000000004
2031-07-07,21,28651,490,Employed,Bachelor,0,8582,12,Single,2,Mortgage,772,0.09067100489749676,1,1,0.1647918608181419,0,Home,0,19,9,4847,1644,13193,58579,2387.5833333333335,0.9543991722894326,8,5829,0.228582,0.24627108936484138,814.1172032495004,0.6643190966805349,0,52.0
2031-07-08,50,47261,582,Employed,High School,26,27520,60,Single,0,Rent,201,0.22254669057761997,3,1,0.0783039571089461,0,Debt Consolidation,0,27,16,6052,5473,75177,35278,3938.4166666666665,0.9123941698913088,8,39899,0.24152,0.21726785894043374,755.8036618380395,0.24294119764830355,0,51.0
2031-07-09,31,15000,570,Employed,High School,7,22511,60,Married,2,Other,572,0.05841846914601725,6,5,0.29642304526879043,0,Home,0,31,14,2941,1107,35743,164098,1250.0,0.8703204894067704,7,2125,0.24251100000000003,0.2392017755015743,646.5531192735166,0.9748424954188133,0,53.0
2031-07-10,36,57084,565,Employed,Associate,15,26989,48,Married,0,Mortgage,1173,0.17698109496691108,1,1,0.1658495221599696,0,Debt Consolidation,0,17,23,39529,280,42193,22100,4757.0,0.5675691553693115,1,20093,0.23948899999999998,0.25333938563193875,899.9118301536184,0.4357603174592428,0,49.0
2031-07-11,38,101263,594,Employed,Master,15,8620,84,Single,0,Mortgage,1007,0.3222513958804835,2,3,0.5276770038649874,0,Other,0,22,18,5165,238,346818,8691,8438.583333333334,0.8664183038618505,4,338127,0.23662,0.23675585549177627,210.9407199611248,0.14432999851410186,1,40.800000000000004
2031-07-12,56,300000,579,Self-Employed,Bachelor,35,24567,36,Married,0,Mortgage,218,0.3682252423068388,1,0,0.40143028330507724,0,Home,0,24,2,5500,838,53392,14932,25000.0,0.988983366291996,5,38460,0.220067,0.21195888390555065,928.0360821623335,0.04584144328649334,1,48.800000000000004
2031-07-13,47,78776,552,Self-Employed,High School,23,28700,120,Single,1,Mortgage,743,0.4721769648524955,3,1,0.2121123327177475,0,Auto,0,30,9,28586,1529,74071,6473,6564.666666666667,0.7226513008455563,5,67598,0.3077,0.3274779658477802,815.4463865439877,0.23739916520930043,0,55.0
2031-07-14,49,51133,596,Employed,High School,27,23580,72,Married,3,Mortgage,587,0.09555438654236588,2,2,0.3157909424901034,0,Other,0,32,10,1634,416,89001,19970,4261.083333333333,0.7758608952485155,5,69031,0.24058,0.24392508575691602,626.4171646364172,0.28476729266104095,0,51.0
2031-07-15,34,37459,628,Employed,Master,7,26701,36,Married,3,Mortgage,763,0.3075655572964309,0,0,0.23372146449564996,0,Education,0,25,5,1749,433,57965,4546,3121.5833333333335,0.7490042844100089,6,53419,0.19770100000000002,0.1747068240950108,958.229961736401,0.5513964478719884,0,50.0
2031-07-16,31,125449,608,Employed,Bachelor,7,40123,12,Single,3,Mortgage,473,0.3551533943226293,3,0,0.08674366435828779,0,Home,0,21,15,1081,1740,180770,35700,10454.083333333334,0.7060564405027352,8,145070,0.201123,0.19683793512349151,3710.704921180272,0.4001981606402861,1,32.800000000000004
2031-07-17,38,124664,620,Employed,High School,18,18488,84,Married,0,Mortgage,497,0.35752719458062937,1,3,0.25131232745728116,0,Home,1,26,28,1978,594,40757,11725,10388.666666666666,0.8227034838188791,7,29032,0.23348800000000003,0.2515065012508978,469.7437897236621,0.09305754248767845,1,42.400000000000006
2031-07-18,37,55764,627,Employed,Bachelor,18,105398,24,Single,0,Mortgage,202,0.5100325220620318,1,0,0.4242111926527783,0,Debt Consolidation,0,25,3,872,4460,16269,24463,4647.0,0.6999628828465948,7,10153,0.266898,0.21351840000000002,5434.1765975930275,1.2128634812982628,0,57.0
2031-07-19,41,62755,652,Employed,Master,19,31736,48,Married,4,Other,942,0.2160806261322144,0,1,0.24901828136543974,0,Home,0,20,22,1659,2241,366145,30569,5229.583333333333,0.8605274829196915,5,335576,0.200736,0.19765150563343475,961.7714200485531,0.36403883420576266,1,32.0
2031-07-20,39,32628,607,Employed,High School,15,12698,12,Divorced,3,Other,834,0.5955875051654722,2,1,0.09003887151466237,0,Home,0,32,23,3901,844,10066,6463,2719.0,0.8937291891075587,4,3603,0.174198,0.1810650401088403,1164.7962663206918,0.7351218338803573,0,49.0
2031-07-21,30,143055,601,Employed,High School,9,13719,48,Married,1,Rent,324,0.12914972894355978,2,0,0.4982901947436285,0,Auto,0,18,2,1188,300,59847,140007,11921.25,0.6407910363739515,6,6838,0.20821900000000002,0.2003456301875193,417.7268179576188,0.06221887956024903,1,43.2
2031-07-22,19,30702,510,Employed,High School,0,26740,36,Married,1,Rent,579,0.3878728227485237,3,0,0.295025122849292,0,Auto,0,26,28,2790,941,47470,5528,2558.5,0.6095812568356261,4,41942,0.25673999999999997,0.2514477048033436,1065.2262246686064,0.6426524231653729,0,53.0
2031-07-23,28,21751,520,Employed,Associate,6,39574,60,Married,5,Rent,417,0.24811716083728128,3,1,0.33237044347655076,0,Home,0,19,2,12894,1262,426887,19624,1812.5833333333333,0.8496542385820715,1,407263,0.284574,0.27467149593908236,1219.478787883332,0.9028433384488063,0,54.0
2031-07-24,52,120251,626,Employed,High School,29,25853,60,Married,0,Rent,395,0.0908655831762839,3,1,0.40836581561845825,0,Education,0,27,2,2323,4494,63299,25824,10020.916666666666,0.8116132891417307,9,37475,0.21785300000000002,0.2175687696422681,710.4626196953725,0.11031551867630598,1,43.2
2031-07-25,30,99469,561,Employed,Bachelor,8,25921,24,Married,1,Rent,248,0.3129058173771067,2,2,0.04125784105687931,0,Other,0,27,9,1814,1946,55285,84215,8289.083333333334,0.8693310120448641,5,8081,0.22042099999999998,0.19136174810471065,1308.3573608103393,0.18775988830413567,1,40.0
2031-07-26,41,42029,556,Unemployed,Master,16,26624,72,Single,1,Rent,468,0.08624056994487264,2,1,0.5568171285503433,1,Home,0,29,17,1032,273,16692,97377,3502.4166666666665,0.844328307545645,3,2033,0.26362399999999997,0.24095077029611442,702.4629896979021,0.33418724871814287,0,73.0
2031-07-27,45,30785,578,Employed,Associate,24,22074,48,Divorced,0,Mortgage,167,0.3652304365930852,4,2,0.7337226080705677,0,Other,0,19,26,195,613,95992,47747,2565.4166666666665,0.9047486646793783,7,48245,0.22807400000000003,0.23191542275846924,709.8227123040584,0.34178569263110936,0,59.0
2031-07-28,26,101149,565,Employed,Bachelor,1,29888,60,Divorced,4,Mortgage,238,0.21923295750719313,2,0,0.34518011371600316,0,Education,1,35,3,2146,423,251147,1895,8429.083333333334,0.7390579867400313,3,249252,0.252388,0.2755665375612046,922.609801126712,0.13769110533490733,0,58.0
2031-07-29,32,57360,576,Employed,Associate,8,25057,60,Single,2,Own,264,0.12748978945443187,2,1,0.502682126432942,0,Debt Consolidation,0,29,26,6529,1690,344728,10502,4780.0,0.785753878312488,6,334226,0.24205700000000002,0.22778750296955122,703.1871180561903,0.20234040126698544,1,40.800000000000004
2031-07-30,53,36483,632,Employed,Associate,30,48190,24,Married,1,Mortgage,913,0.38022854708046805,4,1,0.16798450939878723,1,Other,0,23,17,1250,1156,371201,51791,3040.25,0.9610989412333752,5,319410,0.20719,0.24862800000000002,2568.6574397701525,1.1451878759214382,0,54.0
2031-07-31,76,46218,658,Employed,Associate,53,38916,60,Married,1,Mortgage,644,0.6068945901161533,2,0,0.025637065109959126,0,Education,1,24,1,527,1252,35253,99731,3851.5,0.7231395679318847,5,9444,0.214916,0.23349073147363456,1104.8792681108168,0.4540774420643429,0,57.0
2031-08-01,32,15000,592,Self-Employed,Bachelor,6,17848,72,Married,1,Own,600,0.5164356395223855,2,1,0.2236204929042169,0,Home,1,26,18,696,567,83612,9760,1250.0,0.6315402781412343,3,73852,0.236848,0.2600515855534167,491.84146511693706,0.8734731720935497,0,62.0
2031-08-02,34,29237,564,Employed,Bachelor,12,13339,72,Widowed,0,Other,465,0.16061647862782708,7,1,0.30913265326029,0,Education,0,21,3,2293,1059,60742,5942,2436.4166666666665,0.8487419981422459,4,54800,0.24633899999999997,0.23729808816243486,348.9889578534867,0.3340926734699812,0,56.0
2031-08-03,24,75553,606,Employed,Doctorate,2,51187,60,Married,0,Rent,222,0.10311459689709403,4,0,0.28338861599525766,0,Home,0,21,2,2717,881,76721,2976,6296.083333333333,0.7242494392393167,4,73745,0.253187,0.3038244,1668.1177128766699,0.30020532016624146,0,50.0
2031-08-04,41,44693,613,Employed,High School,21,18291,96,Married,1,Mortgage,347,0.35807770062681105,4,0,0.08814629286556667,0,Home,0,21,21,1939,611,92011,12557,3724.4166666666665,0.8234642126336674,4,79454,0.24679099999999998,0.2544968612726994,447.61131397530414,0.21335188436004857,0,46.0
2031-08-05,49,109989,613,Employed,Master,30,16321,12,Single,0,Own,1383,0.28621287556894315,4,0,0.2816124953494635,0,Auto,0,16,22,7023,776,25298,27984,9165.75,0.7645923733503486,7,1180,0.174821,0.1499629664353825,1473.0773949147856,0.31160323976922627,1,38.400000000000006
2031-08-06,54,60066,637,Employed,High School,32,18813,96,Single,3,Rent,158,0.47464532308445134,7,0,0.01997070074510747,0,Home,0,23,9,3602,887,160368,62774,5005.5,0.679505033141214,4,97594,0.235313,0.22103186910337536,419.2133689155202,0.11531582637409256,0,47.0
2031-08-07,41,43857,502,Employed,High School,13,47180,36,Married,0,Rent,249,0.32408786740163786,7,3,0.17167490434652657,0,Auto,0,24,28,735,1354,5001,21405,3654.75,0.9268765989671944,8,9991,0.28118,0.2718595099993825,1930.8434223151298,0.5964411853930173,0,51.0
2031-08-08,29,16941,581,Employed,Bachelor,7,19409,36,Single,0,Mortgage,510,0.4723846067848034,2,1,0.05428290459492268,0,Debt Consolidation,0,21,17,17251,10962,28213,10214,1411.75,0.7667460312343624,2,17999,0.21390900000000002,0.195576779487296,716.9411370244663,0.8690923584377307,0,53.0
2031-08-09,50,32704,603,Employed,Associate,23,19920,60,Married,3,Mortgage,235,0.5194028305420622,2,1,0.23889611721938198,0,Debt Consolidation,0,30,8,794,2109,15101,84377,2725.3333333333335,0.9596413152651638,4,3354,0.22342,0.22013789145608023,550.3249130747874,0.28815738004211866,0,52.0
2031-08-10,38,20577,581,Unemployed,High School,16,19179,12,Single,1,Mortgage,2271,0.18842071392783244,4,1,0.17740489514365598,0,Education,0,22,26,12405,117,27401,4025,1714.75,0.7457248874188859,6,23376,0.19367900000000002,0.19234183269481908,1769.6152715193355,2.3563873868023535,0,54.0
2031-08-11,57,15986,603,Employed,Bachelor,32,28680,84,Married,4,Rent,457,0.07411295865505177,3,0,0.06499186994713667,0,Education,0,24,1,4298,798,65232,23197,1332.1666666666667,0.5762955026289579,6,42035,0.25218,0.22948265458103131,688.7464965100273,0.8600624270061509,0,52.0
2031-08-12,27,85607,545,Self-Employed,Associate,2,30842,36,Single,1,Rent,1326,0.3844297450611704,2,1,0.2817373119729005,0,Debt Consolidation,0,22,17,675,5678,80581,41798,7133.916666666667,0.71831808377953,4,38783,0.243342,0.2075726877828707,1158.1342134604436,0.3482146385403685,1,43.2
2031-08-13,60,35023,616,Employed,Associate,35,29306,48,Married,0,Own,331,0.11778290537837502,4,1,0.3935728888034519,0,Debt Consolidation,0,27,9,3406,3234,17879,64945,2918.5833333333335,0.7516330685417804,4,7846,0.21630600000000003,0.21232162957442893,911.144146155589,0.4255983140755238,0,52.0
2031-08-14,53,161353,649,Employed,Bachelor,30,9622,60,Single,0,Own,335,0.32957736282410605,5,2,0.2331532093976688,0,Auto,0,31,27,5882,6995,60614,9893,13446.083333333334,0.9037704656703821,3,50721,0.190122,0.19680549670200112,253.2168864264195,0.043746336523752476,1,36.0
2031-08-15,34,79856,525,Employed,Associate,11,21206,24,Married,0,Mortgage,280,0.22526585844382022,2,1,0.20535027768686798,0,Education,0,23,11,6221,267,32305,44290,6654.666666666667,0.6103357126329733,8,7914,0.233706,0.20691330795695884,1086.4717283968298,0.20534037192899665,1,41.6
2031-08-16,26,18761,574,Employed,High School,4,32470,24,Married,1,Own,263,0.25587590150243517,1,1,0.20512161918707672,0,Debt Consolidation,0,19,28,1659,769,315549,46650,1563.4166666666667,0.914126310055056,6,268899,0.22047,0.26456399999999997,1756.790231923411,1.2919078291712025,0,48.0
2031-08-17,50,49450,571,Employed,Associate,30,15002,48,Married,1,Own,614,0.017409729689348282,5,1,0.2967556880094922,0,Debt Consolidation,0,27,3,503,1868,37363,84290,4120.833333333333,0.7175344783700796,5,4801,0.224502,0.2523760806335151,499.41343333301165,0.27019132861468437,0,55.0
2031-08-18,41,43470,571,Unemployed,High School,17,30951,48,Single,0,Mortgage,522,0.05364879988945274,2,2,0.20330095437851048,0,Auto,0,17,29,15889,777,213255,57161,3622.5,0.8995571803409649,5,156094,0.24045100000000003,0.23706987132347926,1004.0522794630984,0.4212704705212142,0,51.0
2031-08-19,44,25414,473,Employed,Associate,23,19671,48,Married,3,Rent,217,0.16403338448271174,5,3,0.6081159193956713,0,Home,0,27,6,261,207,403637,9631,2117.8333333333335,0.5380266403856397,3,394006,0.278171,0.25006437779057317,652.3045023425005,0.4104687978322974,0,55.0
2031-08-20,36,53827,546,Employed,Associate,15,9510,36,Single,0,Rent,326,0.3676677840275588,3,1,0.3292656123232425,0,Education,0,27,11,1340,182,71499,82498,4485.583333333333,0.6858011293870743,7,8565,0.22150999999999998,0.2159978523495313,361.22518739252655,0.15320753987237481,1,43.2
2031-08-21,22,64313,549,Employed,Master,0,33865,72,Divorced,2,Mortgage,517,0.29294399401358,0,0,0.1996027601995888,0,Other,0,29,10,2467,5212,269648,47418,5359.416666666667,0.7871102018533431,6,222230,0.27436499999999997,0.2833347103316194,982.6978656288155,0.2798248314889025,0,46.0
2031-08-22,33,41972,546,Employed,High School,9,54495,60,Married,2,Other,307,0.2319122046257791,1,0,0.3008431401504604,0,Debt Consolidation,0,26,22,413,2267,78238,11802,3497.6666666666665,0.9336288273355321,4,66436,0.286495,0.2833779713146277,1707.8692091717658,0.5760609575445819,0,53.0
2031-08-23,54,67449,595,Employed,Associate,30,33034,24,Divorced,1,Rent,358,0.4327144330099809,1,1,0.5098581328095997,0,Home,0,23,22,4885,120,166931,26568,5620.75,0.5967676563563329,3,140363,0.210534,0.1910170413385867,1666.8310295780923,0.36024214376695146,0,55.0
2031-08-24,33,45474,539,Employed,Associate,12,39397,72,Married,3,Mortgage,342,0.30210806362057546,1,0,0.2239183938855311,0,Auto,0,23,11,4758,743,113232,24643,3789.5,0.8240041359453641,7,88589,0.284897,0.3017065292638578,1189.563509381248,0.4041597860882037,0,51.0
2031-08-25,41,31227,432,Employed,Associate,18,14017,48,Married,0,Rent,344,0.2170319755390551,2,0,0.26580927243833924,0,Home,0,25,18,3399,1187,61160,42289,2602.25,0.6320931560667468,4,18871,0.29301699999999997,0.2686211628774021,479.43935324997005,0.3164336067825805,0,53.0
2031-08-26,32,48398,582,Employed,Associate,10,17870,120,Married,1,Own,171,0.36522536666412214,4,2,0.4176941916617145,0,Home,0,22,26,1694,2014,19703,6340,4033.1666666666665,0.5491309996518717,5,13363,0.28187,0.3089000675970589,482.8740932758578,0.1621242431362927,0,57.0
2031-08-27,52,105549,663,Self-Employed,Master,26,12558,60,Married,4,Rent,293,0.09261218906033025,0,1,0.28019790168772374,0,Home,0,25,12,2572,660,298006,29690,8795.75,0.5546064563102218,7,268316,0.186058,0.1801202196789416,318.9727957238344,0.06957596517907336,1,32.800000000000004
2031-08-28,38,278463,613,Employed,Bachelor,14,16020,48,Single,1,Own,326,0.01647104232930131,6,0,0.11652964468998517,0,Home,0,26,20,919,670,66667,9183,12970.333333333334,0.7317500086993703,2,57484,0.20452,0.23377061290377954,516.7797442108762,0.06497749306449663,1,33.6
2031-08-29,36,28051,568,Employed,Associate,13,46843,60,Married,4,Own,581,0.349801099589207,1,2,0.22077584359334895,0,Auto,0,20,25,1488,1600,46454,4369,2337.5833333333335,0.7420681229185151,6,42085,0.267843,0.29069977842749073,1488.880681022732,0.8854788838997819,0,54.0
2031-08-30,29,19154,585,Employed,Master,7,35372,24,Married,3,Mortgage,1002,0.47056920493468674,2,2,0.07571361388523322,0,Home,0,24,26,6879,1315,10415,11431,1596.1666666666667,0.8419547332027337,4,6160,0.21787199999999998,0.2068052955058316,1812.0675855389989,1.7630161337823946,0,53.0
2031-08-31,34,39236,634,Employed,Master,13,33752,72,Widowed,3,Rent,691,0.176802605680677,1,1,0.19712180817789982,1,Auto,0,21,1,2502,1917,25431,7727,3269.6666666666665,0.840365513464084,3,17704,0.231752,0.2252195890259448,858.5455657977946,0.4739154549284722,0,63.0
2031-09-01,45,104643,621,Self-Employed,Doctorate,24,15410,12,Married,0,Rent,135,0.4877571652472892,1,1,0.43032066575341593,0,Debt Consolidation,0,19,21,5626,825,148768,9974,8720.25,0.8277620183328691,5,138794,0.16991000000000003,0.18238854411918998,1414.540998303317,0.1776945613145629,1,41.6
2031-09-02,29,112594,647,Employed,Master,5,31084,36,Married,1,Own,302,0.4866744476421049,1,1,0.08044647363599013,0,Debt Consolidation,0,18,13,2560,795,61693,29463,9382.833333333334,0.8731198677064881,7,32230,0.192584,0.1618813971617362,1095.7106464687167,0.14896466736792902,1,37.6
2031-09-03,20,17302,547,Employed,Master,0,35054,24,Married,2,Other,242,0.3854929158845174,4,0,0.48448425825989105,0,Home,0,25,7,17768,1880,80200,14244,1441.8333333333333,0.8544811768065795,8,65956,0.236554,0.25915008850926685,1887.0167847806279,1.476603942744627,0,57.0
2031-09-04,25,32968,504,Employed,High School,1,11700,24,Single,3,Rent,276,0.09454079838124542,3,1,0.2522155797170281,0,Auto,0,25,20,694,10054,66153,30082,2747.3333333333335,0.7900552247118634,7,36071,0.23469999999999996,0.268659228454762,635.4536722663047,0.3317594050957188,0,52.0
2031-09-05,25,142199,593,Employed,High School,4,76255,24,Single,3,Mortgage,320,0.01861946414388205,0,1,0.18313894763457375,0,Home,0,24,29,2830,7039,29545,30704,11849.916666666666,0.8720636913363057,3,10539,0.254755,0.27942070404370695,4183.2717350785515,0.38002560370285743,0,47.0
2031-09-06,54,18883,555,Employed,Doctorate,29,20729,12,Single,0,Other,499,0.668390318424683,2,2,0.26618841162100304,0,Other,0,17,16,7006,2488,52238,18477,1573.5833333333333,0.9603849106377554,3,33761,0.208229,0.22907220698223163,1949.180019900448,1.555799408928951,0,56.0
2031-09-07,28,38051,545,Self-Employed,Bachelor,6,22220,12,Married,0,Rent,874,0.1438932486502701,5,1,0.4449530506643577,0,Education,0,25,29,5848,7333,310166,31796,3170.9166666666665,0.8516879318126251,6,278370,0.21472,0.23991192093507577,2101.0195251358823,0.9382206591582505,0,53.0
2031-09-08,33,43282,567,Unemployed,Bachelor,9,26610,48,Married,3,Own,518,0.4349393927363823,3,2,0.6904742143478957,0,Auto,0,27,4,13318,1180,186102,35823,3606.8333333333335,0.6621994916847819,4,150279,0.23811,0.21931829122544289,837.3922149796344,0.3757845427603995,0,62.0
2031-09-09,18,58570,625,Employed,Master,0,14889,36,Married,1,Mortgage,606,0.3074025647990204,1,1,0.1552858817575132,0,Home,0,23,13,2720,535,124275,53204,4880.833333333333,0.824268880055622,11,71071,0.187389,0.2248668,572.3731661061162,0.24142868351158261,0,45.0
2031-09-10,19,64154,542,Employed,High School,0,31172,60,Single,4,Mortgage,283,0.352425327466777,0,1,0.5561804923595675,0,Home,0,24,15,14286,283,21063,105869,5346.166666666667,0.9025895845511979,3,8597,0.265172,0.2925786914336957,994.3569664348721,0.23892950708012692,0,58.0
2031-09-11,38,70464,542,Employed,Associate,14,20461,48,Widowed,1,Mortgage,477,0.3159716312561259,1,1,0.20357596313781698,0,Debt Consolidation,0,27,11,2175,145,33613,5659,5872.0,0.8138891920671371,3,27954,0.244461,0.21135201129543482,635.0779496549411,0.1893865718077216,1,41.6
2031-09-12,19,24685,509,Employed,Bachelor,0,30582,84,Married,0,Mortgage,243,0.12611317997648971,4,1,0.191769027161889,0,Education,0,21,3,738,340,67150,22610,2057.0833333333335,0.8804997184322206,5,44540,0.301082,0.26391355763589075,801.4920718845398,0.5077538935634788,0,54.0
2031-09-13,53,24509,608,Unemployed,Associate,32,15049,36,Single,1,Own,288,0.12829947591073684,2,0,0.39143094928707456,0,Home,0,23,24,2844,1623,65965,98236,2042.4166666666667,0.6411120294654378,2,6047,0.196049,0.1839167735533666,547.0188618459757,0.40883864466733477,0,55.0
2031-09-14,33,15000,619,Employed,Bachelor,11,24543,60,Married,1,Mortgage,1016,0.6091550577097586,4,3,0.21420650408393674,0,Education,0,18,12,727,2026,20186,47265,1250.0,0.8034250644103446,2,10965,0.22004300000000004,0.24419164672232654,712.0360983515101,1.3824288786812082,0,53.0
2031-09-15,42,137966,555,Employed,High School,19,24073,60,Married,0,Rent,701,0.47635761871766774,1,1,0.17262858280264942,0,Auto,0,22,22,9587,2400,17100,43787,11497.166666666666,0.8682920431034244,8,8499,0.251573,0.28342325319689043,754.5119806382966,0.12659744986199178,1,39.2
2031-09-16,45,98409,583,Employed,Associate,21,60666,84,Single,1,Mortgage,302,0.2057295885399759,6,0,0.1554370730861419,0,Education,0,31,4,2147,1225,248674,3388,8200.75,0.9160566894157809,6,245286,0.29416600000000004,0.2408751507929164,1500.3412000526687,0.21977760571321753,0,48.0
2031-09-17,78,32010,603,Employed,High School,57,23661,60,Married,0,Mortgage,348,0.1604735090985578,3,0,0.41238835657377704,0,Other,0,22,9,19479,175,29411,30240,2667.5,0.9346223763964533,5,9938,0.227161,0.27024922693645964,722.848879518324,0.40144287891970903,0,54.0
2031-09-18,63,42399,575,Employed,Associate,37,16499,60,Married,1,Rent,563,0.14975277297920592,4,3,0.09834520163247115,0,Education,0,38,29,3477,463,28885,135236,3533.25,0.8302096478614678,7,2577,0.233999,0.2619515238597808,495.89577621860747,0.2996945521031932,0,50.0
2031-09-19,18,16661,550,Employed,High School,0,28610,72,Divorced,1,Rent,233,0.3840991604781855,1,1,0.4716198611445806,0,Other,0,22,27,1450,2831,127246,12739,1388.4166666666667,0.7255103743695165,6,114507,0.26861,0.2870328070416208,836.9345377034995,0.770614876204429,0,54.0
2031-09-20,48,25297,618,Employed,Bachelor,24,27685,36,Single,0,Mortgage,459,0.2950437365946284,4,4,0.04480785604330762,0,Other,0,30,27,4684,3240,336216,36283,2108.0833333333335,0.5095646282868416,5,299933,0.20368500000000003,0.22004371130396477,1057.365301866518,0.7193099427757527,0,43.0
2031-09-21,36,37066,525,Employed,Associate,15,15852,96,Widowed,1,Mortgage,501,0.23131021976305172,0,0,0.1809056937465011,0,Auto,0,10,5,2947,3338,39000,26276,3088.8333333333335,0.9628454329039872,1,12724,0.288352,0.32405558310474286,464.0179270661032,0.3124214947605147,0,53.0
2031-09-22,47,27096,462,Employed,Bachelor,27,7184,72,Single,2,Own,610,0.28443680208166366,6,1,0.12126915403987235,0,Home,0,30,25,5656,1056,160038,54735,2258.0,0.5161207509159459,4,105303,0.291184,0.2878203826852852,210.51560584173518,0.3633815792036028,0,48.0
2031-09-23,24,41047,537,Employed,Associate,3,10669,60,Married,1,Other,528,0.3047997625813625,5,0,0.37073798492485177,0,Home,0,19,9,2395,675,18258,23054,3420.5833333333335,0.9930592922969933,7,1801,0.24716900000000003,0.23408372226354127,303.2726298704431,0.24302072157393517,0,56.0
2031-09-24,51,151565,685,Employed,Master,31,10764,36,Married,2,Rent,404,0.21180732568633365,4,0,0.42130609524138046,0,Auto,0,24,25,1228,3560,121856,77096,12630.416666666666,0.553770696152535,2,44760,0.153264,0.16682470051109013,382.06708579712375,0.06223603753878195,1,38.400000000000006
2031-09-25,51,213262,462,Employed,High School,27,17343,108,Widowed,3,Own,339,0.6891899066552734,5,0,0.26831196452080674,0,Home,0,18,29,1606,860,96119,52485,17771.833333333332,0.9002122527289651,2,43634,0.331343,0.3247799896495614,497.181481387085,0.047050940986415865,1,41.6
2031-09-26,35,82651,622,Employed,Associate,14,28047,12,Single,0,Other,533,0.1575468294134233,3,0,0.271904595872277,0,Home,0,16,18,1717,1135,11715,43238,6887.583333333333,0.7587884085665889,6,6934,0.18204700000000001,0.17229423248162667,2561.0743458995066,0.4492249597802093,0,47.0
2031-09-27,68,75684,693,Self-Employed,Master,45,10321,48,Single,3,Rent,169,0.1973449618485491,4,2,0.17447568457561827,1,Home,0,16,16,3850,902,109598,52266,6307.0,0.9408229622219126,7,57332,0.158821,0.16693889761971142,296.1808614710284,0.07375628055668755,0,56.0
2031-09-28,26,56376,591,Employed,Doctorate,4,14682,120,Married,2,Own,241,0.2634350337626785,1,3,0.3104741284532627,0,Debt Consolidation,0,27,15,11969,201,87659,34868,4698.0,0.9096644057066565,8,52791,0.27418200000000004,0.30748228007218537,395.18213657599676,0.13541552502681922,0,52.0
2031-09-29,49,41173,579,Employed,High School,25,22386,72,Single,2,Other,331,0.515354861371321,4,2,0.23248859348796663,0,Home,0,32,10,2934,801,15986,58685,3431.0833333333335,0.5406605092988498,1,3334,0.247886,0.253367567013684,607.6497538258407,0.2735724150756585,0,54.0
2031-09-30,39,55036,619,Employed,Bachelor,17,26151,48,Single,0,Rent,462,0.27093203808137956,2,2,0.39016483619523207,0,Home,0,18,13,1586,3862,191901,12542,4586.333333333333,0.6626310281267371,4,179359,0.21165100000000003,0.21818235002719757,821.3370448668528,0.27981765641402423,0,47.0
2031-10-01,50,73595,643,Employed,High School,30,34897,12,Single,2,Mortgage,404,0.29892529803351164,1,2,0.06810438580970797,0,Debt Consolidation,0,28,6,24606,1351,98358,41269,6132.916666666667,0.8678615699557527,8,57089,0.17839700000000003,0.17265675481318477,3187.1737418519087,0.5855572376142796,0,47.0
2031-10-02,47,133277,604,Employed,Master,24,19197,12,Married,2,Own,309,0.22866532836183048,2,1,0.33322986497275286,0,Education,0,19,26,3827,1091,24081,6213,11106.416666666666,0.8215600529941423,7,17868,0.182197,0.19756668576977235,1776.069727941491,0.187735593803116,1,39.2
2031-10-03,46,34604,634,Self-Employed,Bachelor,23,21910,36,Married,2,Mortgage,287,0.5324534183067876,3,2,0.06228223767006151,0,Debt Consolidation,0,20,13,3836,458,29828,30203,2883.6666666666665,0.714589193488954,7,9730,0.18991,0.18678805260910128,799.5797767060354,0.3768049162083119,0,52.0
2031-10-04,30,15000,567,Employed,High School,5,29410,60,Married,1,Mortgage,455,0.4340400328144855,1,1,0.09076561511625653,0,Home,0,31,11,1132,556,13613,84410,1250.0,0.59930961090169,6,7671,0.25090999999999997,0.22229501264821794,816.1144718378633,1.0168915774702907,0,53.0
2031-10-05,26,54267,525,Employed,High School,4,12953,60,Married,4,Rent,404,0.26670120050026347,3,0,0.37464762802861873,0,Home,0,23,14,407,789,254516,78034,4522.25,0.9047631856512228,5,176482,0.255453,0.2588381326977814,386.92843537837985,0.17489710550685605,0,50.0
2031-10-06,32,18211,612,Employed,High School,10,13459,36,Married,2,Mortgage,352,0.2313153310228269,4,0,0.3299437600494065,0,Auto,0,20,28,2701,529,49438,22081,1517.5833333333333,0.7754175788939576,3,27357,0.192459,0.19307894497767875,495.4510544431642,0.5584214295380797,0,53.0
2031-10-07,31,18069,604,Employed,Bachelor,5,11057,36,Married,3,Mortgage,693,0.19950293508418337,4,1,0.5888974522671949,0,Education,0,24,14,4394,6992,142718,28208,1505.75,0.8741887111818727,4,114510,0.194057,0.19790556528975115,409.73872194431453,0.7323517993985154,0,52.0
2031-10-08,45,113888,550,Employed,Associate,23,56933,60,Married,2,Mortgage,403,0.30771742046192396,3,1,0.08174971456284635,1,Home,1,20,13,709,364,38352,22312,9490.666666666666,0.804657564182594,7,16040,0.286933,0.2740478377273591,1752.2681012531357,0.22709343578812194,0,67.0
2031-10-09,33,22223,562,Employed,Associate,9,13013,48,Single,0,Other,610,0.41193655018050773,3,0,0.11284152898731463,0,Debt Consolidation,0,28,8,3120,371,24793,12184,1851.9166666666667,0.7652879400252123,11,12609,0.227013,0.21520099727287995,406.6057615553833,0.5489478980634748,0,54.0
2031-10-10,38,50201,531,Employed,Associate,16,51934,72,Married,1,Mortgage,483,0.08493674575217589,2,0,0.47036212472587535,0,Other,0,23,25,1009,5588,951755,9062,4183.416666666667,0.8103198337969714,3,942693,0.301434,0.3505429754834172,1735.3902961340023,0.5302819376826762,0,47.0
2031-10-11,27,28201,446,Employed,High School,3,30129,48,Married,1,Own,612,0.2546410544457732,3,2,0.17235066447127992,0,Home,0,23,1,814,2624,63762,20175,2350.0833333333335,0.8067363534579847,3,43587,0.302129,0.33863249644386373,1153.5553822829306,0.7512735217685602,0,56.0
2031-10-12,50,54841,569,Self-Employed,Master,26,78483,24,Married,5,Mortgage,585,0.18767073063537734,2,0,0.16044249878279326,0,Education,0,27,13,18715,136,48052,43437,4570.083333333333,0.9247825192800825,7,4615,0.268983,0.2559910604079996,4212.385414492385,1.0497369663920904,0,52.0
2031-10-13,31,46211,575,Employed,High School,9,32445,48,Married,3,Rent,291,0.6350220867335611,2,0,0.4636654983192225,0,Debt Consolidation,0,22,26,3447,1038,58218,120869,3850.9166666666665,0.8937022721599126,3,5910,0.23994500000000002,0.23337641576452883,1045.92114575376,0.3471695862250356,0,59.0
2031-10-14,39,111088,648,Employed,Master,19,16419,24,Single,0,Other,193,0.48377290717617866,5,3,0.43297092675419385,0,Other,1,23,23,2305,1328,47559,71277,9257.333333333334,0.8306254544066937,6,3954,0.16741899999999998,0.1770558497055789,817.3700545943248,0.10914266757104184,1,47.2
2031-10-15,28,50015,440,Unemployed,Bachelor,4,44125,108,Married,1,Other,219,0.14134707872929259,4,1,0.7730620558647792,0,Home,0,28,27,3162,636,195256,78624,4167.916666666667,0.7808340047992706,3,116632,0.3691249999999999,0.3790579718946322,1444.0500232850304,0.39901230189783793,0,56.0
2031-10-16,57,36661,609,Employed,Bachelor,32,22798,24,Divorced,0,Own,929,0.45403772934488995,1,0,0.08365575147252369,0,Home,0,23,26,4099,894,215144,12386,3055.0833333333335,0.887441400545013,8,202758,0.193298,0.1546384,1110.429375287339,0.6675527809783712,0,45.0
2031-10-17,32,98613,583,Employed,Bachelor,6,51154,60,Single,1,Rent,390,0.18784336931077752,4,1,0.3111681457241662,1,Other,0,20,26,818,586,336367,57774,8217.75,0.7136830498263368,6,278593,0.264654,0.23657173064013723,1461.4350428444368,0.22529707557962178,0,58.0
2031-10-18,29,39244,585,Employed,High School,6,21074,36,Married,1,Rent,750,0.29544050965261937,2,2,0.429151719925568,0,Auto,0,16,13,1427,4546,54711,12042,3270.3333333333335,0.9000533408871575,6,42669,0.213574,0.21304974112345693,797.2680702843348,0.4731224351088579,0,57.0
2031-10-19,51,64013,570,Employed,High School,29,18069,60,Married,0,Mortgage,946,0.322715713582184,3,2,0.39598779988095223,0,Debt Consolidation,0,23,22,6468,561,11340,6742,5334.416666666667,0.6976833703778907,4,4598,0.23806900000000003,0.23457275323681778,514.131946966983,0.27371914085582294,0,54.0
2031-10-20,41,43963,581,Self-Employed,Associate,15,15617,36,Married,0,Rent,312,0.4309882418970265,7,0,0.6666216559748613,1,Home,0,21,1,537,950,134012,72674,3663.5833333333335,0.8704573699285096,7,61338,0.210117,0.184028906457035,567.7533208422167,0.24013465528072697,0,77.0
2031-10-21,58,56495,569,Employed,Associate,36,25295,72,Married,0,Rent,365,0.07732676680519325,3,0,0.271745518519746,0,Home,0,31,14,959,1102,41028,24785,4707.916666666667,0.9175154994029983,7,16243,0.255795,0.23542276856686156,658.9262598575859,0.2174903109707236,0,51.0
2031-10-22,34,80072,482,Employed,High School,11,23870,60,Single,0,Mortgage,240,0.40403716688360836,3,0,0.15646455776422102,0,Education,0,21,15,860,1019,121510,6257,6672.666666666667,0.8582670816910063,6,115253,0.28787,0.3048492725322728,779.4005916743881,0.15277259341708282,0,46.0
2031-10-23,33,54439,599,Employed,Bachelor,8,18219,60,Single,3,Own,160,0.23302557175763394,4,1,0.3858789548436439,0,Home,0,19,29,434,3175,164012,107372,4536.583333333333,0.757014882228385,3,56640,0.223719,0.23184338879578228,515.533600524986,0.1489080109168029,0,52.0
2031-10-24,40,44900,542,Employed,Master,18,24645,36,Married,2,Rent,704,0.23924048347046836,3,0,0.3254700319120948,0,Auto,0,14,14,1498,1410,23549,41754,3741.6666666666665,0.9133685111339829,7,5082,0.238645,0.21239180379498798,931.5312963951452,0.43711304135282275,0,55.0
2031-10-25,44,70155,521,Employed,Doctorate,19,20758,36,Divorced,0,Mortgage,528,0.6418529496112455,4,1,0.16123252363881618,0,Education,0,21,18,2662,177,208187,40723,5846.25,0.7637115211457739,9,167464,0.245258,0.26784615048449684,845.0530215692702,0.2348604698001745,1,38.400000000000006
2031-10-26,30,32254,546,Employed,High School,9,20960,60,Widowed,1,Own,300,0.31159183113947975,5,0,0.5733085345592996,0,Home,0,30,6,1248,660,75453,37260,2687.8333333333335,0.7241973350413566,4,38193,0.25296,0.2899581881639488,665.256244097483,0.3591205719963352,0,61.0
2031-10-27,40,74060,575,Employed,Associate,15,8721,120,Married,0,Own,332,0.2810345434261131,3,2,0.05479060586612503,0,Debt Consolidation,0,17,25,5027,849,84787,84599,6171.666666666667,0.6888044816311761,7,10796,0.27622100000000005,0.24422793837620432,194.85868623244605,0.085367326961779,1,40.0
2031-10-28,51,120677,579,Employed,High School,25,21772,60,Married,2,Rent,307,0.04543341722685914,4,0,0.26011717689334435,0,Home,0,28,15,2337,1434,190747,39828,10056.416666666666,0.7442312563366149,4,150919,0.23727199999999998,0.2091349663646467,587.9468116184177,0.08899261449506544,1,36.0
2031-10-29,24,16380,561,Unemployed,High School,0,16647,48,Single,2,Own,221,0.35272342464091516,3,2,0.32771971412773737,0,Home,0,29,10,665,2317,45128,15809,1365.0,0.7918620622556692,6,29319,0.231147,0.20539270622328704,511.36956723613844,0.5365344814916765,0,59.0
2031-10-30,46,51300,608,Employed,Master,27,17372,24,Married,2,Own,381,0.1526081699924704,5,1,0.386608026849216,0,Debt Consolidation,0,26,19,6027,879,46445,21555,4275.0,0.8876776811048567,4,24890,0.18837199999999998,0.1969457980316387,881.5720820201866,0.2953384987181723,0,50.0
2031-10-31,51,28312,558,Employed,High School,27,52054,72,Single,3,Own,489,0.10861631123696767,2,0,0.31049457705191846,1,Debt Consolidation,0,22,27,2919,867,126510,166322,2359.3333333333335,0.9036260489154471,7,3078,0.288054,0.2712575007277055,1470.8429741892903,0.830676592620496,0,67.0
2031-11-01,46,219854,582,Employed,Associate,28,27547,72,Married,2,Rent,177,0.20770948896718047,3,2,0.1710508837450049,0,Home,0,21,12,981,413,20490,12524,18321.166666666668,0.7906943079636451,6,7966,0.25154699999999997,0.26242870337101215,763.1846110107816,0.05131685269373938,1,38.400000000000006
2031-11-02,41,54768,597,Employed,High School,22,12020,36,Married,1,Mortgage,854,0.46351003423911874,7,2,0.2162268225152944,0,Home,0,21,20,8540,319,167450,2932,4564.0,0.8922686392464904,6,164518,0.19852,0.20771706102586993,451.44661035596084,0.28603124679140246,1,39.2
2031-11-03,18,74493,613,Unemployed,Bachelor,0,20335,48,Married,0,Rent,245,0.1828477686309301,1,1,0.6925861055328612,0,Other,0,30,18,2109,1439,98483,13989,6207.75,0.8772889424798148,5,84494,0.208835,0.1921973570633073,610.3792981518872,0.13779216272431832,1,44.0
2031-11-04,40,57669,524,Employed,Associate,21,15911,24,Married,0,Other,122,0.12644256830753972,3,0,0.4362815616028817,0,Debt Consolidation,0,21,29,827,481,53893,24805,4805.75,0.7877404610698632,3,29088,0.228911,0.20805420695274546,816.0772314625275,0.19519892450970763,1,44.0
2031-11-05,48,85664,593,Employed,Associate,28,21201,96,Single,2,Mortgage,472,0.34409293274444736,4,2,0.6491315833966063,0,Other,0,31,15,827,718,61165,88236,7138.666666666667,0.8031328661819338,3,6522,0.259701,0.23438290735451486,490.7179022548176,0.134859623961732,1,45.6
2031-11-06,40,42009,614,Employed,Bachelor,22,18590,24,Married,2,Mortgage,362,0.08934335829441915,3,0,0.19479509274007226,0,Home,0,24,21,45756,775,46531,44569,3500.75,0.7891492523350421,8,1962,0.18658999999999998,0.18090315424624204,928.9004964898527,0.3687496954909241,0,47.0
2031-11-07,33,61959,521,Self-Employed,High School,9,60125,108,Single,0,Mortgage,774,0.22568115387762056,3,0,0.13841313737007876,0,Auto,0,30,5,1278,161,28407,71750,5163.25,0.7373479054966184,3,2219,0.34462499999999996,0.366047599555202,1908.4053648008605,0.519518784641623,0,55.0
2031-11-08,57,23002,600,Employed,High School,32,23129,36,Single,2,Mortgage,173,0.27285567366533237,3,1,0.20463497602761813,0,Auto,0,30,4,35870,541,44380,24645,1916.8333333333333,0.8647225185950719,7,19735,0.208129,0.2084121510940151,869.5021506846214,0.543866872803037,0,54.0
2031-11-09,28,70443,568,Self-Employed,Master,1,6952,24,Married,2,Other,602,0.36517435017481215,4,0,0.21461377416218086,0,Education,0,25,4,1569,888,67805,82384,5870.25,0.926048593833096,7,2024,0.197952,0.18078546272888193,347.33625528983464,0.16171990209783818,1,46.400000000000006
2031-11-10,52,65924,622,Self-Employed,High School,29,22136,48,Widowed,1,Mortgage,187,0.305106879763144,2,0,0.42350633956336814,0,Debt Consolidation,0,24,1,1141,242,56242,14463,5493.666666666667,0.5654244552924117,12,41779,0.206136,0.1871562784430411,658.5518879078294,0.15391394112757043,0,60.0
2031-11-11,27,85017,544,Self-Employed,Master,3,39114,60,Married,3,Own,624,0.5176351290565661,5,0,0.0994954474294044,0,Education,0,17,6,2048,419,28071,18018,7084.75,0.5698269275769551,4,10053,0.272114,0.29292468299571967,1248.5250980593546,0.2643036237071675,0,55.0
2031-11-12,33,20442,455,Employed,Bachelor,15,10541,24,Divorced,1,Rent,268,0.21028133616920866,4,1,0.08848472126241584,0,Home,0,32,9,2560,6615,26700,82547,1703.5,0.8129559365327583,7,4635,0.258041,0.25453616916173816,564.9911293121984,0.48898804186216516,0,53.0
2031-11-13,39,23758,618,Employed,Bachelor,15,13077,60,Married,0,Mortgage,446,0.1654819731034296,3,1,0.3659788620708876,0,Auto,0,17,17,1267,674,72083,25004,1979.8333333333333,0.770067060925748,5,47079,0.209077,0.21798099906920954,359.6729564680104,0.4069397877605912,0,52.0
2031-11-14,40,99379,508,Employed,Associate,19,21684,72,Married,2,Own,523,0.30466750562560035,4,0,0.17054147770523131,0,Debt Consolidation,0,21,20,14082,238,76016,8487,8281.583333333334,0.8570148420971376,8,67529,0.28268400000000005,0.2832235690088577,629.0754784315882,0.13911294882398753,1,37.6
2031-11-15,46,46819,506,Employed,Bachelor,24,21096,60,Single,1,Mortgage,654,0.5944280155868704,4,1,0.23340326622624494,0,Auto,1,30,8,4014,277,109405,23233,3901.5833333333335,0.947053210623446,4,86172,0.273096,0.2711288465547884,645.597370265119,0.3330948641188711,0,59.0
2031-11-16,58,37886,573,Employed,Associate,36,28382,36,Married,3,Mortgage,435,0.27890626845446026,3,2,0.2825453393974135,0,Other,0,24,3,3351,221,106529,11859,3157.1666666666665,0.7655160755864021,5,94670,0.226882,0.2252842326427046,1091.695583862322,0.48356509017441446,0,54.0
2031-11-17,24,34021,584,Employed,Bachelor,1,11020,48,Married,3,Mortgage,1227,0.1880372015048892,1,1,0.38641883813501976,0,Home,0,35,10,5874,1760,60695,17149,2835.0833333333335,0.6827136732954958,7,43546,0.21402000000000002,0.20887588956495232,340.57602035576065,0.5529206150398027,0,54.0
2031-11-18,54,99332,490,Employed,High School,29,16009,48,Married,2,Mortgage,581,0.17425248829156806,1,0,0.29593072853574803,0,Education,0,31,2,962,507,171610,16428,8277.666666666666,0.645133308171196,5,155182,0.266009,0.3006193012928845,576.9967322941916,0.13989410046641867,1,40.0
2031-11-19,36,15000,615,Employed,High School,14,5813,48,Married,0,Rent,330,0.5225351862456847,8,1,0.1811241564363839,0,Home,0,20,14,24414,351,79159,7947,1250.0,0.771618481693396,2,71212,0.193313,0.1590871523515324,164.4704112710146,0.39557632901681167,0,48.0
2031-11-20,44,65843,515,Employed,Master,21,18477,36,Married,1,Other,546,0.07061444506654854,9,0,0.34714772697037893,0,Auto,0,19,2,3662,850,51441,38459,5486.916666666667,0.9676021111257698,7,12982,0.245977,0.2396739605398551,724.5891495480632,0.23156705791924362,0,57.0
2031-11-21,37,62810,599,Employed,Bachelor,13,16210,36,Single,2,Own,689,0.17800778833039685,2,1,0.06568555107500852,0,Debt Consolidation,0,27,14,2952,1892,128390,46975,5234.166666666667,0.9281863753107513,10,81415,0.20171,0.19925440739459407,601.8060460575801,0.24661156746841206,1,37.6
2031-11-22,42,44019,635,Employed,Doctorate,17,48107,60,Married,1,Rent,565,0.5411896553017531,4,1,0.1846762066426325,0,Home,0,24,23,10166,470,31595,112589,3668.25,0.6912436190808102,3,7259,0.235607,0.23185079353234148,1361.279351501765,0.5251221567509753,0,49.0
2031-11-23,69,55358,642,Employed,Bachelor,47,11179,120,Married,1,Other,424,0.2443214568720734,4,2,0.15870685140240226,0,Debt Consolidation,0,23,10,1822,3224,9365,28932,4613.166666666667,0.9596819350935278,9,8288,0.245179,0.2455535442040171,250.81829512144856,0.14628092672165507,0,47.0
2031-11-24,64,100642,606,Employed,Associate,43,25838,60,Married,1,Mortgage,433,0.2208834289333199,5,3,0.2947765519627333,0,Education,0,18,13,1760,1643,178526,22406,8386.833333333334,0.794635839900706,6,156120,0.22783799999999998,0.21449260983778384,705.5503275229216,0.13575449544201287,1,35.2
2031-11-25,35,15000,513,Employed,High School,9,25523,48,Married,3,Rent,403,0.21171743556443756,4,1,0.12638407129881193,0,Home,0,19,14,4978,337,109366,17397,1250.0,0.853005129467629,2,91969,0.264023,0.21121840000000003,792.0109974245864,0.9560087979396692,0,50.0
2031-11-26,45,57819,573,Employed,Bachelor,19,30973,84,Single,2,Mortgage,199,0.6167747631150797,4,0,0.42715075479611647,0,Debt Consolidation,0,23,21,6223,3674,31592,68440,4818.25,0.803450001330499,6,8105,0.269473,0.28191843141009126,848.2686377693814,0.21735456602903155,0,58.0
2031-11-27,40,40470,573,Employed,Associate,15,23974,12,Married,0,Rent,221,0.08364150772055896,0,0,0.5016492839634148,0,Debt Consolidation,0,23,11,4279,552,82239,17904,3372.5,0.7588915487125379,4,64335,0.20247400000000002,0.2088694628049486,2231.009019360767,0.727059753702229,0,56.0
2031-11-28,39,26300,536,Unemployed,High School,19,25808,36,Married,0,Other,327,0.18643659827625658,3,2,0.256818128035688,0,Auto,0,25,21,2761,536,532737,3398,2191.6666666666665,0.6341609390140535,6,529339,0.242808,0.24260822557710413,1016.059142558824,0.6128026505971821,0,48.0
2031-11-29,19,32888,555,Employed,High School,0,14479,72,Divorced,3,Rent,424,0.19739136399851062,2,0,0.14148997567447089,0,Auto,1,26,19,3709,1028,69180,10663,2740.6666666666665,0.9191958608879431,11,58517,0.25197899999999995,0.24686529709948635,387.2429654391888,0.29600205501308274,0,54.0
2031-11-30,20,15000,525,Employed,High School,0,35165,120,Widowed,1,Mortgage,225,0.32640902067736893,1,0,0.29005346026266376,0,Education,0,15,15,13814,2416,19513,42656,1250.0,0.7657339161580085,7,1980,0.327665,0.34938343729206645,1057.617931643712,1.0260943453149696,0,54.0
2031-12-01,40,34319,549,Employed,Bachelor,17,29005,48,Single,1,Mortgage,241,0.22222974558992098,6,0,0.27190636630076037,1,Home,0,12,16,4364,603,31462,22581,2859.9166666666665,0.8960493110836076,6,8881,0.249505,0.26462831582857765,985.5381890844412,0.4288720029433636,0,65.0
2031-12-02,27,27701,488,Employed,Bachelor,5,37931,96,Divorced,1,Own,669,0.3587384540637219,2,0,0.20482246203204946,0,Home,0,33,4,4822,1228,77355,34571,2308.4166666666665,0.7912742207917173,3,42784,0.328931,0.3644640084001167,1221.1165602051751,0.8187934992405366,0,57.0
2031-12-03,37,41305,598,Employed,Bachelor,19,41422,48,Divorced,2,Mortgage,453,0.06743028975228318,2,1,0.12311927327354383,0,Home,0,20,20,6918,2397,16610,7284,3442.0833333333335,0.5769158197368706,2,9326,0.237422,0.21459729736222444,1292.9256056391691,0.5072293249647749,0,50.0
2031-12-04,31,67595,597,Self-Employed,Master,10,34191,60,Single,3,Other,594,0.28089222358689603,5,1,0.5560126243822632,0,Auto,0,28,29,769,1297,48132,15109,5632.916666666667,0.6725172012340523,4,33023,0.240691,0.19463127141851877,895.6690259390994,0.2644578491200413,1,48.800000000000004
2031-12-05,48,76269,626,Employed,Master,23,18712,72,Divorced,1,Mortgage,434,0.1812735988529532,4,0,0.2199766961068397,1,Debt Consolidation,0,23,7,12515,3170,340103,8340,6355.75,0.9487545552711791,5,331763,0.22071200000000002,0.2648544,521.2375532070707,0.15029501682839488,0,55.0
2031-12-06,73,86111,672,Employed,Associate,47,30698,48,Married,3,Own,1769,0.47548982913450166,2,2,0.5413170962911895,0,Debt Consolidation,0,29,17,1046,582,331254,62236,7175.916666666667,0.9187481856283591,10,269018,0.189698,0.18093948815657088,903.2614747108773,0.3723930473055768,1,36.800000000000004
2031-12-07,23,164284,547,Employed,Associate,3,27623,84,Married,0,Own,628,0.18500300318921653,3,1,0.2596429608970854,0,Other,0,21,25,1278,1570,17157,45820,13690.333333333334,0.882839784882226,3,6923,0.279123,0.28440163456299467,761.060431401315,0.10146286416702648,1,39.2
2031-12-08,26,137961,593,Employed,High School,4,7902,108,Married,0,Other,646,0.3422537796002604,1,0,0.4620197199743629,0,Debt Consolidation,0,23,14,1031,465,50912,9135,11496.75,0.9923114731780176,7,41777,0.256402,0.2631952366175319,191.72425170188157,0.07286617972051941,1,43.2
2031-12-09,47,78096,406,Self-Employed,Master,22,20870,48,Single,0,Own,349,0.17537798217871334,5,1,0.152838216080843,0,Debt Consolidation,1,24,13,2626,10900,46614,76115,6508.0,0.8036835502402037,5,4661,0.31287,0.3687407287407824,837.126278040062,0.1822566499754244,0,58.0
2031-12-10,54,45566,605,Employed,High School,32,15228,48,Single,2,Rent,422,0.3174694696687488,4,2,0.11090729589956633,0,Auto,1,23,18,1440,355,74218,90271,3797.1666666666665,0.8431137555344127,3,9829,0.207728,0.20710573371458665,469.1782497869564,0.23469558437087912,0,54.0
2031-12-11,43,17550,640,Employed,Bachelor,21,29774,72,Widowed,4,Rent,535,0.5452297758254303,8,0,0.3885199997646442,0,Debt Consolidation,0,29,6,2154,2440,31183,64571,1462.5,0.8286497612954813,6,1049,0.224774,0.24455445178669316,792.1073595668479,0.9074238356012635,0,56.0
2031-12-12,44,121754,613,Employed,Master,21,23889,108,Married,1,Mortgage,387,0.5095569541471281,4,0,0.4378048655490932,0,Debt Consolidation,0,27,1,21614,1400,90089,22989,10146.166666666666,0.8361642729244823,2,67100,0.262389,0.2523928392422207,561.7823770052116,0.09351141255369466,1,43.2
2031-12-13,22,17905,524,Employed,Bachelor,0,26827,36,Married,4,Mortgage,279,0.1575458587215674,1,0,0.5419823437253164,0,Other,0,15,3,12608,1404,14012,13265,1492.0833333333333,0.7174211320568862,7,8458,0.249827,0.2853447849749431,1117.4217512248572,0.9358872390225237,0,62.0
2031-12-14,29,39877,549,Employed,Bachelor,9,12440,36,Married,4,Mortgage,367,0.5822423217525735,2,1,0.2837780710770574,0,Debt Consolidation,0,20,7,4300,1486,24901,2454,3323.0833333333335,0.8629206237640462,3,22447,0.22294,0.21481475181299667,471.75872316942707,0.2524037585082409,0,55.0
2031-12-15,40,74117,592,Employed,High School,19,16448,120,Single,4,Rent,209,0.32482245718794406,3,1,0.34895472873947936,0,Debt Consolidation,0,16,7,17580,854,41832,20276,6176.416666666667,0.6592052850990472,7,21556,0.275448,0.28882109719241084,420.07963375300983,0.10185187750497346,0,55.0
2031-12-16,29,78004,541,Employed,Master,8,69396,72,Single,3,Other,767,0.4827853662521612,3,1,0.24563077048617862,0,Other,0,32,19,4054,1063,37803,15556,6500.333333333333,0.5959545744818302,9,22247,0.313896,0.25583453180469795,1894.2540327469312,0.4094027023353056,0,53.0
2031-12-17,64,42941,614,Employed,Associate,42,11223,60,Married,1,Rent,314,0.11881152497115949,8,1,0.3607244649144106,0,Auto,0,26,21,48866,3233,52099,61099,3578.4166666666665,0.8279213690584013,4,6666,0.209223,0.22354072819048704,312.2306196020791,0.1750021526099753,0,51.0
2031-12-18,25,15000,467,Self-Employed,High School,3,18586,84,Married,2,Rent,501,0.24255834900335418,1,0,0.29529301970711436,0,Home,0,14,11,2529,483,539014,18055,1250.0,0.39211177468882047,3,520959,0.310086,0.312918113443981,547.6695286856268,0.8389356229485014,0,49.0
2031-12-19,42,80633,582,Self-Employed,Bachelor,20,13482,12,Widowed,1,Own,437,0.05331824850513687,4,1,0.23944880437264016,0,Auto,0,27,4,5565,1115,221408,223202,6719.416666666667,0.8897608735210135,9,6745,0.187482,0.19010558726520527,1242.5229274678052,0.24995070417339874,1,44.800000000000004
2031-12-20,45,40915,615,Employed,High School,17,31632,48,Married,2,Mortgage,218,0.5210593321486565,2,2,0.32019316942004006,0,Debt Consolidation,1,27,5,3358,3961,79881,46640,3409.5833333333335,0.7280201297836828,8,33241,0.219132,0.22535581311196867,1005.8204143000977,0.35893547529270853,0,61.0
2031-12-21,24,96844,596,Self-Employed,Bachelor,0,20274,60,Single,1,Mortgage,618,0.37665043459604075,3,3,0.24035237276221227,0,Auto,0,25,15,4675,1404,42135,37616,8070.333333333333,0.8025319707593503,7,4519,0.22727399999999998,0.24470252316988164,588.7886952587843,0.1495339344007415,0,54.0
2031-12-22,18,18835,536,Employed,Associate,0,30555,72,Married,0,Rent,286,0.34192426802098963,5,0,0.3064293819470587,0,Debt Consolidation,0,23,9,1042,2310,63549,16640,1569.5833333333333,0.8758584240517677,5,46909,0.277555,0.3077474715981927,934.5364695156533,0.7776181382632248,0,57.0
2031-12-23,47,21207,561,Employed,Associate,23,37109,60,Married,1,Mortgage,433,0.3953106406604099,2,1,0.4178944467011768,0,Home,0,31,29,606,107,125742,19325,1767.25,0.8805749566817337,6,106417,0.261609,0.280382739561462,1156.2761695842512,0.8992933481874388,0,54.0
2031-12-24,26,218925,617,Employed,Bachelor,5,40246,108,Married,2,Mortgage,441,0.12624188280141532,3,1,0.33378386394410164,0,Debt Consolidation,0,24,29,4727,1547,29895,14602,18243.75,0.7019498693729301,4,15293,0.27674600000000005,0.28617456781383216,1041.4823315708898,0.08125973725636942,1,38.400000000000006
2031-12-25,19,29978,608,Employed,Bachelor,0,46578,96,Married,0,Rent,518,0.3450218944879661,2,1,0.3023603285148824,0,Debt Consolidation,0,29,28,1951,3472,200308,24039,2498.1666666666665,0.6634546192802959,3,176269,0.277578,0.2607640009762049,1159.365273305544,0.6714384975537571,0,49.0
2031-12-26,25,69760,531,Employed,High School,2,34886,108,Married,3,Rent,488,0.2718009222125057,5,1,0.13979584729971647,0,Auto,0,25,19,43436,1792,76503,41959,5813.333333333333,0.6887892484621709,1,34544,0.314386,0.3393577931677274,1037.6222404894688,0.26243501843282147,0,50.0
2031-12-27,28,28506,594,Employed,Associate,9,21416,36,Married,1,Rent,431,0.4058711245207445,1,1,0.11547196271754448,0,Auto,0,34,27,1165,420,90927,14586,2375.5,0.8478721513582611,9,76341,0.209416,0.17146814025155735,765.1045324510142,0.503516957462014,0,51.0
2031-12-28,34,95534,560,Employed,High School,8,11034,108,Married,1,Mortgage,1642,0.1340409465610741,1,2,0.16536898442539963,0,Home,0,19,12,1865,1773,22851,16055,4718.416666666667,0.7108859890727649,3,6796,0.276034,0.2971593860930573,294.1930920274558,0.4103480529190489,0,48.0
2031-12-29,36,72081,453,Employed,Bachelor,12,42053,60,Married,0,Mortgage,395,0.1441520320746023,3,2,0.3618981597491002,0,Home,0,15,28,1678,1613,17424,19910,6006.75,0.796502427519245,2,4143,0.320553,0.3045562653125738,1372.3499222298565,0.29422731464266977,0,53.0
2031-12-30,37,79679,627,Employed,Doctorate,14,17907,60,Divorced,2,Own,746,0.1444856740704626,0,0,0.1807719552675907,0,Debt Consolidation,0,17,17,14911,7125,222937,10290,6639.916666666667,0.9006012938302389,3,212647,0.209407,0.2063284780863784,480.75348053282437,0.18475434890490458,1,33.6
2031-12-31,46,205226,650,Employed,Bachelor,25,28095,36,Married,1,Rent,188,0.09876682884956726,7,1,0.021197647649755263,0,Home,0,30,8,10988,2918,74611,55606,17102.166666666668,0.7893050400345607,5,19005,0.188095,0.21271457537805658,1062.4008407363845,0.07311359227795997,1,33.6
2032-01-01,38,48243,565,Self-Employed,Associate,15,38394,24,Married,2,Other,376,0.16540001962533193,6,0,0.3268630071200784,0,Auto,0,20,29,542,893,37567,22354,4020.25,0.5715095108287505,3,15213,0.23089399999999996,0.219615401421092,1991.080743360329,0.5887894393036077,0,57.0
2032-01-02,45,46636,525,Employed,Bachelor,20,17437,36,Married,0,Own,272,0.3257976621667972,5,1,0.07674926853156111,0,Home,0,16,24,5025,1147,115213,13058,3886.3333333333335,0.8321500094311448,0,102155,0.239937,0.19970440647449575,647.7588093642454,0.23666493079104006,1,37.6
2032-01-03,18,34234,523,Employed,Master,0,10448,60,Divorced,1,Mortgage,776,0.14671924278460052,3,0,0.13646007766059623,0,Auto,1,18,14,848,12147,206210,49060,2852.8333333333335,0.8409597422852636,3,157150,0.253948,0.2297053346894557,294.3571876999051,0.3751909286790577,0,52.0
2032-01-04,27,142605,534,Employed,Master,3,20447,60,Married,0,Own,403,0.4346650145902691,0,1,0.16892068039609875,0,Auto,0,20,9,1170,498,185928,10855,11883.75,0.8322716629455011,3,175073,0.258447,0.27286548511894326,627.8624575816655,0.08674555233673424,1,36.800000000000004
2032-01-05,41,56222,609,Self-Employed,Master,15,40585,48,Widowed,1,Mortgage,285,0.21402065665928022,1,0,0.26766462366875754,0,Auto,0,18,8,1405,1131,81198,43553,4685.166666666667,0.666170288013822,8,37645,0.231085,0.2304076821383971,1301.7156598392053,0.3386679221313803,0,53.0
2032-01-06,31,35089,591,Self-Employed,Bachelor,8,26782,36,Married,0,Other,700,0.4106841548595864,0,0,0.4253233904416771,0,Home,0,21,15,18483,652,40649,12186,2924.0833333333335,0.24530239884895885,1,28463,0.216282,0.22492957396150848,1029.6593356336539,0.591521902237278,0,61.0
2032-01-07,40,49538,583,Self-Employed,High School,18,34233,60,Single,3,Own,746,0.25345155224750454,4,0,0.348480273548365,0,Debt Consolidation,1,24,22,3410,198,27452,8893,4128.166666666667,0.7985096147241852,10,18559,0.24773299999999998,0.2972796,1101.8404120425819,0.4476176863117401,0,64.0
2032-01-08,29,86692,590,Employed,Master,4,9440,48,Single,0,Own,186,0.33942689957661976,2,0,0.35736082808889835,0,Debt Consolidation,0,28,3,1231,1092,32565,34005,7224.333333333333,0.8374164955574099,4,10167,0.20944000000000002,0.18457755277463414,279.5631172046968,0.06444374805583401,1,44.800000000000004
2032-01-09,29,41928,516,Employed,Master,5,26977,36,Single,0,Other,421,0.360879085012862,4,0,0.5510358734524771,0,Debt Consolidation,0,23,27,2839,9392,57242,23325,3494.0,0.6038153344290677,7,33917,0.253977,0.2319801953082635,1047.0584533748317,0.42016555620344354,0,59.0
2032-01-10,29,15000,555,Employed,Bachelor,7,20832,60,Single,3,Mortgage,359,0.17589492464835008,2,3,0.3660143519883162,0,Debt Consolidation,0,26,13,9282,562,72249,136712,1250.0,0.6475996733532466,5,6776,0.248332,0.23739380648854277,596.1470872676146,0.7641176698140917,0,55.0
2032-01-11,38,68496,484,Employed,Associate,14,14738,12,Divorced,0,Rent,342,0.45837596543781006,2,3,0.20005021129010697,0,Home,1,21,29,5712,796,19634,17608,5708.0,0.9416128016830955,5,2026,0.237738,0.2553105252227871,1404.5622806775432,0.3059849825994294,0,59.0
2032-01-12,28,34743,558,Employed,High School,4,18477,60,Married,3,Mortgage,427,0.12331182730171215,3,2,0.2935133546655209,0,Home,0,11,13,8792,977,287244,8596,2895.25,0.7251056883162381,3,278648,0.244477,0.21650915491720513,506.65413053351,0.3224778967389724,0,46.0
2032-01-13,52,35495,533,Employed,High School,25,40863,24,Married,5,Mortgage,416,0.5570377274829371,1,1,0.08205400956565526,0,Education,0,23,29,5788,1509,103281,166761,2957.9166666666665,0.9402832526494721,6,7211,0.24936299999999997,0.25017369446691085,2181.276566170001,0.8780763148060293,0,52.0
2032-01-14,52,30867,609,Self-Employed,High School,28,21378,36,Married,2,Rent,394,0.3871901551146937,4,1,0.6072924851472395,0,Debt Consolidation,0,31,21,8977,3893,230839,22012,2572.25,0.926898465901413,7,208827,0.201878,0.23498480652434292,833.100888574593,0.4770535090191828,0,55.0
2032-01-15,43,26838,579,Employed,High School,21,41691,60,Married,0,Other,142,0.39432337655759286,2,0,0.19273696679207267,0,Other,1,30,27,2679,424,9599,6171,2236.5,0.8248140914673039,4,3428,0.257191,0.29948876927743345,1347.5365547217984,0.6660123204658164,0,58.0
2032-01-16,39,72737,562,Employed,High School,18,15348,120,Single,1,Rent,181,0.1199035630166121,3,0,0.4694983548136531,1,Home,0,24,18,4897,637,47857,110250,6061.416666666667,0.6320743419143949,3,1104,0.289348,0.25867733820386835,358.5886971908493,0.08902022858091743,0,67.0
2032-01-17,29,32858,570,Employed,High School,4,37044,36,Married,0,Own,187,0.558168849326993,4,2,0.19387782744113236,0,Debt Consolidation,0,24,11,4279,987,15986,42276,2738.1666666666665,0.802572119272341,3,2933,0.237044,0.21259470612901005,1400.5751372737834,0.5797949250497718,0,52.0
2032-01-18,41,67573,624,Employed,Bachelor,20,20690,48,Married,4,Other,580,0.40285354270477775,1,0,0.2811990432347021,0,Debt Consolidation,0,20,27,788,1002,14455,9844,5631.083333333333,0.8985421716486256,5,4611,0.20369,0.2088675049320959,639.4206120805244,0.21655168994962917,0,50.0
2032-01-19,54,109238,533,Employed,Bachelor,27,26288,96,Married,2,Rent,567,0.27395672845280894,5,0,0.10729369459488913,0,Home,0,30,7,869,2844,100827,80972,9103.166666666666,0.6108286316713152,7,19855,0.294788,0.3003570036173472,725.5887163936833,0.1419933044977407,0,50.0
2032-01-20,43,16168,556,Employed,High School,22,13779,12,Married,2,Mortgage,752,0.12069684232854203,4,1,0.5263619662984765,0,Debt Consolidation,0,23,17,2563,2072,204913,48144,1347.3333333333333,0.6468467343087827,4,156769,0.20077899999999999,0.17335175033682848,1258.9030542155078,1.4925059778937466,0,55.0
2032-01-21,44,198617,470,Unemployed,Bachelor,20,16816,36,Married,3,Mortgage,468,0.29411179451110636,4,2,0.3638103432616182,0,Debt Consolidation,1,18,2,3830,625,243722,5487,16551.416666666668,0.8340762190909056,5,238235,0.266816,0.2757923534991146,691.7530750703722,0.07006971659447311,1,48.800000000000004
2032-01-22,55,49792,651,Employed,High School,30,34937,36,Married,1,Rent,338,0.29277855786230256,4,2,0.18082121477289959,0,Home,1,21,13,5109,2951,31184,48831,4149.333333333333,0.7583574365869148,3,10906,0.194437,0.1725460458447614,1250.0307989783473,0.38271950489516726,0,51.0
2032-01-23,46,57793,557,Employed,Bachelor,25,15022,36,Married,3,Mortgage,218,0.12872486528537264,4,0,0.43710655282937605,0,Auto,0,23,16,2848,416,79198,34618,4816.083333333333,0.6807379893411611,6,44580,0.221522,0.2123513401345816,567.7700385951512,0.16315540745664378,1,44.0
2032-01-24,51,75773,597,Employed,Doctorate,29,21877,36,Single,0,Mortgage,406,0.20053862594916905,2,1,0.48651982945169725,0,Home,0,20,15,2051,886,43495,18671,6314.416666666667,0.8002154143343833,3,24824,0.208377,0.2412607240421557,859.7459326896898,0.200453343437323,1,44.800000000000004
2032-01-25,20,53139,579,Self-Employed,High School,0,37676,36,Married,2,Other,360,0.3911271404229564,1,2,0.34010907092354925,0,Auto,0,22,27,576,320,33296,19096,4428.25,0.7875322822703261,6,14200,0.23317600000000002,0.22229466503336362,1443.3398813148983,0.40723533705524717,0,57.0
2032-01-26,45,43383,571,Employed,Bachelor,23,21032,72,Single,4,Rent,335,0.6914443659762812,1,3,0.2515483808333078,0,Auto,0,18,8,3340,1967,24886,3352,3615.25,0.615338095201641,8,21534,0.250532,0.2601432316208998,579.7032203895102,0.2530124390815324,0,56.0
2032-01-27,41,41491,507,Employed,High School,17,27224,60,Married,2,Mortgage,144,0.7125825088959755,3,0,0.4130144735266615,0,Debt Consolidation,0,16,18,17932,532,79251,18062,3457.5833333333335,0.533401843527905,5,61189,0.278724,0.25461782171460634,806.4474508740128,0.27488779278610187,0,57.0
2032-01-28,34,44339,528,Employed,Bachelor,14,42216,48,Married,1,Rent,184,0.03374010192123477,3,1,0.1780757616658331,0,Auto,0,25,10,4297,501,20893,59443,3694.9166666666665,0.9392686968825408,7,1888,0.273216,0.27447178528207455,1457.9949190294305,0.44439295041280064,0,50.0
2032-01-29,40,24129,556,Employed,Master,18,21740,36,Married,1,Own,248,0.057662972643282275,2,0,0.546789991912215,0,Education,0,25,28,2524,3670,238835,7793,2010.75,0.9665886589685371,8,231042,0.22874,0.26749635282369044,884.6226898973106,0.5632836950875596,0,55.0
2032-01-30,39,22439,581,Employed,Bachelor,14,15949,72,Divorced,1,Own,396,0.10245604109565817,7,0,0.4482285394254436,0,Other,0,20,15,1671,3432,8884,19150,1869.9166666666667,0.6403849306423794,3,8136,0.240449,0.24910772751133028,428.74821723045943,0.4410614825422484,0,57.0
2032-01-31,50,17307,623,Employed,Associate,29,13110,60,Widowed,1,Mortgage,669,0.42321706140042803,4,0,0.19260898573156984,0,Debt Consolidation,0,29,14,3494,530,40308,23211,1442.25,0.8917985918383072,3,17097,0.20661000000000002,0.21378059217512813,357.4633089336007,0.7117096959151331,0,50.0
2032-02-01,58,67437,541,Employed,High School,35,18233,72,Married,0,Mortgage,338,0.36508679638823316,1,1,0.3376444787972316,0,Home,0,21,5,1833,2832,41520,35515,5619.75,0.6643106065749125,4,6005,0.262733,0.2101864,447.56423231651877,0.13978633076498398,0,56.0
2032-02-02,30,58317,581,Employed,Master,7,20618,36,Divorced,1,Own,374,0.5489620269745841,5,2,0.055988438260119795,0,Home,0,23,11,12927,2740,38641,41560,4859.75,0.7016189428495242,5,1861,0.215118,0.19635513376797833,762.4150484818504,0.23384228581343697,0,51.0
2032-02-03,32,45434,596,Employed,Master,11,42597,60,Married,3,Other,595,0.4303334283053195,6,0,0.2625417345297209,0,Other,0,30,1,2110,2033,62331,38124,3786.1666666666665,0.945764311309376,7,24207,0.249597,0.24825441151152533,1245.9228059567854,0.4862233937465648,0,58.0
2032-02-04,65,83178,599,Employed,Bachelor,45,14215,60,Single,1,Mortgage,376,0.5002426150044561,1,3,0.2694609529795843,0,Auto,0,23,21,7869,3903,85097,34126,6931.5,0.964776779169409,4,50971,0.219715,0.2372414602404708,406.6637563793802,0.11291405271288757,1,40.0
2032-02-05,33,54108,544,Employed,Bachelor,12,36136,48,Single,1,Mortgage,596,0.18395754681768392,5,0,0.037345327157946785,0,Education,0,26,26,12635,1459,30763,41752,4509.0,0.7530717010919004,4,7586,0.259136,0.2644027797760403,1227.3765541352655,0.40438601777229216,0,49.0
2032-02-06,48,195086,533,Employed,Bachelor,22,87268,96,Married,0,Other,246,0.35490968439448506,1,1,0.40422990510698464,0,Debt Consolidation,0,10,21,8617,2348,16599,147130,16257.166666666666,0.8693928999803845,6,8956,0.35576800000000003,0.3709707310962443,2851.1640666497265,0.19051069169390278,0,54.0
2032-02-07,39,33095,605,Employed,Bachelor,16,8789,36,Divorced,0,Own,631,0.1176560873139246,6,0,0.565020079935922,0,Home,0,18,5,928,3445,20630,42515,2757.9166666666665,0.8659557576983495,10,10179,0.191289,0.166012024824824,311.6102027266982,0.3417834244665472,0,57.0
2032-02-08,64,34702,624,Employed,Bachelor,43,34502,48,Divorced,0,Rent,372,0.27371545731360947,2,0,0.39897798321373096,0,Home,0,22,9,2636,4249,121186,8421,2891.8333333333335,0.7973976227819043,1,112765,0.21750200000000003,0.2149321188678138,1077.5523002554905,0.5012572071657508,0,49.0
2032-02-09,36,65759,556,Employed,Associate,14,27174,72,Divorced,1,Own,305,0.16274960754263257,0,1,0.27541775112514666,0,Home,0,25,13,2223,1974,13746,68254,5479.916666666667,0.8392487158751943,6,4831,0.264174,0.2235763630985742,688.5578729743049,0.18130893833074802,0,51.0
2032-02-10,18,31582,569,Employed,High School,0,26370,72,Single,1,Own,616,0.5182695473669112,2,2,0.012955680577402467,0,Education,0,22,11,4322,336,45994,3878,2631.8333333333335,0.6088523975966397,4,42116,0.25687000000000004,0.2501254773251345,710.53641143148,0.5040351129497106,0,52.0
2032-02-11,46,97463,596,Employed,Associate,27,30312,48,Married,0,Mortgage,257,0.040841665562046554,3,1,0.10646121003864963,0,Auto,0,16,9,4563,2574,73818,16790,8121.916666666667,0.8073814698712698,4,57028,0.22731200000000001,0.2567995185846976,1016.588510337781,0.15680886207128214,0,47.0
2032-02-12,26,22246,524,Employed,High School,6,19329,36,Married,0,Rent,509,0.31283725286576414,3,1,0.23534340668557077,0,Education,0,17,23,29126,3277,32403,37389,1853.8333333333333,0.8777718891856903,8,5151,0.242329,0.22767637427209725,745.8813261812666,0.676911620703731,0,54.0
2032-02-13,47,56341,589,Employed,Master,22,21072,48,Married,0,Mortgage,585,0.053594031624199005,3,1,0.26985620624514706,0,Education,0,19,7,11736,4109,15845,28650,4695.083333333333,0.758668740653864,3,2359,0.22157200000000002,0.22576294193827678,670.5063170828557,0.26740873972762763,0,52.0
2032-02-14,67,73527,539,Employed,Associate,47,41240,72,Married,1,Other,457,0.43618436200658733,6,1,0.2868373418005847,0,Other,0,17,28,4285,875,126319,47058,6127.25,0.6475049370267721,7,79261,0.28674,0.3237812407857744,1304.573757870419,0.28749826722761745,0,51.0
2032-02-15,39,42716,564,Employed,High School,13,7581,84,Married,3,Other,386,0.1350472071749094,1,0,0.16661994065378125,0,Auto,0,18,25,26733,549,60227,20578,3559.6666666666665,0.6729894155003282,5,39649,0.250581,0.28892353908670704,211.14577912403232,0.1677532856421104,0,50.0
2032-02-16,46,237478,570,Employed,Master,25,22749,24,Single,0,Mortgage,407,0.303471485124409,4,0,0.06785348338960581,0,Auto,0,20,20,9404,4108,74338,5742,19789.833333333332,0.8204963122052596,5,68596,0.212749,0.19359285431571724,1150.7206035275442,0.07871317445123562,1,36.800000000000004
2032-02-17,35,76843,590,Employed,Bachelor,9,35139,36,Widowed,2,Other,1408,0.349063085127657,2,2,0.574033916702056,0,Education,0,14,26,2160,1956,205752,36903,6403.583333333333,0.8732127864857987,8,168849,0.225139,0.21511567392136177,1333.1116628234822,0.4280590288494956,0,54.0
2032-02-18,37,89315,489,Employed,Associate,13,16594,48,Married,3,Rent,849,0.10086136310503148,2,0,0.06435645684966333,0,Debt Consolidation,0,30,20,1537,1286,46856,121111,7442.916666666667,0.7618666009187067,3,8043,0.267094,0.2600747706015078,559.5747977182851,0.18925037868912747,1,38.400000000000006
2032-02-19,44,30940,523,Employed,High School,19,30730,72,Married,1,Own,562,0.10217455283812683,2,2,0.1417115217989103,0,Home,0,17,10,2642,385,43625,7392,2578.3333333333335,0.5160986130645031,4,36233,0.28423,0.26392633686784234,854.2320709746991,0.5492819926210856,0,50.0
2032-02-20,38,90614,627,Self-Employed,Associate,18,14774,24,Single,1,Mortgage,380,0.2063847842172739,3,0,0.4027910133570066,0,Auto,0,20,10,2174,1860,124604,13879,7551.166666666667,0.952937889641082,3,110725,0.17627400000000001,0.1541822323311131,719.2808757191683,0.14557762055123954,1,40.800000000000004
2032-02-21,42,38842,625,Employed,Bachelor,20,14151,60,Married,0,Mortgage,555,0.2422323320537287,3,0,0.21337460342060527,0,Home,1,20,27,4771,1203,16512,10912,3236.8333333333335,0.9198758316545578,1,5600,0.20665100000000003,0.17836611586272347,358.08579389953405,0.28209231056058925,0,56.0
2032-02-22,57,26647,622,Employed,High School,33,21388,60,Married,0,Mortgage,433,0.11675125614640501,3,3,0.45194697422265423,0,Education,0,23,29,408,518,105733,19933,2220.5833333333335,0.7580563061402196,3,85800,0.21538800000000002,0.23698844628161933,611.5562782638688,0.4703972431855903,0,52.0
2032-02-23,35,48275,597,Employed,Associate,14,10694,48,Married,1,Mortgage,426,0.30882166496420954,3,1,0.18617263993758976,0,Debt Consolidation,0,13,9,507,1573,289991,16738,4022.9166666666665,0.9182924827291644,6,273253,0.20719400000000002,0.1892916504900276,319.35227375695575,0.1852765879872288,1,36.800000000000004
2032-02-24,24,52010,590,Employed,Bachelor,0,20016,36,Single,0,Mortgage,220,0.461413157876717,2,2,0.29944363259770396,1,Auto,0,20,26,1325,6506,392217,27201,4334.166666666667,0.8605161809469097,6,365016,0.210016,0.2186719098484898,763.0455742766954,0.2268130530921043,0,59.0
2032-02-25,53,96928,591,Employed,High School,31,29459,96,Widowed,3,Mortgage,835,0.03861386644146759,4,1,0.14105730377043296,0,Debt Consolidation,0,19,28,22727,1537,435225,15139,8077.333333333333,0.8815734933482685,5,420086,0.268959,0.3227508,859.5857001008193,0.20979519232017407,0,42.0
2032-02-26,20,27351,542,Employed,Master,0,11209,60,Single,0,Mortgage,334,0.10252850265956047,3,3,0.18110693450834314,0,Auto,0,28,19,1266,274,10147,12323,2279.25,0.7811942290493786,3,3869,0.245209,0.27006209838192313,342.3120897340413,0.29672571667611775,0,51.0
2032-02-27,30,15000,563,Employed,Associate,7,19346,84,Single,0,Rent,485,0.21397880389129934,2,0,0.2737307117957631,0,Auto,0,23,8,2698,1336,87591,54410,1250.0,0.8266287418718294,9,33181,0.262846,0.28287797120331887,531.0634059382188,0.8128507247505751,0,55.0
2032-02-28,44,45117,575,Unemployed,Bachelor,23,29996,48,Single,2,Mortgage,298,0.15439492849307174,5,1,0.17447356839705594,0,Home,0,25,20,3476,2568,30161,15353,3759.75,0.9159297497564025,3,14808,0.237496,0.231188887344954,963.3708563491388,0.33549327916726873,0,53.0
2032-02-29,34,92188,555,Employed,Bachelor,10,24062,24,Married,4,Own,613,0.2509539037540505,5,1,0.4957148617170819,0,Debt Consolidation,0,24,12,2966,5375,306953,33741,7682.333333333333,0.7628443907785079,5,273212,0.22156199999999998,0.19617409018792373,1220.1622433975397,0.23862050289376574,1,39.2
2032-03-01,40,18129,555,Employed,High School,18,16537,60,Single,3,Own,524,0.14499266816541614,1,1,0.46802606288676907,0,Other,0,32,19,13837,3268,18923,27276,1510.75,0.7309614795044596,7,5835,0.244037,0.2725425577882185,507.4787776797586,0.6827594093528107,0,57.0
2032-03-02,31,91850,560,Employed,Bachelor,7,16723,36,Single,3,Own,938,0.2844862537394443,4,0,0.43204102708253306,0,Home,0,33,11,5619,4049,182543,10800,7654.166666666667,0.8479931012925167,6,171743,0.22172299999999998,0.2266029595683484,644.3855156958859,0.20673517896952237,1,40.800000000000004
2032-03-03,35,36042,584,Employed,Bachelor,11,16161,48,Married,3,Other,242,0.4416956054345053,1,0,0.35047184122131037,0,Home,0,24,13,42255,2995,97106,38951,3003.5,0.97304630821881,6,58155,0.21916100000000002,0.20700823722495373,497.8396848796925,0.24632584813707092,0,54.0
2032-03-04,45,39519,617,Employed,Bachelor,20,23871,36,Married,3,Own,722,0.49900602132102256,2,0,0.35013468420292154,0,Home,0,23,21,11543,3035,25789,219883,3293.25,0.7337189518571116,7,3789,0.20037100000000002,0.21089747848378518,900.4418822501844,0.49265676224100335,0,53.0
2032-03-05,43,52180,559,Employed,High School,21,8255,12,Widowed,2,Other,508,0.06073098730293414,3,1,0.20790109408114235,0,Education,0,30,4,5705,1562,172912,110627,4348.333333333333,0.9746673850054185,2,62285,0.193755,0.211081417454547,769.0827118151785,0.2936947593289027,0,52.0
2032-03-06,33,34269,479,Employed,Associate,11,7421,36,Single,3,Rent,691,0.10248295814336647,3,2,0.10331169386534991,0,Home,1,24,8,2372,2463,80541,26470,2855.75,0.7950044694733025,4,54071,0.252921,0.2023368,276.67533654916605,0.3388515579266974,0,55.0
2032-03-07,46,64206,608,Employed,Bachelor,21,23787,60,Married,3,Own,803,0.256088798110413,4,1,0.2660929686946515,0,Auto,0,17,22,3858,940,22264,25145,5350.5,0.9863247636965544,0,7144,0.22478700000000001,0.24098945114673118,685.6704096905456,0.2782301485264079,0,49.0
2032-03-08,36,67430,561,Employed,Associate,11,32217,72,Single,0,Mortgage,263,0.21216584438618274,4,0,0.1668525400230989,0,Debt Consolidation,0,21,9,3220,260,29417,13743,5619.166666666667,0.8346038579047418,7,15674,0.266717,0.32006039999999997,1011.2632989069645,0.22677086737184593,0,51.0
2032-03-09,37,44477,471,Employed,Associate,13,23805,36,Married,2,Mortgage,285,0.5012632159297437,1,1,0.5264955805297528,0,Auto,0,27,9,2975,2395,245060,15517,3706.4166666666665,0.5407348530985232,2,229543,0.273305,0.25739888472393146,955.8228403870788,0.3347769427939148,0,57.0
2032-03-10,35,29549,503,Employed,Master,12,26776,60,Single,1,Own,325,0.26669675681183724,2,1,0.2946893170790583,0,Home,1,21,25,1942,288,52827,61435,2462.4166666666665,0.8289320179804672,4,5660,0.28027599999999997,0.2674577997374992,813.5503457527564,0.4623711174331814,0,60.0
2032-03-11,47,128001,525,Employed,Bachelor,25,16720,36,Married,0,Mortgage,449,0.5347272263134931,5,0,0.30959757179075464,0,Auto,0,21,16,11072,2124,84526,28757,5398.583333333333,0.8181314413641602,6,55769,0.23922000000000002,0.287064,697.9957766720568,0.21246236389276016,0,51.0
2032-03-12,37,26319,561,Employed,High School,14,51625,120,Widowed,3,Rent,697,0.3638494253440699,4,1,0.12133989258490056,1,Auto,0,31,8,7263,4297,131984,9751,2193.25,0.5149170226850356,9,122233,0.326125,0.30482361346279413,1379.3562263239378,0.9467029414448593,0,61.0
2032-03-13,26,34457,528,Employed,Bachelor,4,15746,72,Divorced,0,Rent,521,0.1357764508495313,0,0,0.18566536189822186,0,Auto,0,19,7,1021,2290,85029,10914,2871.4166666666665,0.8366455053850694,5,74115,0.26674600000000004,0.258210455300112,432.12016427071285,0.3319337716936633,0,49.0
2032-03-14,44,30957,603,Employed,High School,22,44202,36,Married,1,Mortgage,441,0.36289732629438687,2,2,0.12561123506829233,0,Auto,0,24,15,1118,1092,88477,82626,2579.75,0.94422710370345,10,5851,0.227702,0.22118866476646817,1690.8137477095206,0.8263644724138077,0,48.0
2032-03-15,62,81690,630,Employed,Bachelor,40,15812,72,Married,1,Rent,482,0.4953654014961776,1,1,0.17142002793723427,0,Other,0,25,22,6165,671,16880,21300,6807.5,0.9511198593800172,5,8547,0.215812,0.22625000966657524,403.1814269502798,0.13003032345946086,0,47.0
2032-03-16,53,40268,641,Employed,Master,32,8412,72,Married,2,Mortgage,944,0.12333851136088755,5,1,0.5938724958281741,0,Debt Consolidation,0,25,22,244,1382,77066,36823,3355.6666666666665,0.7431536179249209,2,40243,0.202912,0.16768350433506873,186.04879841038706,0.33675835852102526,1,44.0
2032-03-17,20,39795,484,Employed,Bachelor,0,18668,60,Divorced,2,Own,378,0.5639263644441743,1,1,0.14428975182570397,0,Home,0,26,5,4495,1101,248425,73309,3316.25,0.800794070496672,2,175116,0.281668,0.2550652474760848,553.4879364042495,0.2808859212677722,0,50.0
2032-03-18,33,15000,612,Employed,Bachelor,9,20778,24,Married,1,Mortgage,897,0.25838324997326734,2,1,0.10521108148842384,0,Debt Consolidation,0,24,14,1921,689,133059,5506,1250.0,0.7303089167164374,7,127553,0.18977799999999997,0.1894468094979794,1046.8318860668808,1.5550655088535046,0,45.0
2032-03-19,31,63598,601,Self-Employed,Bachelor,9,26187,96,Divorced,3,Mortgage,142,0.6359209660314211,3,1,0.2822927983620901,0,Auto,0,22,17,4131,837,21448,40990,5299.833333333333,0.966716958379349,5,5794,0.260687,0.27673117194776864,680.11075582381,0.1551201149389245,0,54.0
2032-03-20,54,107201,641,Unemployed,High School,33,35230,48,Widowed,1,Rent,317,0.1029144713506653,2,1,0.13853174047647385,0,Education,0,22,6,23926,3904,53468,16724,8933.416666666666,0.7739143947865599,5,36744,0.20973,0.18002888708650966,1034.9344158228419,0.15133453036701247,1,40.0
2032-03-21,51,54270,618,Employed,Bachelor,24,21094,84,Married,1,Mortgage,157,0.21748603162555988,0,2,0.22985014342219692,0,Other,0,28,11,3273,670,71007,9374,4522.5,0.7128484248340587,4,61633,0.23709400000000003,0.2395155223166623,519.8656207995954,0.14966625114418913,0,47.0
2032-03-22,55,37484,612,Employed,Associate,29,27116,72,Divorced,3,Other,283,0.34566066548965146,1,1,0.1969751688027912,0,Other,0,21,13,5810,1722,114378,35041,3123.6666666666665,0.684021387035402,6,79337,0.236116,0.22523711146178071,689.7748041841775,0.31142081021796314,0,46.0
2032-03-23,47,36359,559,Employed,High School,28,32461,60,Married,0,Rent,598,0.6300828522263565,5,0,0.32698495421777457,0,Other,0,26,5,5929,601,61489,61337,3029.9166666666665,0.8219399169192303,3,8564,0.257961,0.26994736663718577,991.1051509368921,0.5244715699343411,0,59.0
2032-03-24,32,39410,565,Employed,Bachelor,7,19393,12,Married,0,Rent,641,0.3095028813757233,3,1,0.6753275040435928,0,Auto,0,35,24,6361,1967,102450,33742,3284.1666666666665,0.6362317115779025,4,68708,0.201893,0.2169901530742534,1812.267782619378,0.7469985635988972,0,57.0
2032-03-25,41,42107,586,Employed,Master,21,20736,60,Married,0,Mortgage,282,0.1435262289923378,3,2,0.17648175674537905,0,Education,0,20,22,1564,1118,85696,387299,3508.9166666666665,0.8067594505026995,2,4113,0.232736,0.27609566012424386,640.756960006156,0.2629748858877116,0,50.0
2032-03-26,30,55189,567,Employed,Bachelor,7,14077,12,Married,3,Own,283,0.11391894961468031,1,0,0.3415293011846622,0,Auto,0,15,17,584,1336,35506,117155,4599.083333333333,0.8809248432259622,7,2836,0.195577,0.18464925755514414,1293.6960442699265,0.34282832686294584,0,53.0
2032-03-27,55,52923,622,Employed,Bachelor,34,46346,12,Married,1,Mortgage,838,0.2818202061931751,4,0,0.23824056123086554,0,Home,0,35,8,1963,192,25541,10350,4410.25,0.8804439353281548,1,15191,0.20034600000000002,0.20851215900349618,4312.142215021436,1.1677665019038457,0,50.0
2032-03-28,46,65860,529,Employed,High School,23,49536,60,Single,1,Other,765,0.0909633235774218,2,1,0.2876383712398648,0,Other,0,24,20,3999,1113,55018,31460,5488.333333333333,0.8590033060442169,6,23558,0.290036,0.344337152138123,1740.129468463923,0.4564463046092785,0,51.0
2032-03-29,56,24633,525,Employed,High School,32,13521,60,Married,1,Mortgage,464,0.18459076378097694,1,0,0.1767775191124777,0,Debt Consolidation,0,23,8,10189,883,74607,18744,2052.75,0.817009861890944,5,55863,0.256021,0.27308791078800077,415.3672386896768,0.42838496587001673,0,50.0
2032-03-30,32,115869,572,Employed,Master,9,11757,60,Single,5,Own,481,0.6901067278608335,4,0,0.4305597769876574,0,Education,0,26,16,3549,377,30030,15576,9655.75,0.627669032861777,6,14454,0.230757,0.23595887076365304,335.4728588619012,0.08455820198968503,1,45.6
2032-03-31,37,38535,616,Employed,Bachelor,13,28195,60,Divorced,1,Own,836,0.21613828912310737,3,0,0.16199636354184366,0,Home,0,27,19,2096,445,125672,10403,3211.25,0.6548698978420435,4,115269,0.22519500000000003,0.22743795387809465,790.6855405523041,0.5065583621805541,0,44.0
2032-04-01,26,31867,596,Self-Employed,High School,5,43585,48,Married,1,Mortgage,502,0.25875061302161706,0,3,0.408396289225889,0,Education,0,31,15,727,185,79648,28684,2655.5833333333335,0.9744588033894642,4,50964,0.24058500000000002,0.21888049848934002,1370.54479844396,0.7051350168301854,0,58.0
2032-04-02,39,29835,634,Employed,Bachelor,18,13005,48,Divorced,5,Rent,321,0.14809297251530443,3,1,0.32073181380811466,0,Auto,0,24,22,7711,1215,63912,40132,2486.25,0.8398577783073052,4,23780,0.191005,0.17080673921325842,375.80284601611544,0.2802625826108056,1,41.6
2032-04-03,23,57886,619,Employed,Master,0,32061,24,Divorced,1,Own,192,0.09034570815258108,6,4,0.2122351835785199,0,Debt Consolidation,0,27,24,27260,526,167262,62938,4823.833333333333,0.7982832454707988,5,104324,0.19756100000000001,0.22679593265697043,1674.0448654335598,0.3868385859310147,0,44.0
2032-04-04,30,30569,592,Employed,High School,8,32179,60,Married,5,Rent,570,0.15946289355956741,6,0,0.2827454875354749,0,Education,0,15,24,2989,4217,80865,45103,2547.4166666666665,0.8992914117074762,4,35762,0.24117899999999998,0.24452391745938437,934.1933819404338,0.5904779542440122,0,52.0
2032-04-05,49,65969,617,Employed,High School,25,23716,120,Married,3,Rent,485,0.23658332043674538,1,1,0.4095388106299562,0,Auto,0,24,28,4316,5716,22538,29354,5497.416666666667,0.6354647684627766,3,5843,0.270216,0.2850876295509147,599.2341204403549,0.19722611295129922,0,53.0
2032-04-06,37,25847,571,Self-Employed,Associate,11,19952,24,Single,2,Own,700,0.17377374045264204,6,1,0.30916242684166423,0,Other,0,18,14,1615,1582,130628,24262,2153.9166666666665,0.8819443172865803,6,106366,0.209452,0.23657547207233495,1051.4769948517928,0.8131591263288396,0,54.0
2032-04-07,51,77522,648,Employed,Bachelor,29,15956,36,Widowed,4,Rent,743,0.2014313283717874,4,2,0.32536490280818264,0,Home,0,32,21,844,2132,27204,6511,6460.166666666667,0.8643506918081426,5,20693,0.176956,0.16216078242799223,562.6692639559005,0.2021107707163232,1,40.800000000000004
2032-04-08,54,81275,667,Employed,Bachelor,28,49723,12,Divorced,1,Mortgage,551,0.33639874479213433,0,0,0.36575266038464865,0,Auto,0,13,18,720,570,32206,18286,6772.916666666667,0.4470569044472922,4,13920,0.18122300000000002,0.18112906404327986,4561.27651283156,0.7548116659978925,0,47.0
2032-04-09,57,64779,615,Employed,Bachelor,37,21100,24,Married,0,Own,126,0.5056108215656344,4,3,0.13939178937858793,0,Debt Consolidation,1,34,24,14377,1374,176406,109550,5398.25,0.7322072256583774,9,66856,0.1886,0.20387043330601626,1077.8951817337338,0.2230158258201702,1,41.6
2032-04-10,27,33539,546,Employed,Associate,2,51904,48,Married,3,Own,379,0.25030486735095303,5,0,0.025626933890436757,0,Debt Consolidation,0,14,13,7601,6067,33081,8618,2794.9166666666665,0.7618026969763273,6,24463,0.273904,0.31014042546075293,1899.5909797264574,0.8152625825670858,0,51.0
2032-04-11,42,53916,611,Employed,Master,16,29007,48,Married,0,Mortgage,775,0.3507168022366523,4,2,0.08245902927512976,0,Auto,0,25,16,3705,686,122737,46819,4493.0,0.8984758806194821,9,75918,0.218507,0.2446007230765426,953.0743180300378,0.38461480481416377,0,45.0
2032-04-12,23,54176,571,Employed,High School,0,27089,60,Married,0,Other,751,0.31812719631609443,5,0,0.1086193821758483,0,Education,1,17,13,8731,2392,320644,4775,4514.666666666667,0.8321660963218345,4,315869,0.246589,0.22498055782441986,755.8598671032636,0.33376990558991365,0,50.0
2032-04-13,32,50622,612,Employed,Associate,8,37768,60,Divorced,2,Rent,532,0.0970851687271541,2,2,0.1219603839391084,0,Debt Consolidation,0,21,12,2326,328,55723,22699,4218.5,0.7719507719550203,7,33024,0.23676799999999998,0.19077783431097917,981.3398949960451,0.35873886333911226,0,46.0
2032-04-14,49,93996,586,Employed,High School,24,52145,24,Single,2,Own,706,0.3445572623759571,4,0,0.10401558057283987,0,Auto,0,22,24,16544,873,128495,45407,7833.0,0.6474655404281827,5,83088,0.234145,0.20702174614825952,2671.8828775314632,0.43123744127811353,0,47.0
2032-04-15,36,43629,514,Employed,Bachelor,11,14416,60,Married,3,Own,883,0.27586229357144293,3,1,0.15850307173554498,0,Education,0,27,27,3823,1840,38511,424127,3635.75,0.7712117689206498,6,9314,0.26241600000000004,0.23636337430375884,411.68160972296243,0.35609753413269957,0,51.0
2032-04-16,20,118765,495,Employed,Associate,0,36730,36,Married,0,Own,176,0.1045792323523028,5,1,0.0730756272587639,0,Home,1,21,28,5859,2609,49408,5129,9897.083333333334,0.8535656979133486,1,44279,0.27423,0.2911457781458531,1541.4872286676866,0.17353468398949387,0,54.0
2032-04-17,34,73849,441,Employed,Master,12,9619,48,Single,2,Mortgage,504,0.17734129327676543,1,2,0.4370133275550516,0,Other,0,14,28,428,4251,86522,22596,6154.083333333333,0.8209928684423707,3,63926,0.28411899999999995,0.27869634771476565,334.5256537917533,0.13625516723992254,1,42.400000000000006
2032-04-18,23,48330,535,Employed,High School,0,84696,84,Single,0,Mortgage,397,0.04616664611981853,2,1,0.3411739524491881,0,Debt Consolidation,0,18,29,9645,845,111877,175529,4027.5,0.7905585874471315,4,5450,0.342196,0.38948859647224054,2950.6912875956655,0.8312082650765154,0,54.0
2032-04-19,64,86789,599,Employed,Bachelor,37,18518,48,Single,0,Mortgage,283,0.40364355970171945,0,0,0.15847215570241963,0,Auto,1,14,14,1574,2341,375699,76129,7232.416666666667,0.6351491306670485,5,299570,0.214018,0.20625361479697238,569.6978455670841,0.11789943595161839,1,40.0
2032-04-20,43,106749,557,Employed,Master,21,40579,72,Married,2,Own,419,0.0885786052863708,3,0,0.245839262203044,0,Auto,0,18,8,1151,806,56424,10927,8895.75,0.9705049177557532,4,45497,0.27707899999999996,0.23157091759574547,1047.6485666340664,0.16487070417155006,1,40.800000000000004
2032-04-21,40,84598,484,Employed,High School,20,21776,48,Married,2,Rent,1326,0.21623431710129293,1,1,0.2016900429450859,0,Education,1,21,13,4854,99,340821,41442,7049.833333333333,0.81264945054957,7,299379,0.27477599999999996,0.32973119999999995,822.1654906455387,0.3047115284964948,0,51.0
2032-04-22,36,50604,568,Employed,High School,15,20630,48,Married,4,Rent,290,0.15595882416870405,0,1,0.3595309086232939,0,Home,0,28,3,6377,3388,158515,26220,4217.0,0.8644266811189588,6,132295,0.23163,0.23690920734954896,669.0556813434603,0.22742605675680821,0,52.0
2032-04-23,26,66687,509,Employed,Master,2,8285,60,Married,2,Rent,230,0.16985693320198214,6,1,0.5208516872775751,0,Debt Consolidation,0,25,5,635,786,6119,15423,5557.25,0.965423023074415,9,9497,0.258785,0.2883703341952865,262.1600068023005,0.08856178987850115,0,59.0
2032-04-24,45,134800,616,Employed,Associate,26,46132,48,Married,1,Mortgage,603,0.4129691740209688,7,0,0.48924800551527364,0,Education,0,24,16,2974,1374,204132,9615,11233.333333333334,0.7027972740747517,5,194517,0.23313200000000003,0.2712061086914662,1584.6711353639237,0.19474817228758964,1,38.400000000000006
2032-04-25,48,300000,619,Employed,High School,29,5554,48,Single,3,Mortgage,680,0.2811354148465831,2,2,0.1429653307881254,0,Other,1,28,7,1587,4423,20046,3755,25000.0,0.8671062940774767,8,16291,0.19105400000000003,0.21035370510433934,172.0891496320183,0.03408356598528073,1,41.6
2032-04-26,45,20392,552,Employed,High School,26,13514,60,Married,3,Own,516,0.3374986644305428,3,1,0.3822588792380989,0,Home,0,26,5,2189,507,13657,21747,1699.3333333333333,0.8901127599018541,5,10113,0.242514,0.2317852674344588,382.3534422412812,0.5286505152459482,0,58.0
2032-04-27,30,39552,535,Employed,High School,5,23447,72,Married,3,Rent,669,0.22148281422555774,4,0,0.1939435051787684,0,Debt Consolidation,0,13,7,2344,540,61286,20026,3296.0,0.8858347411763163,9,41260,0.270947,0.26467702136989435,652.8755731411828,0.4010544821423492,0,52.0
2032-04-28,33,126526,570,Employed,Master,9,26321,48,Single,2,Mortgage,448,0.49631939461879926,3,2,0.10964264368961747,0,Auto,0,22,12,2397,1709,35773,77259,10543.833333333334,0.7260376034803836,4,9052,0.23632100000000003,0.2155866342131009,822.9778388105245,0.12054229222235979,1,39.2
2032-04-29,37,140928,512,Employed,Bachelor,14,25096,36,Single,0,Mortgage,389,0.19273552246946762,2,0,0.11051694440881028,0,Education,0,26,8,4112,624,173024,11493,11744.0,0.7934709486634658,1,161531,0.254096,0.26519272597229576,1018.0882023822182,0.11981336873145591,1,35.2
2032-04-30,29,25141,544,Employed,Bachelor,8,22170,36,Married,2,Own,343,0.3334266683454251,7,2,0.7263663717824974,0,Debt Consolidation,0,23,26,1023,371,121257,20958,2095.0833333333335,0.6281683541924166,6,100299,0.23517,0.2441293574012633,874.606370779586,0.5811732408955503,0,56.0
2032-05-01,56,84392,580,Employed,Associate,33,48284,24,Married,4,Rent,350,0.055031455744833015,5,3,0.2646685219172748,0,Debt Consolidation,0,21,16,1324,574,24497,11887,7032.666666666667,0.765498139618022,8,12610,0.233284,0.2188162930793217,2502.063280274358,0.4055450678179483,0,50.0
2032-05-02,46,55472,558,Employed,Bachelor,20,52243,48,Married,3,Mortgage,180,0.3635870723439786,2,1,0.09206187293015781,0,Auto,0,20,28,8509,525,47625,5161,4622.666666666667,0.9162204844394942,5,42464,0.26824299999999995,0.2628390624558432,1769.848103831823,0.42180158000399975,0,50.0
2032-05-03,41,113491,570,Employed,Master,18,24165,24,Widowed,2,Other,561,0.25465779801747845,3,3,0.45692862270569046,0,Education,0,24,22,2420,1398,7859,34187,9457.583333333334,0.8008325526288474,4,8454,0.214165,0.22707393764451655,1262.0931985222117,0.19276522704237814,1,44.0
2032-05-04,18,92589,553,Employed,Master,0,15058,36,Single,3,Own,319,0.12636172456525713,2,1,0.44429152408878103,0,Debt Consolidation,1,10,19,977,504,39191,16880,7715.75,0.85097434774209,10,22311,0.22355799999999998,0.22701975299132027,580.5545915407587,0.11658679863146923,1,48.0
2032-05-05,18,105550,579,Employed,Master,0,17334,60,Widowed,0,Rent,844,0.6611745814431894,1,0,0.18530471467443857,0,Home,0,35,1,1318,846,67525,5413,8795.833333333334,0.9225141779323145,4,62112,0.23283399999999999,0.2491745613654237,507.93734546335446,0.15370201938001185,1,42.400000000000006
2032-05-06,41,40154,616,Employed,Associate,17,13869,24,Single,0,Rent,601,0.3203677648580707,3,4,0.3623677935445993,0,Home,0,21,22,4448,733,316897,12559,3346.1666666666665,0.8100314010496398,0,304338,0.180869,0.17363392003536962,688.1388663008837,0.3852584149925439,1,36.800000000000004
2032-05-07,26,85233,578,Unemployed,Bachelor,3,29938,60,Single,3,Rent,955,0.14973159314820342,4,0,0.10434204141186543,0,Debt Consolidation,0,28,14,5331,3996,73762,70693,7102.75,0.7837928887380354,4,3069,0.245938,0.26733179859461303,909.398272697884,0.2624896374922226,0,51.0
2032-05-08,39,73583,494,Employed,Master,16,8252,36,Single,4,Other,364,0.34412371837487665,3,0,0.6351433564455209,0,Debt Consolidation,0,25,28,1818,532,510938,21911,6131.916666666667,0.5938087884722769,4,489027,0.246252,0.2955024,348.2806932263777,0.1161595520530086,1,41.6
2032-05-09,38,66916,551,Employed,High School,15,14275,60,Married,0,Mortgage,336,0.624997913784191,4,0,0.0757254216007978,0,Debt Consolidation,0,21,28,8681,2760,67640,16415,5576.333333333333,0.5548434366704299,9,51225,0.24377500000000002,0.23187279902969568,403.95644378795015,0.1326958773007263,1,40.0
2032-05-10,54,54629,661,Employed,Bachelor,29,8454,60,Divorced,5,Own,268,0.03951171079621732,4,0,0.025292114417208068,0,Home,0,20,18,1982,603,75489,124314,4552.416666666667,0.8912197535133263,3,7679,0.182954,0.2068485539373191,227.2129588271442,0.10878023588068114,1,34.4
2032-05-11,52,33967,593,Employed,Associate,31,16756,48,Married,0,Rent,433,0.29850197686530444,2,1,0.3180701055953316,0,Debt Consolidation,0,25,13,5236,7867,13103,13328,2830.5833333333335,0.8442424736034629,2,2121,0.215256,0.21111930339215912,519.8704816894247,0.3366339617944798,0,55.0
2032-05-12,46,187026,646,Employed,Master,23,25797,108,Single,4,Mortgage,301,0.17107410865049963,2,1,0.4204128133617257,0,Home,0,36,21,1836,495,89580,47295,15585.5,0.7964617412880198,8,42285,0.24779700000000002,0.2660672897192878,631.0621253067891,0.059803158404080015,1,40.0
2032-05-13,61,58962,624,Self-Employed,High School,40,12843,84,Divorced,0,Own,349,0.39872505345217496,5,0,0.16843460556698153,0,Other,0,27,14,430,2281,64900,6134,4913.5,0.5847794772263637,3,58766,0.22584300000000002,0.2476999332630645,323.19104738389217,0.13680493484967787,0,48.0
2032-05-14,33,128271,623,Employed,Master,11,14616,84,Married,0,Rent,265,0.396770027662502,5,0,0.22851712838439567,0,Home,0,28,18,1418,1095,8375,19075,10689.25,0.8968719553956951,2,1195,0.228116,0.2488791156481929,368.90804450584375,0.05930332291843148,1,37.6
2032-05-15,49,16151,488,Employed,Bachelor,24,39921,48,Single,0,Own,377,0.4356250932493365,2,0,0.5053010003860556,0,Home,0,24,17,2325,1387,453616,49764,1345.9166666666667,0.846588791478687,4,403852,0.290921,0.32027915528424744,1484.860369767916,1.3833400060191312,0,55.0
2032-05-16,26,31467,578,Employed,High School,4,34030,36,Married,0,Mortgage,154,0.13574868221411904,0,1,0.2900974042409496,0,Auto,0,24,20,1772,528,46457,41476,2622.25,0.7849078929848139,3,4981,0.23003,0.2583637246526659,1368.125354657771,0.5804653845582118,0,52.0
2032-05-17,42,47942,603,Employed,Bachelor,20,9123,48,Married,0,Mortgage,376,0.2982040295516636,1,0,0.14930135823919394,0,Home,0,25,11,2176,754,206352,12294,3995.1666666666665,0.927701720105248,5,194058,0.202623,0.21290629444631898,283.92807943126195,0.1651816143084382,1,35.2
2032-05-18,35,77801,594,Unemployed,Associate,17,59684,72,Married,0,Mortgage,134,0.29336058480252847,2,0,0.22637525492710542,0,Home,0,26,25,1374,479,31021,20049,6483.416666666667,0.9136123035435706,4,10972,0.277684,0.2565011402313636,1631.6095931397522,0.2723270281574405,0,55.0
2032-05-19,52,131170,523,Employed,Associate,28,22445,60,Single,2,Mortgage,344,0.005208871143918063,4,0,0.21352602487271197,0,Education,0,16,22,1736,1600,99632,154967,10930.833333333334,0.9545708705977362,6,7866,0.265945,0.26109821271310985,673.4738854607799,0.09308292006959944,1,39.2
2032-05-20,32,63246,553,Employed,Bachelor,9,11935,60,Divorced,1,Mortgage,240,0.4230249632057789,0,0,0.6109660073111317,0,Auto,0,31,13,3035,861,4505,81801,5270.5,0.8400910259906053,9,8150,0.240435,0.23580253581427502,340.4440402266798,0.11013073526737119,1,47.2
2032-05-21,29,25986,575,Employed,Bachelor,6,16155,60,Married,5,Own,324,0.12420024363719914,1,0,0.32431091430317344,0,Debt Consolidation,0,21,11,4088,1234,72106,24256,2165.5,0.897383200869779,3,47850,0.233655,0.2432851382186885,467.8320602513692,0.3656578435702467,0,55.0
2032-05-22,23,23243,590,Employed,Associate,0,12697,108,Married,3,Rent,677,0.04443253978677209,4,2,0.27160793786625254,0,Home,0,28,23,389,3946,103548,20451,1936.9166666666667,0.9008895297899592,6,83097,0.26269699999999996,0.2293037794754009,278.7083999892389,0.4934174073859169,0,51.0
2032-05-23,58,46337,514,Employed,High School,34,15340,60,Married,1,Own,380,0.4942892777082917,6,2,0.5416831734377372,0,Auto,0,13,22,382,713,424961,14960,3861.4166666666665,0.7673633736028775,3,410001,0.26334,0.281965103758491,479.4437155788324,0.22257212566514856,0,54.0
2032-05-24,47,77396,563,Employed,Bachelor,25,12414,36,Single,1,Mortgage,143,0.22481445324105542,7,0,0.48420338624601184,0,Auto,0,24,20,1038,1878,412470,12472,6449.666666666667,0.86990125547649,5,399998,0.215914,0.21710128819114738,472.2367185768558,0.09539046750377628,1,40.0
2032-05-25,44,42318,556,Employed,High School,21,23671,60,Married,0,Own,342,0.22974996800401443,2,1,0.5588686059067728,0,Education,0,28,21,1282,1789,25752,4662,3526.5,0.6412568062189368,4,21090,0.250671,0.2731744284986417,727.2995940198932,0.30321837346374403,0,59.0
2032-05-26,29,79612,449,Unemployed,Associate,6,14476,60,Married,0,Mortgage,355,0.12840899659549337,4,1,0.18150079962116458,0,Auto,0,19,11,1896,1077,133261,61268,6634.333333333333,0.8017835447135286,8,71993,0.294976,0.31504951473107956,481.8171073361569,0.12613431754049492,0,50.0
2032-05-27,41,22493,515,Employed,High School,17,20031,48,Married,1,Own,275,0.14501234380191114,2,0,0.3116513158830459,0,Auto,0,28,20,5664,407,113583,50722,1874.4166666666667,0.9648568220571891,1,62861,0.257531,0.2170263929181154,627.8689692789837,0.48167997294037274,0,53.0
2032-05-28,29,40415,610,Employed,Doctorate,9,15123,72,Married,0,Mortgage,452,0.13755442312533595,1,0,0.11129506593175005,0,Education,0,27,21,852,3225,82576,122065,3367.9166666666665,0.7977867703936973,2,10565,0.225123,0.21636974051563085,376.730514136113,0.24606621723700003,0,47.0
2032-05-29,21,20212,521,Employed,Associate,1,21153,120,Married,4,Rent,731,0.08095091430215512,4,0,0.13549772916802022,0,Debt Consolidation,0,15,12,19942,1844,109135,116507,1684.3333333333333,0.7364578249531853,4,4542,0.315653,0.3051773594615432,565.7369226218244,0.7698814106205172,0,51.0
2032-05-30,37,59057,503,Employed,Bachelor,14,8352,36,Married,5,Mortgage,427,0.3807971627889219,1,1,0.45062338549649217,0,Auto,0,22,2,9745,2219,19789,11487,4921.416666666667,0.9498277647609746,5,8302,0.24185199999999998,0.2807595557435363,345.8115016259446,0.1570302930983852,0,60.0
2032-05-31,70,65202,618,Employed,High School,49,22467,12,Married,2,Mortgage,247,0.16892203035709466,4,1,0.14352632363900034,0,Debt Consolidation,0,27,29,9515,206,108852,28571,5433.5,0.8730004934096465,7,80281,0.17846700000000004,0.1524830241582829,2030.4668203690383,0.4191528150122459,1,35.2
2032-06-01,39,66107,625,Employed,Bachelor,19,25466,48,Single,0,Own,558,0.4847325404744822,4,0,0.13417921923945683,0,Education,0,19,13,6063,2439,75430,25130,5508.916666666667,0.6573129782589064,2,50300,0.207966,0.21857133409266966,800.3598985056631,0.24657477698379832,0,46.0
2032-06-02,44,128274,553,Employed,Associate,23,21003,48,Divorced,2,Mortgage,400,0.22633806242472349,1,1,0.47307770296016416,0,Home,0,32,25,9639,3180,264754,9546,10689.5,0.9146501054413984,5,255208,0.239503,0.22923456531687295,672.296558391575,0.10031306968441694,1,38.400000000000006
2032-06-03,43,33319,625,Employed,Associate,20,30969,48,Married,1,Own,451,0.12377958066989372,1,0,0.2198165294839109,0,Home,1,26,29,652,2887,17300,19512,2776.5833333333335,0.5957938560832866,3,9817,0.21346900000000002,0.19714407943980708,937.692020146164,0.5001441892539982,0,55.0
2032-06-04,39,37786,553,Employed,Associate,17,18918,12,Married,4,Rent,250,0.24498377626506626,5,1,0.6305937184003114,0,Debt Consolidation,0,22,12,3470,2953,31681,31158,3148.8333333333335,0.8250409937311047,7,1946,0.207418,0.22886821662885157,1778.7026910302222,0.6442712192971647,0,59.0
2032-06-05,18,53003,610,Self-Employed,Bachelor,0,12729,84,Married,2,Own,478,0.3073493925111357,2,0,0.26679070946542605,0,Home,0,21,1,2905,1927,70503,101916,4416.916666666667,0.8392399885998119,9,5585,0.232729,0.26642346460007743,335.67742204130474,0.1842184228156077,0,56.0
2032-06-06,52,37149,640,Employed,High School,33,19647,36,Single,3,Mortgage,1304,0.055127466354273354,3,1,0.2603130856323168,0,Debt Consolidation,1,25,24,397,364,43184,405682,3095.75,0.9028484007025501,5,3156,0.184647,0.17030281472755132,700.7652656998908,0.6475862927238604,0,55.0
2032-06-07,42,182409,630,Employed,Bachelor,22,19000,48,Married,3,Rent,90,0.3805572328793807,3,1,0.24409941584569356,0,Education,0,12,3,2623,883,29423,76412,15200.75,0.48609626965308805,6,7164,0.199,0.2166911357935138,595.2076006173041,0.045077223203940864,1,40.0
2032-06-08,43,179110,648,Self-Employed,Master,21,8190,48,Divorced,0,Other,698,0.2375125370257098,1,0,0.3997462983060424,0,Home,1,29,27,3521,3884,102410,31838,14925.833333333334,0.8845952998691293,5,70572,0.17919000000000002,0.14497138724987152,225.85161697569427,0.06189614987275043,1,44.800000000000004
2032-06-09,30,78390,591,Unemployed,Bachelor,5,26946,84,Single,3,Rent,238,0.032695834438580235,3,1,0.09869982785569034,0,Home,0,19,11,2548,208,29136,97437,6532.5,0.5713926005055797,3,6987,0.256446,0.2719897523782243,720.3830041179709,0.14670998914932581,0,52.0
2032-06-10,30,15000,503,Employed,High School,5,25768,36,Married,2,Mortgage,465,0.6613206001712264,0,0,0.6098923789910412,0,Auto,0,26,15,2572,1703,115307,10130,1250.0,0.9794627225621435,2,105177,0.25926799999999994,0.2897250503066482,1079.4411044009908,1.2355528835207925,0,58.0
2032-06-11,44,29586,589,Self-Employed,High School,19,20321,36,Married,4,Mortgage,850,0.22191199503073572,4,1,0.11654164140668923,0,Debt Consolidation,0,30,23,1901,386,73779,8643,2465.5,0.7075692752199005,4,65136,0.210821,0.181143121215665,735.8186540595526,0.6432036723015828,0,53.0
2032-06-12,57,33007,623,Employed,Associate,32,17246,60,Widowed,0,Own,345,0.42037252641686296,2,0,0.16212874452728807,0,Auto,0,21,9,9391,1127,35923,81391,2750.5833333333335,0.8583905238120485,5,7299,0.21074600000000004,0.2191868570993295,475.5187712707723,0.2983071849986144,0,50.0
2032-06-13,37,83953,567,Employed,Bachelor,15,27318,60,Widowed,1,Mortgage,1309,0.09066978065716585,4,0,0.32018177724651736,0,Home,0,27,28,2239,1370,70608,36992,6996.083333333333,0.7708281070466217,4,33616,0.24881799999999998,0.23129154814787772,772.1357585560472,0.2974715507804673,1,41.6
2032-06-14,43,42434,592,Employed,Bachelor,20,21163,36,Widowed,1,Mortgage,853,0.11018948210611544,2,1,0.38239161619080475,0,Home,0,26,11,4817,109,27673,21264,3536.1666666666665,0.5909405570849147,6,6409,0.21016300000000002,0.2387911415668259,828.9422002845507,0.47563996803069736,0,54.0
2032-06-15,41,20992,578,Employed,High School,19,47599,36,Married,1,Rent,781,0.5494390001675098,4,1,0.28080941983731617,0,Debt Consolidation,0,26,16,2342,485,81281,13466,1749.3333333333333,0.9764663162704454,5,67815,0.243599,0.2507291152194834,1894.3639487874261,1.5293620134074464,0,53.0
2032-06-16,23,70696,443,Employed,Bachelor,0,14978,60,Married,1,Other,309,0.15397573621715113,2,0,0.06843704641999558,0,Auto,0,28,6,1217,225,25914,3243,5891.333333333333,0.8145914837214722,5,22671,0.29847799999999997,0.2812659987078431,467.4969441349527,0.131803260858032,0,51.0
2032-06-17,49,29828,535,Employed,High School,28,26659,60,Married,0,Rent,146,0.1759386241450314,3,0,0.20017230362206076,0,Debt Consolidation,0,25,24,1834,2502,149330,145779,2485.6666666666665,0.9220828923380838,5,3551,0.264159,0.2265703087480396,746.2859565113856,0.3589724915561428,0,53.0
2032-06-18,33,36909,611,Employed,Associate,9,9517,36,Married,2,Other,428,0.039113061982591915,5,0,0.2510794415181978,0,Other,1,36,19,7565,1659,95493,46690,3075.75,0.9379971427491997,5,48803,0.189017,0.16618104599806025,337.5009350903273,0.24888269043008285,0,55.0
2032-06-19,72,44725,652,Self-Employed,Associate,48,14572,60,Married,1,Mortgage,336,0.1959862855458731,3,1,0.5003136444677158,0,Debt Consolidation,0,33,10,9963,5878,15841,42674,3727.0833333333335,0.8946011476134761,2,1833,0.19357200000000002,0.2103241053820362,394.4872787365284,0.19599435091868844,0,55.0
2032-06-20,27,15203,605,Employed,Bachelor,0,10681,36,Married,0,Own,794,0.17326016285946505,2,1,0.047510562940099955,0,Auto,1,24,9,1345,393,73773,2555,1266.9166666666667,0.731777494000268,5,71218,0.193181,0.17737484320794,384.7386043757338,0.9303994772419131,0,53.0
2032-06-21,49,140297,530,Employed,Bachelor,25,13045,36,Married,2,Mortgage,933,0.16876984506278167,3,0,0.4681847663347513,0,Debt Consolidation,0,30,29,731,746,85395,71872,11691.416666666666,0.9541378462006139,9,13523,0.233045,0.24849699421955215,517.6305176880345,0.12407653914379078,1,42.400000000000006
2032-06-22,35,25216,625,Employed,Bachelor,12,62103,60,Married,2,Own,507,0.13471805133505796,3,1,0.23435000952597812,0,Auto,0,19,24,3109,2189,75761,17932,2101.3333333333335,0.9551518998975582,7,57829,0.254603,0.24418172769701643,1801.682621431306,1.098675105376573,0,48.0
2032-06-23,25,30577,527,Employed,Associate,3,33896,72,Divorced,1,Own,406,0.43982671953683916,3,0,0.3841692916965935,0,Auto,0,20,29,6622,538,42552,12100,2548.0833333333335,0.8111499360880949,2,30452,0.285396,0.24573045907963156,904.2023800256011,0.5141913385978746,0,56.0
2032-06-24,39,42119,563,Unemployed,Bachelor,13,13711,72,Single,0,Rent,459,0.5272902252821057,4,0,0.4714055952857752,0,Auto,0,24,17,1232,1439,99704,5126,3509.9166666666665,0.8704184650504715,8,94578,0.247211,0.23855459840968576,359.76507382752453,0.23327194107007038,0,59.0
2032-06-25,33,29215,433,Unemployed,Bachelor,6,17518,48,Married,0,Rent,460,0.1122092404115805,3,0,0.057442351101484504,0,Other,0,28,14,7368,325,63597,164888,2434.5833333333335,0.6621696640560683,4,4748,0.29601799999999995,0.29686681540574417,627.5646988521356,0.44671491994611084,0,54.0
2032-06-26,43,15000,570,Employed,Bachelor,20,23315,36,Single,3,Rent,553,0.2061195479041544,1,0,0.311632811678433,0,Home,0,23,26,7460,1021,34891,15353,1250.0,0.8594646867168656,11,19538,0.223315,0.20046193861957753,867.017808892314,1.1360142471138512,0,56.0
2032-06-27,47,30178,602,Employed,High School,25,38686,36,Divorced,3,Rent,536,0.3724009857955015,1,0,0.03383203725529808,0,Other,0,22,23,2967,717,131248,32497,2514.8333333333335,0.9237358254092553,5,98751,0.222686,0.22375009912837435,1484.951666072074,0.8036125652085919,0,46.0
2032-06-28,56,108011,550,Employed,Master,36,7095,24,Married,2,Mortgage,977,0.430018951345494,3,2,0.03254780943843741,0,Auto,0,24,17,2731,12358,469425,14233,9000.916666666666,0.5429726006712685,5,455192,0.20709499999999997,0.21723263193406683,367.1066196952043,0.14932997043210833,1,35.2
2032-06-29,63,134045,527,Unemployed,High School,38,13845,60,Single,0,Mortgage,228,0.14901351491884185,2,1,0.128288473077676,1,Debt Consolidation,0,21,4,3026,954,85156,113519,11170.416666666666,0.8588928027577108,8,6428,0.255345,0.30641399999999996,453.40262019760996,0.061000644875760526,0,65.0
2032-06-30,29,23895,614,Employed,Master,6,20275,48,Single,1,Rent,247,0.30174030461356266,0,0,0.4670202571484107,0,Debt Consolidation,0,19,24,1685,4001,512163,47469,1991.25,0.9294481890530457,5,464694,0.20827500000000002,0.19564196584886157,612.2776765581334,0.43152676788857924,1,39.2
2032-07-01,38,45755,605,Unemployed,Bachelor,15,11556,24,Widowed,5,Mortgage,313,0.4938719169130047,1,0,0.47224488571693335,0,Home,0,20,1,3496,202,24140,47054,3812.9166666666665,0.9389988113900901,2,2661,0.184056,0.17510038214358223,574.190886114698,0.23268037664465907,0,62.0
2032-07-02,56,41063,643,Employed,Master,34,27465,48,Divorced,0,Rent,351,0.23879460776754355,5,0,0.251216856315419,0,Home,1,24,14,3447,361,103929,72747,3421.9166666666665,0.9547540034326638,4,31182,0.200965,0.18621636387048274,815.733232964159,0.34095898486642257,0,56.0
2032-07-03,39,67389,520,Employed,High School,15,23964,60,Married,0,Rent,871,0.538167315310802,2,0,0.20866658120318984,0,Auto,0,18,5,1612,1211,39325,18473,5615.75,0.6574810984761722,5,20852,0.268964,0.25476775233788823,710.0891747893305,0.2815455059055924,0,55.0
2032-07-04,36,32735,609,Employed,Associate,15,27246,60,Married,0,Other,565,0.24843708855070085,3,0,0.24016998977177267,0,Auto,0,28,24,2909,343,68721,31752,2727.9166666666665,0.8287853840985712,5,36969,0.227746,0.21887665280711832,750.7657123918459,0.48233354356811214,0,50.0
2032-07-05,47,108629,505,Employed,Bachelor,26,8763,48,Single,1,Own,399,0.3134501781722131,1,1,0.3775398655616996,0,Auto,0,19,3,1662,540,35735,21413,9052.416666666666,0.7069263680041634,4,14322,0.25126299999999996,0.2584272202357841,294.68988491140874,0.0766303530266955,1,44.800000000000004
2032-07-06,39,86132,607,Employed,Master,16,16209,84,Single,1,Own,436,0.6213538426240003,3,1,0.13492401394077796,0,Debt Consolidation,0,16,24,2155,946,130173,19337,7177.666666666667,0.6335976270444978,3,110836,0.237709,0.2451024353859918,405.2144160889635,0.11719886909705524,1,35.2
2032-07-07,53,26748,568,Employed,High School,29,24772,60,Married,0,Own,965,0.4894974233974221,2,0,0.5313294407378114,0,Home,0,27,16,3273,1397,77363,14655,2229.0,0.7215725616213484,6,62708,0.245772,0.2602221444448236,742.0111229287323,0.7658192565853442,0,59.0
2032-07-08,32,27908,531,Unemployed,High School,11,26461,36,Single,3,Rent,431,0.26805109697726803,0,0,0.4539947552065555,0,Auto,0,25,16,13065,2930,294969,61627,2325.6666666666665,0.7298874622863558,4,233342,0.245961,0.2656555160690483,1074.118034763601,0.6471770251240939,0,57.0
2032-07-09,63,32929,591,Employed,Bachelor,43,23769,12,Single,0,Own,367,0.1061690387776335,4,0,0.098623339782703,0,Debt Consolidation,0,31,21,1967,3101,41272,7220,2744.0833333333335,0.8246545490024713,8,34052,0.19326900000000002,0.18198372694270945,2181.3863693032877,0.9286840302359455,0,50.0
2032-07-10,43,42298,489,Employed,High School,18,29393,108,Single,3,Rent,464,0.4173273865628348,3,4,0.12014486073298129,0,Education,0,27,15,2570,281,35421,22888,3524.8333333333335,0.9388155214795796,5,12533,0.329893,0.28142508255707205,750.7306692763377,0.3446207393095667,0,52.0
2032-07-11,21,15000,532,Employed,High School,0,12949,60,Married,0,Rent,226,0.6946631598650678,4,0,0.5324685758049176,0,Education,1,29,27,1428,1013,35083,13464,1250.0,0.8570282373193961,6,21619,0.251949,0.2719204427142371,396.88962103101073,0.4983116968248086,0,68.0
2032-07-12,31,71166,608,Self-Employed,Bachelor,8,23809,72,Married,0,Own,329,0.2870555862319294,0,2,0.3253206703062869,0,Debt Consolidation,0,22,2,4245,1346,25705,14970,5930.5,0.6875693107891351,3,10735,0.234809,0.24602386770800586,635.5505243899137,0.16264236141807836,0,58.0
2032-07-13,50,43398,530,Employed,Doctorate,27,38861,48,Single,2,Other,237,0.32617136062089386,2,1,0.19946665821083098,0,Other,0,17,18,2551,1609,377270,106643,3616.5,0.7817005554035134,4,270627,0.268861,0.22659617277649888,1238.316215549069,0.40794033334690144,0,45.0
2032-07-14,36,19242,619,Employed,Master,11,13726,48,Married,0,Mortgage,280,0.28197428507582833,4,2,0.3182953075200392,0,Home,0,21,11,7833,1096,16793,27233,1603.5,0.9292374599068174,9,9899,0.19922600000000001,0.17982741575236835,403.0774702197498,0.4259915623447145,0,53.0
2032-07-15,23,89614,598,Employed,High School,4,8484,36,Married,3,Mortgage,922,0.3972349165260169,2,0,0.6245676369532968,0,Other,1,23,22,16843,2045,18888,2016,7467.833333333333,0.8939061262245748,8,16872,0.194484,0.18066846271295064,307.0014958637642,0.16457270014021436,1,50.400000000000006
2032-07-16,48,15000,604,Employed,Associate,26,21913,60,Single,1,Mortgage,361,0.1552303651313962,2,2,0.046891936406129216,0,Auto,0,16,29,20054,1049,51946,13974,1250.0,0.8693358023445834,6,37972,0.22491299999999997,0.2409835728492608,631.6440771152573,0.7941152616922059,0,48.0
2032-07-17,25,43670,568,Employed,Bachelor,2,23436,72,Single,1,Rent,311,0.2635808319520817,7,1,0.21702267008027262,0,Auto,0,13,21,2532,749,134008,40689,3639.1666666666665,0.7931188844474727,5,93319,0.254436,0.2373905748061108,613.2884968992482,0.25398355765493424,0,51.0
2032-07-18,52,28924,637,Employed,High School,28,36079,48,Married,3,Mortgage,290,0.2625271475982678,7,0,0.45926521444590485,0,Debt Consolidation,0,21,8,2793,791,60049,301653,2410.3333333333335,0.9026778438336202,10,8207,0.21257900000000002,0.20202185835272612,1101.7873509402802,0.5774252596903389,0,56.0
2032-07-19,54,95534,568,Employed,Master,29,12205,72,Married,3,Mortgage,373,0.3271273908422721,3,4,0.46788672452610885,0,Home,0,28,26,1595,2413,68284,20347,7961.166666666667,0.7515881117708261,4,47937,0.24320499999999998,0.22476624371228757,310.12680269462567,0.08580737362965549,1,44.0
2032-07-20,47,28329,549,Employed,Associate,24,18822,24,Married,3,Mortgage,136,0.025439913576325465,4,0,0.3752254333400857,0,Debt Consolidation,0,24,1,3369,1436,76340,14208,2360.75,0.7232179609110175,3,62132,0.219322,0.2137541205789787,970.6549044129488,0.46877259532476917,0,57.0
2032-07-21,53,74112,657,Unemployed,Bachelor,31,13844,24,Single,5,Rent,398,0.13939712423459563,0,0,0.13060114139978227,0,Education,0,29,18,1878,861,69604,110267,6176.0,0.7204055062297557,7,3681,0.160344,0.15379554453390681,673.7483597481711,0.17353438467425047,1,36.800000000000004
2032-07-22,21,29671,489,Employed,Associate,0,52938,36,Single,0,Mortgage,179,0.3180564699479951,1,2,0.311047224177447,0,Debt Consolidation,0,27,19,2388,2041,20389,65457,2472.5833333333335,0.7280699563786898,6,3934,0.293438,0.27818898122322044,2184.5293567573162,0.955894721481844,0,56.0
2032-07-23,80,57775,669,Employed,Associate,60,35555,48,Single,0,Rent,434,0.220989649117612,5,1,0.32189728396831824,0,Education,0,25,2,976,681,124800,41684,4814.583333333333,0.8238527846734267,4,83116,0.196055,0.18678318635184094,1057.072777128892,0.3096992354053952,0,50.0
2032-07-24,58,53872,591,Employed,Bachelor,35,18743,24,Married,2,Rent,741,0.5808342868902364,2,1,0.49590031281865243,0,Debt Consolidation,0,19,12,1342,3970,186056,22508,4489.333333333333,0.6525872296483711,5,163548,0.198243,0.17261583183649573,929.0538825242559,0.37200487433715235,1,42.400000000000006
2032-07-25,31,98324,572,Employed,Bachelor,9,35080,60,Married,1,Rent,366,0.2897126442705831,0,1,0.2767971523926811,0,Home,1,28,18,4139,158,210582,26011,8193.666666666666,0.8975143335665151,3,184571,0.25408000000000003,0.2922513110307309,1118.3177322099405,0.18115427348886626,0,53.0
2032-07-26,46,72812,591,Employed,Associate,25,17262,60,Single,3,Mortgage,437,0.16989727923432646,6,0,0.1197420753010126,0,Auto,0,28,2,4107,96,33680,47101,6067.666666666667,0.798847015089312,4,4523,0.22676200000000002,0.26815815856972136,525.2021908145244,0.1585786173951312,0,53.0
2032-07-27,24,57743,613,Employed,Associate,0,25010,120,Married,0,Mortgage,691,0.10968659705758654,2,1,0.3980847548416505,0,Education,1,23,19,9222,1305,111252,21504,4811.916666666667,0.8671638256513508,2,89748,0.27351000000000003,0.29009354209385374,641.0820924131718,0.27682983407439965,0,54.0
2032-07-28,34,113289,596,Employed,High School,10,9884,60,Single,3,Mortgage,545,0.4217309354157508,3,1,0.5152912147739988,0,Education,1,19,16,779,484,54729,4326,9440.75,0.37996691469653393,4,50403,0.21688400000000002,0.17488350368447286,248.24568806942344,0.08402358796381891,1,49.6
2032-07-29,33,72404,506,Employed,Bachelor,10,25086,36,Married,1,Rent,699,0.3582073743903868,4,1,0.26951696041475315,0,Debt Consolidation,0,19,6,1304,1351,2655,5262,6033.666666666667,0.9596217426272412,5,9646,0.257086,0.2416824664221737,986.4127723338412,0.2793347504006145,0,54.0
2032-07-30,18,34714,568,Employed,Associate,0,49774,60,Married,0,Mortgage,224,0.1375320641989243,1,1,0.19828618866194125,0,Auto,0,31,25,4740,509,42394,87366,2892.8333333333335,0.7565138187326003,5,3793,0.27077399999999996,0.24366205790936551,1442.4962257006805,0.5760775107567023,0,50.0
2032-07-31,40,64494,565,Employed,High School,14,11771,48,Married,0,Mortgage,211,0.3495331080480637,3,1,0.24472253726996165,0,Home,0,27,1,22963,744,38169,51565,5374.5,0.45667555693048517,4,7825,0.224271,0.24306738358812485,385.75501005233644,0.11103451670896576,0,56.0
2032-08-01,34,36775,520,Employed,Bachelor,11,55541,60,Single,0,Rent,303,0.2455623836568847,2,1,0.13813149601535815,0,Education,0,22,13,4270,1391,8277,18086,3064.5833333333335,0.9111953553750674,4,10889,0.300541,0.2914043480365642,1767.7267843866307,0.6756960275360862,0,51.0
2032-08-02,43,33158,589,Employed,High School,20,46298,36,Married,2,Rent,710,0.11271651725305323,2,2,0.36466295559219997,0,Debt Consolidation,0,27,23,6168,141,33421,120706,2763.1666666666665,0.8467519332166968,3,9396,0.236798,0.24230365417458682,1822.0072864786855,0.9163425851301111,0,54.0
2032-08-03,40,39349,489,Employed,Associate,17,28053,60,Married,1,Rent,298,0.10776721141492017,2,1,0.5668063070617668,0,Other,0,27,7,3429,1276,25218,3958,3279.0833333333335,0.8641468538380239,2,21260,0.288553,0.3094090158868043,923.8893537308709,0.37263138185901673,0,59.0
2032-08-04,27,32994,570,Employed,Bachelor,6,11622,48,Married,3,Mortgage,1525,0.21343363797769596,3,1,0.5630431183953772,0,Debt Consolidation,0,18,2,4086,445,150648,50865,2749.5,0.958467735353504,4,99783,0.221622,0.2221521350836585,367.52287955986196,0.6883152862556327,0,61.0
2032-08-05,39,45670,605,Unemployed,Bachelor,16,10334,48,Married,0,Mortgage,287,0.2379797232747624,3,2,0.3316178313397836,0,Auto,0,23,7,15487,690,117937,68592,3805.8333333333335,0.8308310044481677,5,49345,0.20283400000000001,0.20255573464838547,315.8762426788493,0.1584084719103611,0,56.0
2032-08-06,18,15000,539,Employed,High School,0,14765,96,Widowed,3,Mortgage,454,0.23072246542498984,2,0,0.30448828002741546,0,Home,0,25,22,3126,798,136305,28895,1250.0,0.9139539558994477,6,107410,0.280265,0.26337413166657236,370.102998410777,0.6592823987286216,0,52.0
2032-08-07,43,178715,624,Employed,Bachelor,20,42494,36,Married,1,Own,205,0.5532812793180831,7,0,0.04238469012286067,0,Auto,0,25,29,2738,2568,55964,5929,14892.916666666666,0.7979672386184237,3,50035,0.21549400000000002,0.2143311930713516,1610.429666017655,0.12189886686742502,1,35.2
2032-08-08,34,82838,576,Unemployed,Master,10,34148,24,Single,0,Mortgage,854,0.08733133721866494,6,1,0.42597435664931754,0,Debt Consolidation,0,19,23,2306,1101,16490,12871,6903.166666666667,0.8346021881476778,3,3619,0.22114799999999998,0.18888050803129502,1719.496698450496,0.3727994444748298,1,45.6
2032-08-09,23,70417,578,Employed,High School,0,26834,36,Divorced,3,Mortgage,594,0.6747049991677206,2,0,0.4699374909892488,0,Debt Consolidation,0,20,25,1037,1063,39553,28185,5868.083333333333,0.8122125429025171,3,11368,0.222834,0.2272961969087544,1034.9589297513799,0.2775964207083028,0,58.0
2032-08-10,32,123525,591,Employed,High School,11,40059,96,Married,0,Own,428,0.4540479027504018,1,0,0.3387247928616416,0,Other,0,29,14,1073,620,38329,19324,10293.75,0.727744796833093,5,19005,0.279559,0.2899150531931874,1076.6468672283984,0.14617091606347526,0,53.0
2032-08-11,22,58028,418,Self-Employed,Associate,0,21741,72,Married,0,Rent,614,0.13620315301215405,2,1,0.10132770861747382,0,Auto,0,33,12,4100,4260,15920,14737,4835.666666666667,0.693237268670504,4,1183,0.327741,0.33023743531492705,697.0146820219487,0.27111353457405707,0,52.0
2032-08-12,40,33107,600,Employed,Master,17,25839,36,Divorced,2,Mortgage,268,0.3580466252482214,2,0,0.26963977363194735,0,Debt Consolidation,0,22,7,9155,2800,44806,37873,2758.9166666666665,0.8961261853355112,3,6933,0.210839,0.22215910892055987,989.6916027836362,0.45586429556902275,0,51.0
2032-08-13,58,80910,566,Employed,High School,40,21743,48,Divorced,2,Mortgage,287,0.0909336587580288,4,4,0.11497876506569685,0,Home,1,32,15,2553,1089,23900,3524,6742.5,0.7499563242642328,5,20376,0.233743,0.23261284880382352,700.0114349890147,0.1463865680369321,0,54.0
2032-08-14,41,49230,482,Employed,Associate,19,16234,72,Married,3,Rent,168,0.5842926902144195,9,1,0.04620439063890034,0,Education,0,22,14,9887,520,33626,5550,4102.5,0.6810686595665425,3,28076,0.290234,0.3277841919413718,517.8270819222581,0.16717296329610193,0,52.0
2032-08-15,33,27357,578,Self-Employed,High School,13,26819,60,Married,3,Mortgage,452,0.31256008245243916,3,3,0.1498200258971514,0,Auto,0,20,9,4262,448,95486,14423,2279.75,0.7638967834447276,7,81063,0.242819,0.286285190073852,845.2300346407989,0.5690229343747335,0,54.0
2032-08-16,52,134185,518,Employed,Associate,29,23852,96,Married,2,Own,197,0.37402721755621243,3,0,0.08587750396174991,0,Education,0,24,24,8697,747,9444,9763,11182.083333333334,0.8351208545333624,5,5787,0.299852,0.3058373440455369,667.4927537762942,0.07731052684961456,1,38.400000000000006
2032-08-17,24,17537,555,Employed,Bachelor,2,28713,60,Married,0,Mortgage,507,0.10499148989204926,1,1,0.5014618281910473,0,Home,0,24,21,8019,977,10868,23993,1461.4166666666667,0.7563672232009159,6,3387,0.25621299999999997,0.24817409959639522,839.6937086225057,0.9214988027296611,0,59.0
2032-08-18,29,22893,557,Employed,High School,5,43321,24,Married,1,Other,461,0.1744540884253714,2,3,0.5333591234784535,1,Home,0,27,19,3688,593,255970,25384,1907.75,0.779573874901161,4,230586,0.23982099999999998,0.2305898017914027,2270.1327168653556,1.4315988556495116,0,67.0
2032-08-19,43,25034,640,Employed,Associate,19,19397,24,Married,1,Own,360,0.6254969457069193,2,1,0.15458875912403497,0,Debt Consolidation,1,21,9,318,1383,84057,8624,2086.1666666666665,0.7376783165939178,4,75433,0.174397,0.16432479562305555,953.7505827806947,0.6297438281284787,0,56.0
2032-08-20,33,50272,540,Employed,Bachelor,10,7241,60,Divorced,2,Own,567,0.241042425563361,4,1,0.12030041776299674,0,Home,0,22,28,5928,1810,308673,13845,4189.333333333333,0.5529607043586731,8,294828,0.24224099999999998,0.2404153159587126,208.48343256552772,0.18510903068877968,1,35.2
2032-08-21,64,64451,657,Unemployed,Bachelor,42,23193,48,Divorced,2,Other,309,0.12566227402548188,4,3,0.1052807214310164,0,Home,0,24,16,1409,1272,116087,25392,5370.916666666667,0.8086093328444421,11,90695,0.189693,0.17851474608776252,679.4956542521617,0.18404598611388404,0,44.0
2032-08-22,20,42006,594,Employed,Bachelor,0,32714,48,Widowed,0,Mortgage,345,0.4313649482108879,4,0,0.05002225785439165,0,Home,0,26,2,4296,518,22561,58959,3500.5,0.6516904190236616,6,2926,0.230714,0.18457120000000002,968.8055972165015,0.3753194107174694,0,56.0
2032-08-23,48,18736,587,Employed,Master,26,31294,36,Married,0,Rent,295,0.1760999985441521,6,2,0.4169924714525109,0,Debt Consolidation,0,21,28,6260,23860,46825,6021,1561.3333333333333,0.9135780176846657,6,40804,0.22279400000000002,0.23908140422728422,1226.244043562858,0.974323682896792,0,57.0
2032-08-24,33,18818,584,Employed,High School,10,21759,36,Single,2,Rent,348,0.5498146047902837,5,0,0.04582378674814162,0,Home,0,24,8,3051,427,210634,5184,1568.1666666666667,0.8678552961629303,9,205450,0.214759,0.23753496752264167,850.8539588717799,0.7644939688841194,0,50.0
2032-08-25,62,124410,621,Employed,Master,41,18347,24,Married,3,Other,634,0.1282336380494551,4,1,0.30657687823724655,0,Home,0,24,7,5879,1143,43661,30211,10367.5,0.8325414647420565,2,13450,0.182847,0.19394106433046235,928.3637356221714,0.15069821419070858,1,39.2
2032-08-26,35,24481,557,Employed,Master,10,7270,24,Married,0,Own,657,0.2879518317543403,1,2,0.3858854455564995,0,Debt Consolidation,0,28,16,2451,815,12627,11630,2040.0833333333333,0.8902980472374489,9,9577,0.20376999999999998,0.2190976263601577,376.83029829328217,0.5067588570531999,0,56.0
2032-08-27,35,61684,601,Employed,High School,15,49229,60,Divorced,1,Mortgage,328,0.373070826384966,3,0,0.32514838880700364,0,Auto,0,22,19,8696,2994,16904,33747,5140.333333333333,0.9854267321736165,1,8195,0.253729,0.26489797507512414,1488.247824181894,0.3533326938944091,0,51.0
2032-08-28,42,60836,571,Unemployed,Bachelor,19,25657,48,Married,1,Mortgage,210,0.3038024231147531,0,0,0.17952327429447304,0,Home,0,24,24,1489,3438,68516,12323,5069.666666666667,0.7810437223844505,8,56193,0.23515700000000003,0.21725470732493518,804.5323538322874,0.20011815776822026,0,51.0
2032-08-29,38,35405,566,Employed,Associate,18,47969,72,Married,2,Rent,243,0.16554255257447603,0,1,0.15105181802355305,0,Auto,1,22,1,1692,2976,24738,52540,2950.4166666666665,0.9443440586357225,5,1043,0.27996899999999997,0.2651263067118589,1337.0273229137154,0.5355268429590336,0,60.0
2032-08-30,18,31287,569,Employed,Bachelor,0,28062,48,Single,2,Own,529,0.11202154894027534,5,0,0.11657677269734133,0,Debt Consolidation,0,21,10,4864,1031,484298,44354,2607.25,0.8913775492511244,5,439944,0.23856200000000002,0.24641482406508525,924.8528580466976,0.557619276266832,0,44.0
2032-08-31,37,46282,529,Employed,Associate,16,18552,24,Married,0,Mortgage,317,0.09752623276407346,2,1,0.03580941612600736,0,Home,0,21,23,3237,4062,62776,17044,3856.8333333333335,0.941730691097145,3,45732,0.229052,0.20942645442650853,952.7840445047744,0.32922969046405287,0,50.0
2032-09-01,31,53107,604,Employed,Bachelor,10,25079,36,Single,1,Mortgage,463,0.6987577749237969,1,0,0.10024073380951655,0,Debt Consolidation,0,25,9,673,1950,15248,13946,4425.583333333333,0.9643779024237127,2,1302,0.208079,0.2053249042988216,938.8438223982125,0.31675910649779787,0,50.0
2032-09-02,40,62361,583,Employed,Bachelor,15,17030,48,Married,1,Rent,698,0.22855346297200624,2,1,0.4347308564554082,0,Home,0,21,20,953,303,29207,9783,5196.75,0.6024057827403779,9,19424,0.22053,0.22625659476923501,542.3497153957829,0.23867796515048498,0,56.0
2032-09-03,50,109653,640,Employed,High School,27,15352,36,Divorced,1,Own,987,0.3094192979441092,2,2,0.16065366129279174,0,Debt Consolidation,1,24,28,32045,330,32375,19440,9137.75,0.8789213362753205,10,12935,0.180352,0.17914273942710954,554.3515958945054,0.16867955414566008,1,41.6
2032-09-04,41,30838,576,Employed,High School,21,14532,108,Married,1,Rent,287,0.23039205238053947,1,1,0.24346922964127393,0,Auto,0,21,6,675,477,107203,5381,2569.8333333333335,0.7678678927425567,2,101822,0.271532,0.26189258670396787,351.2717647337501,0.24837087933085808,0,51.0
2032-09-05,24,56315,512,Employed,Bachelor,3,20276,60,Married,2,Rent,400,0.22171075776241014,2,0,0.35303439975008566,0,Other,0,22,14,1990,1149,27483,6779,4692.916666666667,0.7429670791026226,4,20704,0.269276,0.2452292516795932,589.4697832574889,0.21084324601065196,0,54.0
2032-09-06,37,53546,566,Employed,Associate,14,8698,96,Single,0,Rent,232,0.3263948539972908,2,0,0.45180538027765427,0,Home,0,23,25,47762,332,48094,11032,4462.166666666667,0.9150040667991516,1,37062,0.260698,0.2660991138175915,219.62340405279434,0.10121168432065013,0,56.0
2032-09-07,32,44560,543,Self-Employed,Associate,7,36165,48,Married,1,Mortgage,224,0.19282091469884752,1,0,0.3853609636167421,0,Home,0,28,20,1657,835,31517,163910,3713.3333333333335,0.5789018008552508,2,10023,0.259665,0.23366889213315847,1166.4232022483297,0.37444071873832935,0,57.0
2032-09-08,29,79733,528,Employed,Master,6,32521,72,Married,1,Other,362,0.3643792501895624,1,1,0.3783891436826087,0,Other,0,21,24,783,795,374591,199940,6644.416666666667,0.8420260241801762,6,174651,0.283521,0.31776367006603723,1015.9086345838549,0.20737842066655288,0,50.0
2032-09-09,49,66088,572,Employed,Associate,27,43283,60,Single,3,Mortgage,948,0.5028245870938624,2,0,0.14749958871227933,0,Debt Consolidation,0,24,29,3798,1158,112132,11532,5507.333333333333,0.7849909781635284,8,100600,0.262283,0.2098264,1170.5279344067924,0.3846739985002044,0,47.0
2032-09-10,40,91872,556,Employed,Master,19,31493,24,Married,3,Mortgage,321,0.16590558994084445,2,1,0.08951494482962166,0,Debt Consolidation,0,28,12,11624,968,329621,37209,7656.0,0.9435174411621872,2,292412,0.22849299999999997,0.24180519436338574,1667.908296979801,0.25978426031606594,1,33.6
2032-09-11,55,62399,560,Employed,Associate,31,42765,60,Single,1,Own,422,0.3138453331148615,0,0,0.08048661930168668,0,Home,0,22,16,2868,4765,162871,57598,5199.916666666667,0.5879057599689128,6,105273,0.267765,0.2276893388539784,1199.8949485962812,0.31190787325366387,0,46.0
2032-09-12,22,18818,451,Employed,High School,0,28550,72,Married,0,Mortgage,196,0.23859688881983074,4,1,0.4915779054183975,0,Other,0,29,14,1335,149,94819,23097,1568.1666666666667,0.6829699501019886,8,71722,0.31805,0.27297169057313175,809.783722958612,0.6413755274473028,0,56.0
2032-09-13,42,92165,530,Employed,Bachelor,16,23708,84,Divorced,0,Mortgage,494,0.2913421126166141,5,1,0.4703115006612183,0,Debt Consolidation,0,29,1,1695,5775,49219,9489,7680.416666666667,0.8105349577568783,10,39730,0.283708,0.2836021619895371,651.9401698275958,0.14920286483948517,0,59.0
2032-09-14,32,32300,598,Employed,High School,9,29263,60,Married,0,Other,251,0.1526370801958947,3,0,0.357671514614676,0,Home,1,19,4,18325,617,18942,8524,2691.6666666666665,0.6960121287649896,7,10418,0.235263,0.19062396667355583,760.1033903568579,0.37564212644836825,0,63.0
2032-09-15,56,91820,530,Employed,Bachelor,34,17479,60,Married,4,Rent,528,0.26481344292220443,3,1,0.46710812575093347,0,Home,0,16,29,12060,381,28081,5309,7651.666666666667,0.7874057587434391,4,22772,0.257479,0.29352655795146343,558.5747818302981,0.14200498128908273,0,55.0
2032-09-16,20,18551,520,Employed,Associate,1,42988,36,Married,0,Other,590,0.08235765422339421,2,1,0.2765270340092251,0,Home,0,29,2,6694,922,46281,99711,1545.9166666666667,0.7747259230533643,4,9619,0.267988,0.284528682292159,1788.672060467213,1.5386806493238399,0,57.0
2032-09-17,20,16742,551,Employed,Associate,0,56766,72,Single,0,Mortgage,356,0.36523489662408004,0,0,0.10357029847612953,0,Home,0,29,5,659,158,29877,50614,1395.1666666666667,0.5869994618399316,7,9951,0.296266,0.3169387080944213,1770.2209881524473,1.523990673624977,0,54.0
2032-09-18,40,50799,570,Employed,Master,18,21352,12,Single,1,Rent,308,0.380972688055377,4,0,0.3400676008315808,0,Education,0,20,1,3408,759,32054,15829,4233.25,0.9659636459179094,5,16225,0.20135200000000003,0.20886313216915925,1987.0004630744445,0.5421367656232078,0,58.0
2032-09-19,39,58227,624,Employed,Bachelor,17,29706,72,Single,0,Own,402,0.3438178069071483,4,0,0.08808267062083833,0,Education,0,23,17,3776,2407,9441,152878,4852.25,0.7176839879400978,6,4487,0.23270600000000002,0.23030793844828967,764.6799796443174,0.24044102831558914,0,47.0
2032-09-20,50,94397,617,Employed,Bachelor,29,32288,36,Divorced,0,Rent,361,0.3595783737188955,1,0,0.22015752533320343,0,Auto,0,27,7,631,338,29615,56045,7866.416666666667,0.8907966515521998,5,1425,0.208788,0.18014961593960901,1167.530897999948,0.19431095030561749,1,39.2
2032-09-21,45,62759,657,Employed,Master,20,13464,72,Divorced,0,Own,398,0.2359663371777615,1,1,0.3954328481093833,0,Auto,0,28,5,412,2309,77990,11520,5229.916666666667,0.8011090288210146,4,66470,0.199964,0.1733893203679402,302.0739270262234,0.13385948030266065,1,38.400000000000006
2032-09-22,39,49513,554,Employed,Bachelor,18,19871,12,Married,3,Rent,588,0.04024899957715059,1,0,0.48394481159812985,0,Education,0,27,12,7535,621,32653,12421,4126.083333333333,0.8940433026632283,4,20232,0.207871,0.2322737919101643,1871.5718146225959,0.5961032814709502,0,56.0
2032-09-23,41,85800,545,Employed,High School,17,11640,36,Married,0,Rent,763,0.17916265384602117,3,0,0.430548079848369,0,Home,0,28,4,10831,558,136398,6849,7150.0,0.8490626772530965,7,129549,0.22414,0.23043333333678293,450.8440959516641,0.16976840502820476,1,42.400000000000006
2032-09-24,52,98042,576,Employed,Doctorate,26,21922,48,Married,3,Mortgage,444,0.31370041134111076,7,2,0.046957308858000556,0,Education,0,29,3,5529,887,21982,10677,8170.166666666667,0.7822177893953768,1,11305,0.22892200000000001,0.24227888629268107,717.4620835133436,0.14215892170865674,1,41.6
2032-09-25,39,23879,543,Employed,Bachelor,18,29158,60,Married,2,Rent,234,0.49137902723517796,2,1,0.3486597785882674,0,Auto,0,27,19,2526,1376,1356604,47963,1989.9166666666667,0.7301843097458566,5,1308641,0.262658,0.2577576909874075,869.1377274408176,0.554363781116873,1,39.2
2032-09-26,51,28613,643,Employed,Bachelor,31,26257,48,Single,1,Own,475,0.15262439838187372,1,0,0.4563693971261609,0,Education,0,28,19,2563,2375,31707,17047,2384.4166666666665,0.7757088298337601,5,14660,0.19975700000000002,0.22442654771896162,833.5779128947437,0.5488042132854621,0,54.0
2032-09-27,47,36343,561,Employed,High School,21,21779,48,Single,1,Rent,518,0.4095037208984481,1,0,0.26286355649544063,0,Auto,0,31,14,3129,1445,127062,28692,3028.5833333333335,0.9726937284415822,5,98370,0.236279,0.24031579394170055,710.4156521687587,0.40560734738533155,0,52.0
2032-09-28,60,41385,676,Employed,Master,42,35772,60,Single,3,Mortgage,331,0.21219822190656787,4,2,0.2691921492941008,0,Debt Consolidation,0,23,28,1024,4645,63325,10178,3448.75,0.5904536896639805,7,53147,0.202772,0.21370216968970593,975.217413802186,0.3787509717440191,0,45.0
2032-09-29,37,15000,548,Employed,High School,13,15944,24,Married,0,Own,599,0.13999359414491222,4,0,0.24930496389337703,0,Home,0,33,21,2405,1139,51802,9886,1250.0,0.8416567483277652,2,41916,0.216944,0.21630797554253953,824.2412210061834,1.1385929768049468,0,53.0
2032-09-30,48,51880,618,Employed,High School,25,26342,84,Single,1,Rent,297,0.18531657070105237,2,1,0.20100140899228608,0,Home,0,18,18,773,99,12841,1370,4323.333333333333,0.8319585565002169,3,11471,0.24234200000000003,0.24942173859071676,665.7854961193076,0.22269518028973964,0,48.0
2032-10-01,46,51173,551,Employed,High School,27,11788,36,Married,3,Mortgage,1013,0.35436133458535657,4,1,0.26044441808896357,0,Home,1,23,21,2814,837,85979,63544,4264.416666666667,0.7197028569336599,3,22435,0.22128799999999998,0.21637483785761996,447.98134207468246,0.34259816905196466,0,58.0
2032-10-02,21,29087,535,Employed,High School,0,20020,36,Married,0,Other,275,0.2681469618884451,1,1,0.26496819160654606,0,Auto,0,24,20,3660,311,27533,126918,2423.9166666666665,0.626327480018751,4,6901,0.23752,0.2170521743831312,761.5232020334211,0.42762328271740135,0,54.0
2032-10-03,39,27061,562,Employed,High School,16,21223,60,Widowed,0,Mortgage,509,0.354973594189532,3,1,0.20060362235665047,0,Debt Consolidation,0,24,23,6857,1205,141895,78829,2255.0833333333335,0.9403862131000268,9,63066,0.24522299999999997,0.2612717417938893,637.025417391107,0.5081964823433459,0,52.0
2032-10-04,26,73359,527,Employed,Associate,5,32051,36,Single,2,Mortgage,537,0.5035845504729578,1,1,0.1198312997741918,0,Education,1,22,27,3958,1009,315594,30633,6113.25,0.687783803317015,7,284961,0.25355099999999997,0.26625007853949023,1302.0495171180628,0.30083008499866076,0,51.0
2032-10-05,18,29011,513,Employed,Master,0,21254,24,Married,1,Own,493,0.7955664439297117,1,1,0.5595883274635419,0,Home,0,26,19,1268,310,62987,133892,2417.5833333333335,0.8907593833506344,6,5526,0.239754,0.1918032,1073.2477089585745,0.6478567614871219,0,62.0
2032-10-06,30,144209,489,Employed,Bachelor,8,24213,48,Single,2,Rent,330,0.2462576397439321,3,0,0.3482253204588268,0,Home,0,30,11,16338,188,23431,15428,12017.416666666666,0.8821679461104575,4,8003,0.274713,0.2994841252492435,871.0867913976577,0.09994550615268043,1,41.6
2032-10-07,29,43319,483,Employed,Associate,6,32138,24,Married,1,Mortgage,708,0.1219930629561231,1,2,0.7313236307176393,0,Auto,0,23,5,2493,728,133839,20223,3609.9166666666665,0.811097138043525,7,113616,0.265638,0.2601887987931629,1731.7268717619265,0.6758402193296964,0,56.0
2032-10-08,51,65636,563,Employed,Doctorate,28,25842,60,Single,2,Rent,139,0.19391636633084638,9,0,0.38303067784515443,0,Home,0,13,13,10567,340,47972,6767,5469.666666666667,0.8901670142688443,7,41205,0.249342,0.24000620361085453,743.4310781234898,0.16133178343411964,0,53.0
2032-10-09,30,65679,596,Employed,Master,10,18011,48,Divorced,3,Mortgage,282,0.44740964602750566,4,2,0.3891842648069504,0,Auto,0,22,4,926,238,247410,52449,5473.25,0.9809287330589407,4,194961,0.215011,0.21617041177635876,563.7179902971064,0.15451842877579253,1,43.2
2032-10-10,66,16936,585,Employed,High School,46,33657,36,Married,1,Mortgage,579,0.18794851310329855,5,2,0.2637329620319675,0,Debt Consolidation,0,19,18,894,289,42963,22438,1411.3333333333333,0.8500549214121408,4,20525,0.226157,0.19217526505754395,1237.4364227092842,1.2870357270023272,0,53.0
2032-10-11,62,59572,558,Employed,Doctorate,38,56880,72,Widowed,0,Mortgage,440,0.3616269951775905,3,0,0.35542508306439824,0,Home,0,21,5,1839,371,44988,10955,4964.333333333333,0.7804641386695382,4,34033,0.29288,0.3264627718171366,1809.3780534909374,0.4531077795254692,0,56.0
2032-10-12,26,15000,599,Employed,Associate,8,25465,36,Married,0,Own,528,0.2724237805348557,3,1,0.22681141250405845,0,Debt Consolidation,0,11,4,1618,10735,326513,28335,1250.0,0.63969365118186,2,298178,0.21096499999999999,0.2292558123000913,984.7556134673075,1.210204490773846,0,51.0
2032-10-13,46,15000,606,Unemployed,High School,28,35397,36,Single,3,Mortgage,406,0.27316477709230896,5,0,0.48647391876294177,1,Education,0,21,18,2654,2276,314962,166817,1250.0,0.732191792595468,6,148145,0.21739699999999998,0.23485665030806202,1379.1841716157555,1.4281473372926043,0,66.0
2032-10-14,44,27143,520,Employed,Associate,22,16145,24,Single,1,Mortgage,375,0.24776468555696612,1,1,0.5415698610354205,0,Home,0,19,16,6287,737,43396,6889,2261.9166666666665,0.6527591720216077,5,36507,0.231145,0.20257473470847254,823.7448838054347,0.5299686330053869,0,60.0
2032-10-15,37,46995,585,Employed,Associate,18,13762,84,Married,0,Own,426,0.1765261371329339,2,1,0.13719284327876205,0,Debt Consolidation,0,22,23,3345,4138,13203,7381,3916.25,0.8825399187757156,8,5822,0.246262,0.24242868685760738,341.7046437331186,0.19603055058617774,0,50.0
2032-10-16,44,59267,556,Employed,Bachelor,18,19617,24,Married,2,Rent,743,0.2645393736913538,5,0,0.2342435973276546,0,Auto,0,23,24,2415,1429,24499,16501,4938.916666666667,0.9387045577497897,6,7998,0.21661699999999998,0.19807642051836083,996.580510870771,0.35221904483859906,0,52.0
2032-10-17,29,43940,487,Employed,High School,6,14762,24,Married,3,Other,405,0.622959835561893,4,0,0.08125709309756571,1,Debt Consolidation,0,33,28,990,7021,61364,6285,3661.6666666666665,0.7162179347472102,4,55079,0.24626199999999998,0.22305596310363004,768.0549103469086,0.32036092226133145,0,63.0
2032-10-18,27,49959,618,Self-Employed,Bachelor,7,23956,96,Single,0,Other,326,0.2737775605482583,1,1,0.3626888638289862,0,Education,0,17,4,1447,616,35150,31347,4163.25,0.5742699129793429,4,3803,0.249956,0.2429640608764632,567.9449164517936,0.21472285268763433,0,58.0
2032-10-19,27,72924,468,Employed,High School,4,16785,72,Married,0,Rent,516,0.11548791783831142,4,3,0.24578678599938578,0,Education,0,29,11,4065,517,8272,211282,6077.0,0.786266213156282,3,10653,0.29778499999999997,0.28749582653894606,491.51034855184184,0.16579074354975182,0,51.0
2032-10-20,69,58581,629,Employed,Bachelor,50,29191,12,Single,2,Mortgage,387,0.14817368885270113,2,0,0.12038895942830591,0,Auto,0,15,1,1255,286,14730,33105,4881.75,0.9415168231405366,12,1140,0.17969100000000002,0.18495834523744906,2683.1238221717604,0.6288982070306264,0,50.0
2032-10-21,34,15000,620,Employed,Bachelor,11,45327,36,Single,2,Mortgage,516,0.6124125150178671,1,1,0.10239082356173235,0,Home,0,33,18,3277,1497,112083,64554,1250.0,0.9436571852392838,3,47529,0.22032700000000002,0.20513560812601597,1696.3980099068924,1.7699184079255137,0,51.0
2032-10-22,40,45502,513,Employed,Bachelor,15,6926,48,Married,0,Own,354,0.2565731271054854,4,1,0.5132850267580503,0,Home,1,27,9,3948,2103,53239,44919,3791.8333333333335,0.8370089929898268,5,8320,0.245426,0.2261990016123663,220.54863301359794,0.15152264946954366,0,66.0
2032-10-23,25,28338,613,Unemployed,Master,4,71628,48,Single,3,Mortgage,176,0.254159771666982,3,1,0.019485122421305495,0,Other,1,33,13,6339,833,31989,22483,2361.5,0.8966081457289963,2,9506,0.26012799999999997,0.3023453780132166,2588.8172966849525,1.17078860753121,0,58.0
2032-10-24,32,120147,616,Employed,Bachelor,8,11761,48,Married,0,Rent,479,0.32419239893178803,6,2,0.15110968422573356,0,Debt Consolidation,0,24,15,9548,5781,55720,10186,10012.25,0.8101633413818911,5,45534,0.19876100000000002,0.18526129744706488,348.7211648621735,0.08267084470145807,1,36.0
2032-10-25,25,48680,571,Employed,Master,0,31808,36,Single,1,Other,251,0.06346883418115343,3,1,0.5113766655882117,0,Auto,0,31,11,4277,1932,50641,20917,4056.6666666666665,0.8602570410594208,8,29724,0.231308,0.23485931882768926,1239.3493033211312,0.36738273705533225,0,58.0
2032-10-26,45,33998,631,Employed,Bachelor,23,15554,60,Single,1,Mortgage,409,0.30581623926881385,2,0,0.22046207502510362,0,Home,1,23,26,1894,526,73612,10305,2833.1666666666665,0.9513629695817611,9,63307,0.20505400000000001,0.18774203719108987,401.54933795344647,0.28609306592862394,0,54.0
2032-10-27,31,34711,495,Employed,High School,11,17218,48,Divorced,2,Mortgage,174,0.31364946111291836,3,0,0.3988825166306727,0,Auto,0,18,27,1903,3240,55319,26929,2892.5833333333335,0.7767431452624802,7,28390,0.264718,0.21177440000000003,534.8119664840293,0.245044614036137,1,44.0
2032-10-28,48,60474,617,Employed,Master,29,34058,36,Single,0,Own,366,0.15372009065889178,1,2,0.1378814697260107,0,Home,0,28,13,2335,597,27336,5746,5039.5,0.8979587699921593,5,21590,0.21055800000000002,0.23254919305721547,1322.9050761331146,0.33513346088562646,0,46.0
2032-10-29,23,28215,590,Employed,Doctorate,0,17421,36,Married,0,Own,578,0.151887479370057,1,2,0.24829619583000567,0,Debt Consolidation,0,23,5,8300,876,81375,190722,2351.25,0.8460683810392071,5,6724,0.207421,0.17203481810892918,622.8718174963118,0.5107376150967834,0,55.0
2032-10-30,40,71838,583,Employed,Associate,18,12991,24,Married,1,Mortgage,167,0.6858537016486604,5,0,0.31443041115095643,1,Other,0,40,17,1944,1431,84366,102481,5986.5,0.8974130087159164,6,1825,0.196491,0.21188550378915252,668.7547227634241,0.1396065685731937,0,68.0
2032-10-31,27,40950,593,Self-Employed,Bachelor,2,34705,12,Single,1,Own,648,0.23749420391995896,0,1,0.13848857786438581,0,Home,0,27,16,2886,2356,111253,46051,3412.5,0.8335386958913917,6,65202,0.20320500000000002,0.2227692741160337,3252.8201360308794,1.1430974757599646,0,52.0
2032-11-01,38,80508,595,Employed,High School,14,5859,108,Widowed,3,Mortgage,245,0.3787643513812411,3,1,0.2775677331996065,0,Home,0,27,16,4209,1990,63664,13860,6709.0,0.7293742059486766,3,49804,0.253359,0.27527849386009245,147.10508474482253,0.0584446392524702,0,51.0
2032-11-02,28,136290,482,Employed,High School,7,38722,60,Single,1,Rent,487,0.27206786946429473,1,1,0.03984523363893562,0,Debt Consolidation,0,17,27,2002,4502,45355,5731,11357.5,0.9160900567600847,5,39624,0.302722,0.2905759519001695,1230.466793649571,0.15121873595857988,1,38.400000000000006
2032-11-03,41,57383,466,Employed,Associate,14,28319,48,Single,2,Rent,307,0.14230042316187586,1,0,0.33867658717015686,0,Debt Consolidation,0,23,19,2473,2381,44808,33943,4781.916666666667,0.43600855505042335,7,10865,0.290319,0.2744295072330594,977.9723170137272,0.2687149121545532,0,53.0
2032-11-04,35,65846,608,Employed,High School,17,35643,60,Single,4,Rent,186,0.1395013865231735,1,2,0.4360105981610601,0,Home,0,27,18,956,3336,46950,40830,5487.166666666667,0.8743302516930648,2,6120,0.236643,0.23401569912135692,1013.0334571653934,0.21851595367956628,0,52.0
2032-11-05,44,121232,556,Unemployed,Doctorate,20,23918,72,Married,1,Other,418,0.4666389678396615,3,1,0.17481149635744075,0,Debt Consolidation,0,27,25,3074,411,523339,66164,10102.666666666666,0.8474920754863267,4,457175,0.260918,0.25190576653529184,647.0832389214956,0.10542595079729732,1,36.800000000000004
2032-11-06,38,46105,531,Employed,Master,16,16003,24,Widowed,0,Mortgage,289,0.15333362292291677,1,1,0.4861733685387555,0,Other,0,21,7,12558,521,179342,64905,3842.0833333333335,0.7790435989817727,2,114437,0.22550299999999998,0.1804024,799.2465859885771,0.28324387879542184,1,42.400000000000006
2032-11-07,40,48277,473,Employed,High School,16,15416,36,Single,0,Rent,543,0.08694725764068324,1,1,0.14768950331508301,0,Debt Consolidation,1,28,23,33280,365,90593,45009,4023.0833333333335,0.8401123279443424,3,45584,0.26391600000000004,0.26231494460259874,623.022825328535,0.289833127657941,0,56.0
2032-11-08,48,36942,596,Employed,High School,26,26460,96,Married,0,Rent,297,0.28039377709338187,1,1,0.46252501939257096,0,Other,0,19,5,2912,668,26190,53954,3078.5,0.9299785301048742,4,8004,0.26346,0.26608307675175974,668.0830292669318,0.31349132021014514,0,59.0
2032-11-09,43,15000,553,Employed,Associate,18,30045,72,Married,5,Mortgage,282,0.13382301426507498,2,4,0.3615023566464577,0,Other,0,19,8,4857,5467,32272,247614,1250.0,0.7008249375141307,3,10729,0.268545,0.26448140275747395,836.2290039895337,0.894583203191627,0,56.0
2032-11-10,52,74077,596,Employed,Doctorate,28,15248,60,Divorced,5,Rent,401,0.2691383837937809,2,1,0.4169436033992714,0,Debt Consolidation,0,31,21,3645,738,208247,5038,6173.083333333333,0.8027969438826693,3,203209,0.222248,0.22910144857709483,429.06148650896205,0.13446464946079817,1,41.6
2032-11-11,29,91526,501,Employed,Master,8,11910,72,Single,5,Mortgage,402,0.041838612557669116,1,2,0.356167726739157,0,Debt Consolidation,0,30,22,2832,779,29012,43376,7627.166666666667,0.9758891036015137,5,6993,0.27641,0.28140525314900217,344.1484606480678,0.09782773777699029,1,41.6
2032-11-12,58,63104,586,Employed,Associate,39,22020,84,Married,2,Other,1138,0.4590408160937375,3,2,0.18199023107668733,0,Home,0,30,20,5901,331,170134,12288,5258.666666666667,0.776193833614883,5,157846,0.25402,0.2665829048512186,580.9195598349706,0.32687364854873935,0,47.0
2032-11-13,39,54685,614,Employed,Associate,19,10992,48,Married,1,Rent,467,0.14197403779150952,4,1,0.5715377354189664,0,Home,0,34,11,21017,1576,45984,18360,4557.083333333333,0.7423757194456374,4,27624,0.198992,0.20244209528338072,335.92241769863483,0.17619217358294997,0,54.0
2032-11-14,25,27943,554,Employed,High School,2,15115,60,Married,0,Mortgage,273,0.26444521574238683,4,2,0.18260139054631688,0,Debt Consolidation,0,20,9,17036,3932,140161,45323,2328.5833333333335,0.9237470953612017,3,94838,0.24311499999999997,0.2640658597166172,456.19557167028245,0.313149871525727,0,51.0
2032-11-15,36,52757,545,Employed,Bachelor,16,14474,48,Married,2,Other,707,0.2378616309630727,3,0,0.16078415868677162,1,Home,0,19,29,3095,180,26017,10179,4396.416666666667,0.5506529483896705,3,15838,0.236974,0.19729065966994397,438.3624158104111,0.26052180733788755,0,62.0
2032-11-16,64,26033,538,Employed,Associate,40,15782,72,Married,3,Mortgage,408,0.3862965239867517,0,0,0.11994234184563045,0,Auto,0,18,5,3650,1125,27941,18096,2169.4166666666665,0.8756431023031429,8,9845,0.26178199999999996,0.2892747638880868,463.9302228622463,0.4019192054064824,0,54.0
2032-11-17,39,18905,587,Employed,High School,18,29144,84,Divorced,2,Own,593,0.023368886117286023,3,0,0.3803413823635435,0,Auto,1,19,7,1677,1638,95185,24995,1575.4166666666667,0.7429237674955288,3,70190,0.260644,0.24306653035906606,724.812178690801,0.8364848529113785,0,60.0
2032-11-18,45,21726,607,Self-Employed,Associate,23,20734,60,Single,1,Mortgage,715,0.38087306027840695,2,1,0.6227952458330358,0,Education,0,22,5,3497,212,136802,120460,1810.5,0.8034844691942622,6,16342,0.222234,0.20893038512176085,559.6775480522741,0.7040472510644983,0,62.0
2032-11-19,41,57902,578,Employed,High School,18,18557,84,Married,3,Mortgage,316,0.2702762967603959,2,1,0.06059501006806658,0,Debt Consolidation,0,27,9,2828,1972,69013,6321,4825.166666666667,0.8667258064013906,5,62692,0.25455700000000003,0.24993263924379555,469.62810791413267,0.16281885418413167,0,49.0
2032-11-20,47,36136,594,Self-Employed,Bachelor,26,8049,24,Married,2,Mortgage,542,0.3253506189103936,1,0,0.1374752156278264,0,Home,0,31,17,583,5976,21323,6896,3011.3333333333335,0.8867967129462673,4,14427,0.186049,0.20945153791828852,413.3863030110345,0.31726354981548627,0,54.0
2032-11-21,22,88421,556,Employed,Bachelor,0,10985,48,Married,2,Mortgage,448,0.24539440045955094,4,0,0.20151015705374783,0,Auto,0,23,21,552,733,63075,49283,7368.416666666667,0.8235124204513934,5,13792,0.227985,0.23700595025876728,356.31533689643277,0.10915714641043635,1,40.800000000000004
2032-11-22,21,31134,597,Employed,Associate,0,40421,36,Single,2,Mortgage,1056,0.1238240760661403,3,0,0.3460806214991965,0,Auto,1,30,9,12241,91,85438,23088,2594.5,0.9053217165194763,6,62350,0.226921,0.21506326574319357,1533.3922371556127,0.9980313112952834,0,59.0
2032-11-23,45,94622,550,Employed,Bachelor,22,9482,36,Married,5,Mortgage,143,0.22322451347678635,1,0,0.1475074739540181,0,Debt Consolidation,0,21,9,5029,4305,171435,13531,7885.166666666667,0.9280713493532853,3,157904,0.21948199999999998,0.24399654458629247,373.9985264658851,0.06556596053339203,1,36.800000000000004
2032-11-24,52,19538,609,Employed,High School,29,22151,60,Widowed,1,Mortgage,411,0.10645375890270956,2,1,0.031082063520675957,0,Other,0,19,21,9694,288,48718,78671,1628.1666666666667,0.8829168678389527,3,3553,0.222651,0.1879365829737174,572.0971153427663,0.6038061922465552,0,48.0
2032-11-25,53,97922,640,Employed,Associate,28,17237,24,Married,3,Own,605,0.13482435786714742,2,3,0.45696960488604527,0,Debt Consolidation,1,22,7,11376,1216,69565,30950,8160.166666666667,0.9550487998203709,3,38615,0.172237,0.2066844,882.929855155135,0.18234062071711793,0,58.0
2032-11-26,32,48280,497,Employed,Bachelor,9,28598,84,Married,0,Mortgage,322,0.21974662096826938,3,0,0.08524639017530167,0,Home,0,29,26,1547,1193,9159,34816,4023.3333333333335,0.7993213575762069,6,1115,0.305098,0.31254858404893876,841.9720750745693,0.2893054039124861,0,51.0
2032-11-27,34,58148,522,Employed,Bachelor,11,21601,36,Divorced,0,Other,308,0.245186363750797,1,3,0.11512037986277712,0,Debt Consolidation,0,25,17,4354,1626,23463,26863,4845.666666666667,0.9592195387588653,5,8710,0.245601,0.26583313202079156,877.043720026241,0.24455741625360958,0,50.0
2032-11-28,42,43221,574,Employed,Associate,19,13915,48,Single,5,Mortgage,545,0.2371257856288331,3,0,0.17274151708767804,0,Education,0,24,1,5759,3398,65373,16787,3601.75,0.8818062710393014,4,48586,0.22191500000000003,0.18969391105061362,415.83542426829774,0.2667690495643223,0,55.0
2032-11-29,38,74218,554,Unemployed,Bachelor,17,36285,12,Divorced,0,Mortgage,243,0.2993352628940348,2,2,0.2544659898560175,0,Other,0,30,12,8288,832,9120,3564,6184.833333333333,0.6812714962160422,8,5556,0.224285,0.20118110532758016,3363.2944852603036,0.5830867690199635,0,55.0
2032-11-30,29,35781,620,Employed,Doctorate,3,29823,36,Single,4,Rent,264,0.09805484158643085,2,1,0.16368874774108522,1,Education,1,18,12,1068,5901,55751,37922,2981.75,0.8599403519778506,8,17829,0.204823,0.2128101379504262,1127.891083147606,0.4668034151580803,0,65.0
2032-12-01,46,136643,595,Employed,Doctorate,22,17522,120,Married,0,Rent,271,0.2916444443834588,3,1,0.22661499894221995,0,Debt Consolidation,0,17,11,6191,2205,183189,16788,11386.916666666666,0.9398508331332842,9,166401,0.275022,0.2503575411569869,399.0549187072449,0.058844280530191376,1,36.800000000000004
2032-12-02,55,81226,684,Employed,Doctorate,34,15617,36,Single,2,Mortgage,136,0.2273178548162463,4,2,0.3499879292039427,0,Other,0,37,21,9671,3427,28994,12977,6768.833333333333,0.848748963058595,6,16017,0.158617,0.15198232472384007,542.8856887388926,0.10029581987130612,1,37.6
2032-12-03,51,45899,494,Self-Employed,Bachelor,25,21953,60,Married,0,Mortgage,274,0.2199909404347463,7,1,0.4119196291316315,0,Debt Consolidation,1,18,28,12053,12370,99615,10262,3824.9166666666665,0.4540386763896087,3,89353,0.279953,0.23306903697078185,622.742472157991,0.23444758417167894,0,64.0
2032-12-04,25,48634,459,Employed,High School,1,79944,48,Married,4,Own,387,0.335022338976679,3,0,0.32107223191953066,0,Auto,0,20,25,1024,4929,75141,21395,4052.8333333333335,0.6945144664540095,5,53746,0.345444,0.3171752230721364,2958.8680402390955,0.8255627026950106,0,53.0
2032-12-05,29,33563,519,Employed,High School,7,28109,48,Married,2,Rent,650,0.3895080032278502,1,1,0.20382309093197457,0,Auto,0,18,14,11047,2158,13205,5040,2796.9166666666665,0.9257137765986534,5,8165,0.263609,0.24977476795823722,931.6606422414509,0.5655015256948845,0,53.0
2032-12-06,60,116296,617,Employed,Bachelor,37,23684,48,Widowed,0,Rent,441,0.1323206936495293,3,0,0.2736919855347981,0,Debt Consolidation,0,17,2,1155,1735,129764,10263,9691.333333333334,0.6026575752892065,4,119501,0.21018400000000004,0.20080243036654802,721.7256531675927,0.11997581892765968,1,37.6
2032-12-07,46,53018,601,Employed,Associate,23,10632,72,Single,0,Own,575,0.16981356438543244,5,0,0.09640641470354364,0,Home,1,26,18,9629,2608,140361,77062,4418.166666666667,0.7955952702805985,4,63299,0.225132,0.23779237218427546,278.4837383041369,0.19317599418404396,0,50.0
2032-12-08,48,102184,517,Employed,High School,26,23205,24,Widowed,0,Other,525,0.29116205594092126,4,2,0.2926173788849457,0,Auto,0,22,25,10573,2748,91339,24100,8515.333333333334,0.9007579473078039,6,67239,0.239705,0.23353445112721832,1219.398307812098,0.2048537901603497,1,39.2
2032-12-09,42,27509,564,Employed,Associate,19,17330,96,Married,3,Rent,530,0.48332044505878285,4,0,0.35251071073693924,0,Home,1,23,28,726,1670,46181,22427,2292.4166666666665,0.8301894383533406,8,23754,0.27033,0.30635158800024387,485.6009553675804,0.44302633554149423,0,63.0
2032-12-10,50,31196,586,Employed,Bachelor,27,13537,60,Married,1,Rent,254,0.2963187890241837,8,1,0.14250574533166793,0,Debt Consolidation,0,18,11,570,4079,16323,51293,2599.6666666666665,0.9062440872163051,1,4394,0.225537,0.25085323919411945,398.0063024207438,0.2508038091117107,0,51.0
2032-12-11,40,59195,586,Employed,High School,20,35277,60,Single,4,Other,551,0.25117275473385714,7,2,0.13624213832584847,0,Debt Consolidation,0,26,4,2330,759,306448,7101,4932.916666666667,0.8470488314249505,5,299347,0.24727700000000002,0.2516119697917173,1038.7631044881498,0.3222764972355401,0,47.0
2032-12-12,55,84648,610,Employed,Master,32,14341,72,Single,0,Rent,389,0.05093373699012575,3,1,0.4311177594460885,0,Home,0,23,28,2938,1688,9785,10181,7054.0,0.880633968036235,3,8354,0.22434099999999998,0.19425218004424724,338.7462082301716,0.10316787754893274,1,40.800000000000004
2032-12-13,34,61776,546,Employed,Bachelor,14,25976,36,Single,2,Rent,232,0.45827792800132056,2,0,0.08972302740414004,0,Other,0,23,25,645,2221,12494,22243,5148.0,0.668552393288508,3,6778,0.237976,0.24013901362949597,1019.3021872543114,0.24306569293984293,0,51.0
2032-12-14,29,17791,473,Employed,Associate,4,6481,72,Married,1,Own,1177,0.1265800125432976,2,2,0.24455349305045854,0,Debt Consolidation,0,28,26,1431,750,83884,48821,1482.5833333333333,0.9721957381673336,4,35063,0.284981,0.26026465244059843,178.68405506939,0.9144066472279625,0,53.0
2032-12-15,29,115037,606,Employed,Bachelor,5,14464,36,Single,0,Own,177,0.22835567145896365,2,1,0.4154040248045066,0,Home,0,23,15,88,313,22085,36066,9586.416666666666,0.7153368371236384,4,8520,0.196464,0.17563253849423047,519.7447445416292,0.07268041529681364,1,41.6
2032-12-16,33,78337,497,Unemployed,High School,11,15838,72,Married,3,Mortgage,152,0.46046149212670007,2,1,0.1855164929452986,0,Home,0,21,1,20685,703,135649,6804,6528.083333333333,0.812998997691097,7,128845,0.282338,0.2630568918536122,439.40756504646924,0.09059436512194277,0,54.0
2032-12-17,40,57257,566,Employed,Associate,17,17874,12,Single,4,Own,329,0.2357419328849755,2,1,0.19769015908582055,0,Auto,0,22,29,9080,462,40087,16363,4771.416666666667,0.6790151719615132,5,23724,0.199874,0.20216751015477952,1657.603909583069,0.4163551515971292,1,40.0
2032-12-18,42,59430,622,Employed,Bachelor,19,8283,108,Married,2,Other,509,0.5989279108442145,1,1,0.12143468330806817,0,Home,0,25,19,9632,1514,27488,37229,4952.5,0.6567277689170862,5,7449,0.24228300000000003,0.2445965198231157,190.36882923783693,0.14121531130496456,0,48.0
2032-12-19,52,34833,607,Employed,Bachelor,29,60631,60,Married,2,Rent,216,0.11883314315210741,4,4,0.45860503470771335,0,Auto,0,21,13,1619,1275,18792,87348,2902.75,0.8247031645370688,9,7650,0.262131,0.28693236628984004,1913.2336562327246,0.7335229200698388,0,53.0
2032-12-20,20,32843,573,Employed,Associate,0,35615,60,Married,1,Mortgage,274,0.43400446390240405,1,2,0.3076294584862866,0,Home,0,19,19,395,867,151221,64749,2736.9166666666665,0.9820440925346642,1,86472,0.25411500000000004,0.29785620745220626,1147.5808431733992,0.5194096190384798,0,54.0
2032-12-21,42,69369,601,Employed,Bachelor,20,22478,36,Divorced,1,Own,518,0.4369964266182425,4,0,0.20439507693623982,0,Debt Consolidation,0,20,11,1009,520,8327,65893,5780.75,0.9568033563348461,1,3569,0.206978,0.22281459756430083,861.7214312236755,0.23867516000928524,0,50.0
2032-12-22,29,92184,536,Employed,Associate,9,27515,60,Married,1,Own,231,0.5801011696815588,2,3,0.22632455196096646,0,Other,0,23,4,1481,1389,52033,13124,7682.0,0.8682324323147449,8,38909,0.264515,0.290112405262434,873.5658567370762,0.14378623493062692,0,55.0
2032-12-23,56,51153,620,Unemployed,Bachelor,32,25300,48,Single,1,Mortgage,342,0.19588675665624447,4,2,0.3360869924804642,0,Auto,0,30,20,1208,352,152217,30664,4262.75,0.6835744683550061,6,121553,0.21030000000000001,0.2017086801656423,772.1932962609368,0.26137899155731315,0,49.0
2032-12-24,35,29609,556,Employed,High School,9,42064,48,Divorced,2,Mortgage,526,0.18245761203636016,2,1,0.210192256752709,0,Other,0,19,28,4505,2508,41866,27588,2467.4166666666665,0.8037937147515951,2,14278,0.25906399999999996,0.28133749428746047,1469.2417094592618,0.8086359050799129,0,53.0
2032-12-25,59,40083,572,Employed,Associate,35,26251,48,Single,0,Mortgage,380,0.29181908037372567,4,1,0.2597645993059069,0,Auto,0,14,19,5004,1703,14678,24809,3340.25,0.5610279687423665,6,3925,0.23525100000000002,0.2111723174413582,814.5366197951806,0.35761892666572287,0,53.0
2032-12-26,53,36750,523,Employed,Associate,29,25293,84,Single,3,Other,286,0.4538463501895022,2,1,0.1407098916366419,0,Education,0,22,27,1279,3567,31721,17582,3062.5,0.9837874814254348,5,14139,0.288793,0.275417511840766,681.874983679127,0.31604081099726594,0,52.0
2032-12-27,29,42699,600,Employed,Bachelor,7,12730,84,Married,2,Mortgage,423,0.3188907084024322,8,1,0.05826556613597028,0,Debt Consolidation,1,30,2,4838,270,10586,40687,3558.25,0.5987540488400601,4,8342,0.23773,0.2672484253249585,336.38744177410484,0.21341598869503406,0,58.0
2032-12-28,36,15000,648,Employed,Doctorate,11,14926,12,Married,1,Own,275,0.5903673837335037,3,2,0.4994991226872225,1,Debt Consolidation,0,21,9,11118,3624,112512,3464,1250.0,0.8238363622176954,9,109048,0.155926,0.14521266206914535,1343.826092565522,1.2950608740524177,0,65.0
2032-12-29,43,62274,585,Employed,Associate,20,16226,96,Married,1,Rent,703,0.6107075505618906,1,1,0.3675852769029929,0,Auto,0,28,29,1698,1309,110565,7614,5189.5,0.7388114606220371,7,102951,0.258726,0.28975106204754486,435.91471321546317,0.21946521114085424,0,52.0
2032-12-30,52,130256,489,Employed,Associate,27,31630,60,Single,1,Rent,765,0.3887395761724469,2,1,0.2781260854137704,0,Debt Consolidation,0,36,3,1342,1278,186360,23819,10854.666666666666,0.7817606482373664,8,162541,0.29213,0.301161468731824,1025.5956013429363,0.16496090173285866,1,39.2
2032-12-31,20,50590,489,Employed,Bachelor,0,18149,36,Married,4,Mortgage,439,0.3255553958940478,2,3,0.6378742412899543,0,Home,0,29,4,4185,1058,39202,47500,4215.833333333333,0.7690827981280628,5,1515,0.258649,0.28939449786897714,759.9491470406412,0.28439197004324357,0,61.0
2033-01-01,43,35418,529,Employed,Associate,22,23604,36,Married,1,Own,307,0.14682983586610754,3,0,0.17362572247092212,0,Auto,0,27,3,3818,659,355208,11387,2951.5,0.9759648463625455,7,343821,0.24410400000000002,0.20341201762056021,881.318194585805,0.4026150074829087,1,37.6
2033-01-02,55,86873,590,Employed,Master,30,18282,36,Single,2,Mortgage,193,0.40046156174532405,5,2,0.2400413601752944,0,Auto,0,29,9,6314,768,44875,84825,7239.416666666667,0.509174584679272,4,7092,0.208282,0.20249147456029756,681.7477051649485,0.12083124172043536,1,42.400000000000006
2033-01-03,40,80596,624,Employed,Bachelor,17,9088,60,Married,1,Rent,312,0.30905409453961435,4,2,0.4410563752375607,0,Home,0,32,7,1793,355,115027,13081,6716.333333333333,0.8579234771612179,7,101946,0.20208800000000005,0.2044053699806366,243.00948930024893,0.08263578678350027,1,39.2
2033-01-04,49,98280,544,Employed,Associate,26,16116,48,Married,3,Mortgage,311,0.3098016943906262,2,1,0.2597830119013953,0,Auto,0,27,15,3164,1174,185417,19823,8190.0,0.7259038085339689,9,165594,0.239116,0.20100389857366752,491.27813204835957,0.09795825788136259,1,37.6
2033-01-05,59,30727,605,Unemployed,Bachelor,36,49086,36,Single,2,Rent,523,0.3861772355602974,1,4,0.1354332943114534,0,Education,0,26,12,3752,1634,155730,53627,2560.5833333333335,0.8106491892662833,2,102103,0.231586,0.20478306755504005,1836.1964034245386,0.9213511517914036,0,47.0
2033-01-06,30,72650,605,Employed,Bachelor,3,7263,36,Married,0,Other,426,0.02987290726685658,1,1,0.15833574870503977,0,Debt Consolidation,0,17,4,1312,718,53885,7735,6054.166666666667,0.8289819548052767,6,46150,0.189763,0.21243754013700233,274.54383893091733,0.11571267814412949,0,49.0
2033-01-07,50,125173,625,Employed,Bachelor,29,88227,84,Married,2,Other,431,0.37705253018726953,1,1,0.32870537411233886,0,Home,0,24,16,16030,725,84175,64828,10431.083333333334,0.9064515963788186,3,19347,0.300727,0.29697035735907845,2504.7233238716567,0.2814399262337715,0,49.0
2033-01-08,50,59367,581,Employed,Associate,29,24726,24,Married,3,Mortgage,119,0.37789721438664814,3,0,0.11366105746166008,0,Debt Consolidation,1,29,15,1339,309,86920,8586,4947.25,0.8464338788373332,2,78334,0.209226,0.21162483169955898,1272.5358057626968,0.2812746082697856,0,54.0
2033-01-09,33,56473,515,Employed,Bachelor,11,22326,72,Married,1,Mortgage,632,0.4560535550462204,1,1,0.27874612660383496,0,Debt Consolidation,0,24,22,4705,627,40286,15743,4706.083333333333,0.8267490669633245,8,24543,0.279826,0.2792657856633836,642.1039480132474,0.27073552628971315,0,53.0
2033-01-10,54,98507,513,Unemployed,Doctorate,32,26356,60,Married,1,Own,383,0.2981245296483297,7,0,0.6149130376214281,0,Auto,0,25,8,3038,519,152573,7822,8208.916666666666,0.4915815980253028,6,144751,0.274856,0.2891756508175273,835.2665041352856,0.14840770757025826,0,57.0
2033-01-11,66,106070,691,Employed,Doctorate,45,22759,48,Married,3,Own,241,0.3641253787794405,4,0,0.1131483624489478,0,Auto,0,24,7,5110,789,42144,23132,8839.166666666666,0.8237592028500607,4,19012,0.17225900000000002,0.14345642251803065,625.876534632902,0.09807220152347342,1,35.2
2033-01-12,36,15957,633,Employed,Bachelor,14,21476,36,Divorced,2,Mortgage,432,0.4712553037135812,3,0,0.05765193695362137,0,Debt Consolidation,0,24,27,4801,616,87557,11112,1329.75,0.6233492941498568,5,76445,0.189976,0.17707689167979232,773.2632917953098,0.9063833741645495,0,48.0
2033-01-13,50,155348,636,Employed,Bachelor,31,6367,72,Divorced,3,Mortgage,705,0.5767057462857929,6,1,0.09429172541841022,0,Debt Consolidation,0,31,14,1065,3073,80870,18369,12945.666666666666,0.906574187069692,4,62501,0.20336700000000002,0.21353267565133138,157.54301701436427,0.06662793344087065,1,35.2
2033-01-14,21,18661,502,Employed,Associate,0,24293,60,Single,1,Mortgage,524,0.4640906540972775,3,0,0.3403260075771836,0,Other,0,25,27,1098,3147,232597,17784,1555.0833333333333,0.9840223926414302,5,214813,0.278293,0.2787791496477445,754.594269318899,0.8222030562042114,0,53.0
2033-01-15,42,69070,577,Self-Employed,Bachelor,23,15066,36,Married,2,Mortgage,555,0.3145211394432466,4,1,0.33378870594789767,0,Home,0,20,20,1788,3880,77920,13648,5755.833333333333,0.8428048630309866,8,64272,0.211566,0.19902659922087682,559.1595927699651,0.19357050981959723,1,44.0
2033-01-16,31,51313,557,Self-Employed,Associate,7,25446,72,Married,2,Mortgage,705,0.24396151350926104,2,1,0.11879088430143049,0,Home,0,29,27,2939,1047,1287298,55603,4276.083333333333,0.9381145039752768,11,1231695,0.261946,0.24293251094620003,674.4496415127401,0.3225965291086641,1,36.0
2033-01-17,51,75364,610,Employed,High School,28,16993,48,Married,1,Own,417,0.11051126916485114,4,1,0.5913964802269392,0,Education,0,26,27,6439,449,427709,19550,6280.333333333333,0.5807709861025161,2,408159,0.206993,0.19300701033723375,510.79302778180437,0.14772990198744299,1,38.400000000000006
2033-01-18,50,66509,614,Employed,Associate,31,11978,24,Divorced,2,Rent,713,0.30691851073419235,2,1,0.25261659768297995,0,Education,0,26,17,450,264,114162,31747,5542.416666666667,0.7674452237915383,6,82415,0.17997799999999997,0.18045653805788628,598.2551483443319,0.23658545129429073,1,37.6
2033-01-19,35,50262,549,Self-Employed,Bachelor,10,16462,36,Married,0,Mortgage,136,0.320289238287046,4,1,0.11674410686095639,0,Education,0,20,27,800,9470,118532,11851,4188.5,0.7926918973466704,4,106681,0.226962,0.1976326407256532,609.803018024747,0.17805969154225784,1,39.2
2033-01-20,54,50664,626,Employed,High School,29,44344,12,Widowed,3,Rent,538,0.3101209271510912,0,1,0.6684333162645221,0,Education,0,20,15,7104,819,83552,48044,4222.0,0.8865860902716738,8,35508,0.19634400000000002,0.2104082894597843,4129.906168562404,1.105614914391853,0,55.0
2033-01-21,47,40962,628,Employed,Master,26,18070,72,Divorced,0,Mortgage,220,0.23800227977801405,2,2,0.49106110773954054,0,Home,0,34,25,2128,2988,55052,7176,3413.5,0.6890288658851025,4,47876,0.21907000000000001,0.24451813904895478,480.6941676989989,0.20527147142200056,0,54.0
2033-01-22,39,100790,472,Employed,Master,15,19939,96,Single,0,Rent,348,0.2679848793687145,2,3,0.4154821267361931,0,Debt Consolidation,0,16,7,1099,2208,20671,12763,8399.166666666666,0.6517371282740886,4,7908,0.31893900000000003,0.2711279646966381,510.2416757311496,0.10218176514310741,1,44.800000000000004
2033-01-23,55,53763,622,Employed,Bachelor,31,13838,12,Married,5,Rent,660,0.5448923003381659,2,2,0.11796563189836094,0,Other,0,14,6,3173,332,20921,24326,4480.25,0.9030656860543382,4,3678,0.16783800000000001,0.16320824028352163,1257.6354622995514,0.42801974494716843,0,50.0
2033-01-24,54,26126,639,Employed,Associate,29,23172,72,Married,1,Rent,173,0.04403983737805217,1,0,0.1665206215142516,0,Home,0,19,5,1689,629,143909,136647,2177.1666666666665,0.8811260844549547,3,7262,0.218672,0.22452427123107344,588.4616589195846,0.3497489055743327,0,50.0
2033-01-25,47,22708,604,Employed,High School,24,20512,84,Divorced,3,Rent,471,0.24630986213993483,3,0,0.18756214495720241,0,Debt Consolidation,0,21,2,1201,1838,16204,223226,1892.3333333333333,0.5646399353359619,5,9027,0.243512,0.24939994672659727,518.4055782393865,0.5228495217048018,0,53.0
2033-01-26,29,55968,529,Self-Employed,Associate,4,17492,60,Single,0,Own,476,0.05968992154243471,2,0,0.3612863294801462,0,Home,0,33,1,3426,1695,61063,42304,4664.0,0.8553422997717508,4,18759,0.257992,0.28221831909981643,546.9710788370793,0.21933342170606332,0,60.0
2033-01-27,33,46728,605,Employed,Master,7,14605,36,Single,1,Rent,298,0.4411380091777284,5,0,0.09225242864017506,0,Education,0,24,15,2327,375,48571,144798,3894.0,0.6412218310164604,4,3412,0.197105,0.19496523662533216,539.0347096199934,0.21495498449409178,0,49.0
2033-01-28,41,57887,624,Employed,High School,20,19464,108,Married,0,Own,253,0.13978447082093692,5,2,0.23076443796305157,0,Home,0,32,6,3788,1882,20434,9996,4823.916666666667,0.8159792427572492,7,10438,0.252464,0.22568757968283656,422.55087195301843,0.14004198634298237,0,50.0
2033-01-29,25,26422,561,Employed,High School,2,33755,72,Single,1,Mortgage,510,0.4403392097891933,1,0,0.6295512838465883,0,Home,0,21,9,1448,876,58816,28363,2201.8333333333335,0.9042832381436441,7,30453,0.268255,0.3014271300431037,1018.5985896808322,0.6942390082571337,0,62.0
2033-01-30,36,121375,436,Self-Employed,Bachelor,15,10421,36,Married,0,Own,412,0.19845779602563615,3,2,0.5320393434425864,0,Home,0,27,21,5029,1945,35674,37730,10114.583333333334,0.6921472153001768,2,9257,0.27742100000000003,0.3329052,461.37726086876046,0.08634831827332749,1,46.400000000000006
2033-01-31,33,64855,642,Employed,Doctorate,11,15785,24,Married,2,Rent,418,0.331506237318979,3,1,0.23775933319593162,0,Education,0,28,24,2586,1030,119852,5144,5404.583333333333,0.7188200971400839,4,114708,0.169785,0.1996763724160142,803.1407091430235,0.22594539372008762,1,36.0
2033-02-01,38,46235,590,Employed,Bachelor,16,24018,60,Single,0,Own,392,0.5554933525984128,3,1,0.20369508012679538,0,Other,0,17,29,4576,2147,77418,114850,3852.9166666666665,0.8660176490904049,6,3315,0.234018,0.263943890861733,724.7286654713579,0.2898398180092202,0,54.0
2033-02-02,42,188297,638,Employed,Bachelor,18,31123,60,Single,2,Rent,374,0.23874109454463086,4,0,0.2145856201387915,0,Other,0,21,12,6030,1341,44494,73759,15691.416666666666,0.7127930595445174,4,5159,0.217123,0.22768158494885885,873.23135662914,0.0794849428272871,1,37.6
2033-02-03,44,42598,618,Employed,Bachelor,21,26443,60,Single,0,Rent,460,0.04045448188762009,2,2,0.3716006345862547,0,Debt Consolidation,0,26,28,4240,1601,178140,4637,3549.8333333333335,0.6284429488093415,5,173503,0.222443,0.21997819038524866,730.2941013877233,0.3353098553136927,0,47.0
2033-02-04,42,59936,546,Employed,High School,18,33330,120,Married,1,Mortgage,262,0.24022369399615384,1,1,0.5429794419739037,0,Other,0,24,21,3967,2714,458228,90825,4994.666666666667,0.8864949081463549,5,367403,0.31533,0.3103662013668857,904.263038697065,0.23350167619401993,0,52.0
2033-02-05,41,31392,546,Employed,High School,20,14046,24,Divorced,4,Mortgage,1344,0.3654318574296997,3,0,0.4510946724142568,0,Debt Consolidation,0,13,26,883,133,23577,11736,2616.0,0.9118636377312365,5,11841,0.216046,0.2145757631787368,724.9236100211684,0.7908729396105384,0,57.0
2033-02-06,18,74888,523,Employed,High School,0,82338,48,Married,0,Rent,148,0.2600140683705058,0,0,0.46873004927046547,0,Education,0,24,19,1083,977,50665,34131,6240.666666666667,0.8393453577543734,4,16534,0.315838,0.31248756683777396,3024.760897603124,0.5084009557103606,0,56.0
2033-02-07,41,66711,581,Employed,High School,16,29154,60,Married,0,Rent,964,0.08056757723727964,3,1,0.016033039168550808,0,Auto,0,28,29,6437,910,10320,23648,5559.25,0.7966297597366344,2,10280,0.24365399999999998,0.22019775170797296,805.5295891976723,0.3183036541255875,0,49.0
2033-02-08,33,56697,625,Employed,Doctorate,9,41092,12,Widowed,1,Mortgage,791,0.22469241435480644,3,0,0.38028273726467976,0,Other,0,21,9,3937,1488,20511,16662,4724.75,0.9180163094132429,2,3849,0.19359200000000001,0.1831475272217536,3773.4723828048477,0.9660770163087673,0,52.0
2033-02-09,27,160967,491,Employed,Associate,2,41110,84,Married,0,Rent,471,0.24415916909814053,4,0,0.30244136750236056,0,Debt Consolidation,0,16,6,29855,1173,40159,137451,13413.916666666666,0.801093543970326,5,2818,0.32061,0.3312344164444127,1263.0109626238607,0.129269549357858,0,54.0
2033-02-10,38,17296,531,Employed,High School,12,17024,36,Married,0,Mortgage,671,0.09319152190328753,3,1,0.21149868116304266,0,Home,0,25,14,13106,2539,76819,74323,1441.3333333333333,0.6992240785892223,6,2496,0.236524,0.2734726615446415,698.1839745184117,0.9499426280192496,0,53.0
2033-02-11,37,46028,480,Employed,Bachelor,13,23368,60,Married,0,Mortgage,603,0.6030507316561068,2,0,0.1516693948092034,0,Debt Consolidation,1,27,24,3263,15304,31023,82021,3835.6666666666665,0.9071975317102386,3,3299,0.288368,0.29028523505778664,742.1498607587669,0.3506951926893457,0,59.0
2033-02-12,45,39434,601,Self-Employed,Bachelor,23,26834,60,Married,1,Own,641,0.3805282979620809,6,1,0.38528651567155847,0,Home,0,25,26,3399,485,20592,16640,3286.1666666666665,0.7540669199198176,4,3952,0.23133399999999998,0.2084330615720438,723.5865959987962,0.4152517916515077,0,55.0
2033-02-13,27,32127,569,Self-Employed,Associate,9,25512,60,Single,0,Mortgage,406,0.3185739794388272,3,0,0.09970627181880135,0,Education,0,23,25,1777,701,115767,43014,2677.25,0.9002595212303042,2,72753,0.246012,0.2660687407507194,773.0339276820816,0.4403899253644903,0,52.0
2033-02-14,31,113936,575,Unemployed,Doctorate,8,27594,60,Married,1,Rent,716,0.4442665511566447,2,1,0.16703667742123895,0,Home,0,20,22,8959,3506,91164,11338,9494.666666666666,0.8511195747527905,6,79826,0.24509400000000003,0.26403759666088,832.7859751072523,0.16312167972622377,1,40.800000000000004
2033-02-15,51,43107,594,Employed,Associate,29,32804,96,Single,0,Mortgage,579,0.3215874399759192,4,0,0.1411523967421517,0,Education,0,21,24,5105,768,5873,16859,3592.25,0.7693008521496192,7,3496,0.270804,0.2891086090587686,879.8304542663687,0.40610493542107834,0,51.0
2033-02-16,40,40302,568,Employed,Associate,15,58018,48,Married,2,Mortgage,406,0.6821519349656697,2,1,0.12403038710323072,0,Home,0,17,17,327,3938,19591,21327,3358.5,0.8367221929249128,7,4296,0.269018,0.25385986894090223,1936.2215564507821,0.6974010887154332,0,53.0
2033-02-17,54,22301,577,Employed,Associate,32,24090,72,Single,0,Mortgage,351,0.16117021008987328,4,2,0.1030386534276166,0,Debt Consolidation,0,27,27,1537,223,76634,17773,1858.4166666666667,0.6798744746416515,3,58861,0.25059,0.2420579227112151,637.2262145791148,0.5317570770346342,0,49.0
2033-02-18,40,18866,444,Employed,High School,14,30712,36,Married,0,Mortgage,409,0.5680015665726943,4,1,0.17054604946080443,0,Home,0,20,15,1707,1163,81981,1657,1572.1666666666667,0.7378340474015836,2,80324,0.293712,0.2707107061312455,1254.995301228326,1.0584089692960836,0,51.0
2033-02-19,50,35253,581,Employed,High School,27,28654,96,Divorced,3,Own,140,0.5543822474227434,0,2,0.4504546024216048,0,Auto,0,25,26,6271,2020,54102,26976,2937.75,0.9695557535142741,4,27126,0.273154,0.2585820514165298,709.0311399016418,0.28900728104898027,0,58.0
2033-02-20,43,77895,632,Employed,Doctorate,21,29293,24,Married,2,Rent,640,0.12088779690647845,6,0,0.18802857523567645,0,Education,0,30,25,907,3544,91835,28294,6491.25,0.9071779917145121,6,63541,0.18829300000000002,0.2259516,1528.2899350508276,0.3340327263702411,0,44.0
2033-02-21,32,69144,545,Employed,High School,9,17962,84,Married,0,Own,270,0.4243355498885128,4,1,0.3782921951539169,0,Home,0,22,26,1163,1009,17254,46201,5762.0,0.7981111932992033,5,2866,0.270462,0.306079695830027,520.9510397429943,0.13727022557150198,0,55.0
2033-02-22,35,49786,622,Employed,Doctorate,10,12109,72,Single,1,Other,631,0.4097563152030949,2,0,0.32193682494613607,0,Auto,0,26,24,5355,1681,19549,3971,4148.833333333333,0.8139583017991374,8,15578,0.21610900000000002,0.25321147883749845,328.5725693642019,0.23128732640441937,0,53.0
2033-02-23,33,82182,644,Employed,Bachelor,15,28702,84,Married,2,Mortgage,318,0.2527746613508002,4,1,0.24799903793942726,0,Other,0,21,18,308,967,39463,20515,6848.5,0.8390519711418847,1,18948,0.23170200000000002,0.2082207268769907,651.6453449821246,0.14158506899060008,0,48.0
2033-02-24,26,32082,385,Employed,High School,2,14034,36,Married,1,Rent,519,0.674647835654609,2,1,0.2661215748966666,0,Education,0,26,15,2841,118,6234,33588,2673.5,0.6780498121403025,6,2662,0.306534,0.2632003344232032,567.8338318537885,0.40652097694175743,0,55.0
2033-02-25,38,47969,569,Employed,High School,13,70306,60,Single,1,Rent,272,0.23735566024512053,4,3,0.10466834542100967,0,Home,0,17,28,1034,16686,384329,12363,3997.4166666666665,0.9504550825058629,3,371966,0.290806,0.29019106001309486,2232.461770438676,0.6265200701549775,0,45.0
2033-02-26,28,34645,568,Employed,Master,7,16797,48,Married,0,Own,237,0.11059851697954787,4,1,0.23843851663629786,0,Auto,0,27,15,4216,2440,106516,26145,2887.0833333333335,0.8779962426369982,4,80371,0.227797,0.2032620572850314,514.0626700262432,0.2601458230715808,0,50.0
2033-02-27,29,27256,555,Employed,Bachelor,4,21427,60,Married,1,Mortgage,428,0.12397696470468457,1,1,0.27493858418408257,0,Home,0,30,10,8143,1272,21531,32418,2271.3333333333335,0.8054735629925871,7,4027,0.248927,0.23971435895025492,616.0560016846707,0.4596665695705917,0,53.0
2033-02-28,30,58742,559,Employed,Master,7,23237,60,Married,1,Rent,163,0.6071038643865202,5,1,0.5138781744583306,0,Auto,0,23,2,1487,868,51668,1688,4895.166666666667,0.723402384624378,7,49980,0.24873699999999999,0.27027763722676934,709.935051422999,0.17832591020183153,0,64.0
2033-03-01,55,97054,558,Employed,High School,33,30597,36,Married,0,Rent,450,0.22427746061893875,2,0,0.15807515004255804,0,Education,1,28,23,1712,821,223718,58094,8087.833333333333,0.9004758844230678,5,165624,0.23659699999999997,0.2519538347438666,1219.6953919012392,0.20644532634218962,0,51.0
2033-03-02,34,45773,549,Employed,High School,12,35716,48,Married,1,Rent,342,0.0855627532776879,6,1,0.24687433859189534,0,Home,0,20,4,1353,8083,55023,67729,3814.4166666666665,0.8703667891827657,2,5885,0.256216,0.25399627726817275,1192.214631707891,0.4022147462585955,0,55.0
2033-03-03,30,48860,542,Employed,Master,6,39922,60,Single,3,Mortgage,482,0.232993105254698,1,2,0.1557632310380644,0,Home,0,26,20,1831,223,99786,185618,4071.6666666666665,0.8032362334805901,1,8599,0.273922,0.25816723431375566,1190.9556123489772,0.4108773505564414,0,51.0
2033-03-04,25,57607,610,Self-Employed,Associate,3,28506,60,Married,4,Rent,586,0.41498687498460013,2,2,0.2827630597013234,0,Auto,0,24,11,4870,1949,569627,180171,4800.583333333333,0.6021560790848414,5,389456,0.228506,0.22724117480922773,799.0856649781089,0.2885244498018871,0,47.0
2033-03-05,43,91257,611,Employed,High School,23,26852,12,Married,2,Rent,242,0.11373861703978702,2,0,0.4202799268027486,0,Home,0,29,14,2997,5842,19291,92071,7604.75,0.9396756012729602,4,1539,0.18635200000000002,0.2043484288682251,2493.013457683901,0.3596454134171276,0,51.0
2033-03-06,29,71129,548,Employed,High School,11,9625,24,Widowed,2,Own,294,0.17326905731919506,4,0,0.08138475080628431,0,Education,0,17,21,2712,3879,391049,10362,5927.416666666667,0.8029098548424817,10,380687,0.21062499999999998,0.16849999999999998,475.1883651645526,0.12976789188621562,1,34.4
2033-03-07,34,85789,595,Employed,Bachelor,6,21575,36,Married,3,Mortgage,588,0.18404763560418583,2,0,0.2368512371271544,0,Auto,0,25,8,12328,1307,51252,103294,7149.083333333333,0.9608334243808079,3,8336,0.209075,0.19106682274544257,792.017832774331,0.1930342350801615,1,40.800000000000004
2033-03-08,26,30700,588,Employed,Associate,3,40275,48,Divorced,1,Own,485,0.159867534604399,3,1,0.5660341302888192,0,Other,0,25,21,1860,1519,92230,5528,2558.3333333333335,0.6699274897442242,7,86702,0.24127500000000002,0.26471162736936055,1368.66222942985,0.7245585261615048,0,56.0
2033-03-09,41,48883,592,Employed,High School,18,35018,48,Married,2,Mortgage,366,0.04448285840169284,3,2,0.07538906233896621,0,Other,0,27,1,1388,959,93693,25351,4073.5833333333335,0.9605133098256005,3,68342,0.234018,0.25594684435284976,1172.7413227990603,0.3777365520444474,0,52.0
2033-03-10,41,90193,597,Self-Employed,Bachelor,18,14759,36,Single,0,Mortgage,563,0.16699494283889568,2,0,0.5557102460453318,0,Auto,0,31,14,10400,816,65288,1901,7516.083333333333,0.9177696808358408,5,63387,0.201259,0.23027772775399294,571.5304427293408,0.15094702818125677,1,45.6
2033-03-11,45,65257,536,Employed,High School,22,19189,24,Divorced,0,Rent,377,0.4379825526600013,4,2,0.24612787824604868,0,Auto,0,22,15,1828,1024,18225,42719,5438.083333333333,0.673509386016619,9,9005,0.226189,0.2256446555322249,1000.8469206686295,0.2533699533846722,0,53.0
2033-03-12,51,45098,594,Employed,High School,27,36315,36,Single,1,Rent,613,0.8488466759490201,6,1,0.19209099361910256,0,Home,0,24,26,1833,3355,84817,67598,3758.1666666666665,0.9729087070759451,2,17219,0.22431500000000001,0.20524425551971942,1359.3187813613279,0.5248087581785431,0,54.0
2033-03-13,44,54978,611,Unemployed,Associate,20,20927,12,Single,0,Mortgage,1126,0.30914894777030755,3,2,0.11057130849808475,0,Home,0,27,18,4746,838,31428,7032,4581.5,0.7470329163088518,0,24396,0.180427,0.19184263450512415,1930.4015305623093,0.6671180902678837,0,50.0
2033-03-14,25,41509,594,Employed,Bachelor,1,14622,36,Married,4,Rent,482,0.21797540917764707,1,0,0.41547161769367463,0,Debt Consolidation,0,20,3,4878,504,89354,35873,3459.0833333333335,0.8667645446149836,4,53481,0.202622,0.17035656077190695,521.5736929522473,0.2901270643818682,0,58.0
2033-03-15,51,34250,595,Employed,Bachelor,24,25529,48,Married,4,Rent,352,0.28722029155196765,3,3,0.4035931647785994,0,Home,0,22,22,7115,97,19795,48973,2854.1666666666665,0.6342604355714127,6,2640,0.223029,0.22457141082354778,810.6677880949242,0.4073580571427472,0,57.0
2033-03-16,43,76634,576,Employed,High School,22,21375,36,Married,1,Mortgage,280,0.30654048788715893,4,0,0.34457352813422176,1,Other,0,22,20,606,2190,106660,33138,6386.166666666667,0.7323567717704276,4,73522,0.218375,0.20482805611228616,799.6396549882337,0.1690591103147272,0,64.0
2033-03-17,20,83886,486,Employed,Associate,0,67346,36,Married,1,Rent,274,0.20625585015192308,6,1,0.16096923502126187,0,Home,0,21,26,3739,969,83427,44589,6990.5,0.7842114536154973,5,38838,0.309346,0.2797254837326204,2784.6734717941495,0.437547167125978,0,49.0
2033-03-18,40,68572,604,Employed,Bachelor,17,10739,48,Single,2,Mortgage,399,0.3815504500190421,3,1,0.4585636057463798,0,Home,0,28,21,6464,226,15511,19112,5714.333333333333,0.8340949493177083,7,4412,0.203739,0.19640812977569164,324.74003560665557,0.1266534507857415,1,42.400000000000006
2033-03-19,60,40789,651,Employed,Bachelor,38,13604,24,Married,0,Mortgage,1043,0.39852556612474316,3,0,0.02713276041109026,0,Home,0,23,26,1663,547,131806,66506,3399.0833333333335,0.938558420639135,5,65300,0.163104,0.15823404410350525,664.9468347008861,0.5024727749248726,0,43.0
2033-03-20,58,103512,596,Unemployed,Bachelor,34,13567,60,Married,2,Own,152,0.19580693150874923,5,0,0.5163423564469669,0,Auto,0,23,6,7778,1650,162256,14230,8626.0,0.768518623665745,4,148026,0.220567,0.20697374452850822,364.7271387793318,0.05990344757469648,1,45.6
2033-03-21,42,21722,554,Self-Employed,Master,21,19531,48,Single,0,Mortgage,402,0.6654529245744025,3,1,0.5837438872287508,0,Auto,0,33,11,2896,2231,87323,23126,1810.1666666666667,0.5345187309476951,2,64197,0.237531,0.23588246751446704,632.3087440804186,0.5713886810130293,0,63.0
2033-03-22,46,48250,538,Employed,High School,25,14463,36,Single,2,Own,423,0.3690671330857325,6,1,0.1304220334789413,0,Auto,0,27,11,2921,464,51475,28291,4020.8333333333335,0.9586948740604418,7,23184,0.230463,0.2765556,595.553443505738,0.25331899113096074,0,51.0
2033-03-23,49,87521,544,Unemployed,Associate,24,35278,36,Single,0,Rent,221,0.04984568542209233,5,1,0.2505664026227267,0,Debt Consolidation,0,30,12,1122,282,18995,139027,7293.416666666667,0.8692385150829562,6,7099,0.248278,0.2617891739246892,1424.7369665976478,0.22564691444535337,0,53.0
2033-03-24,57,26708,640,Employed,Bachelor,36,10209,60,Married,1,Mortgage,1058,0.336053393501527,4,0,0.37101000379595184,0,Other,0,24,21,1483,4308,13925,51722,2225.6666666666665,0.7939290273726821,2,9778,0.19520900000000002,0.19204595492408763,265.9777047306997,0.5948679218499475,0,53.0
2033-03-25,45,18921,639,Employed,Associate,21,17025,48,Divorced,0,Other,432,0.43040868254489234,4,0,0.48204920050430855,0,Debt Consolidation,0,20,3,557,1098,115866,28846,1576.75,0.9474511538027398,7,87020,0.19252500000000003,0.1855722871288231,505.0802719139727,0.5943112553759141,0,57.0
2033-03-26,46,29485,532,Employed,Doctorate,26,41516,48,Married,4,Own,192,0.5822421539116205,2,0,0.3222228749092076,0,Auto,0,15,22,6782,255,17230,9939,2457.0833333333335,0.9659561159345247,2,7291,0.270516,0.2737564940916349,1432.1284512257419,0.6609985217808683,0,57.0
2033-03-27,31,26067,609,Employed,Bachelor,9,8922,48,Single,1,Rent,339,0.29729957151282976,4,4,0.14425914496189504,0,Education,0,35,26,4468,268,21735,22699,2172.25,0.9614735471685453,5,3875,0.19942200000000002,0.18036544008356292,262.2541503832133,0.2767886524954371,0,49.0
2033-03-28,59,89509,647,Self-Employed,Doctorate,38,44241,36,Single,0,Mortgage,314,0.2694427135847244,4,1,0.27158011106718605,0,Home,0,22,11,17214,2878,27301,8575,7459.083333333333,0.9612441631185249,2,18726,0.205741,0.2201525815362634,1689.933075662425,0.26865674857220057,0,51.0
2033-03-29,25,27914,597,Employed,Bachelor,3,11154,120,Married,2,Mortgage,375,0.12308021370164626,2,0,0.06724917860035487,0,Debt Consolidation,0,23,10,5707,727,63713,14835,2326.1666666666665,0.9254196523205535,4,48878,0.267654,0.2481541022547782,252.29548769653738,0.2696691929626155,0,51.0
2033-03-30,39,24133,563,Employed,Bachelor,21,15220,24,Married,0,Rent,335,0.06871371595098959,5,1,0.057205858655139205,0,Auto,0,24,12,6266,6223,49696,7688,2011.0833333333333,0.905216336020182,6,42008,0.20872,0.20301372066712986,776.8767316080841,0.5528745195084328,0,51.0
2033-03-31,36,29867,617,Employed,Associate,13,7099,72,Married,3,Mortgage,635,0.04577460664722765,6,0,0.0800648450181109,0,Auto,0,30,3,4567,1156,190631,19192,2488.9166666666665,0.8726063949877643,0,171439,0.213599,0.19624559367983063,168.49972943584038,0.3228311096939795,0,47.0
2033-04-01,37,20289,548,Employed,Associate,9,17930,60,Married,1,Rent,150,0.16782654635272387,3,1,0.36197246506121755,0,Other,0,20,15,2440,594,108645,39488,1690.75,0.7967383420038342,5,69157,0.24892999999999998,0.251936687037509,528.3069637386274,0.4011870257215007,0,53.0
2033-04-02,54,65477,524,Employed,Master,31,25086,36,Married,2,Rent,145,0.40756505009480437,0,2,0.27033419690021754,0,Education,0,21,9,12477,1923,42870,54302,5456.416666666667,0.9861716972432778,6,9642,0.248086,0.2715271092766824,1026.1976834184086,0.21464593981124522,0,54.0
2033-04-03,18,55172,443,Employed,Master,0,35548,24,Single,1,Mortgage,319,0.03713102977342562,1,0,0.4114026194552971,0,Home,0,26,5,385,2431,13562,8614,4597.666666666667,0.648774519397556,6,4948,0.289048,0.2935549608409603,1975.814709732095,0.4991259428113018,0,57.0
2033-04-04,30,65589,601,Employed,Associate,10,22221,48,Married,1,Rent,284,0.5585302082880513,2,0,0.6433066808168082,0,Home,0,19,19,3371,358,156603,226634,5465.75,0.768156962583406,6,9135,0.216721,0.21093410048856584,689.205623076179,0.17805527568516288,0,56.0
2033-04-05,61,87503,626,Employed,Bachelor,38,27747,60,Divorced,1,Own,746,0.18299295416150213,2,2,0.18015789940376836,1,Debt Consolidation,0,19,27,2504,1642,90305,14478,7291.916666666667,0.9748249381545205,6,75827,0.21974700000000003,0.25964505501577556,830.1752452012905,0.21615376549850276,0,55.0
2033-04-06,41,15802,631,Employed,High School,20,31345,36,Married,5,Mortgage,704,0.0367184040212552,2,1,0.29981699095369924,0,Debt Consolidation,0,30,29,1728,3703,123023,13297,1316.8333333333333,0.9271502369406737,4,109726,0.20084500000000002,0.2110213634347413,1182.569376865699,1.4326561525369188,0,46.0
2033-04-07,48,53821,585,Employed,Master,22,31142,48,Single,1,Mortgage,341,0.21327307643844073,1,0,0.03890029099660127,0,Education,0,21,22,3805,2851,64895,7578,4485.083333333333,0.8598264113501126,5,57317,0.23364200000000002,0.230400575625653,998.8305234061862,0.2987303521092926,0,48.0
2033-04-08,56,78234,617,Unemployed,Bachelor,34,23215,48,Single,1,Mortgage,648,0.35844496573860357,2,3,0.47397475136203776,0,Debt Consolidation,0,24,9,9644,670,192778,114934,6519.5,0.9000168843181701,5,77844,0.209715,0.20586913530680526,713.7206108769207,0.2088688719805078,1,44.0
2033-04-09,49,140139,610,Employed,Doctorate,25,18504,72,Married,1,Rent,265,0.20189031566469243,2,3,0.09514249717289743,0,Debt Consolidation,0,23,29,3030,585,59590,41526,11678.25,0.6588149560287152,7,18064,0.22850399999999998,0.20337905704389364,446.85489752264203,0.06095561385675439,1,36.0
2033-04-10,46,48594,605,Employed,Associate,24,18560,60,Single,3,Own,319,0.016950262396964417,4,3,0.2018092621917868,0,Debt Consolidation,0,20,8,678,1274,69457,26123,4049.5,0.8090103700022105,4,43334,0.22105999999999998,0.2114181283595425,503.59208467260834,0.2031342350099045,0,50.0
2033-04-11,18,68730,521,Employed,High School,0,12043,72,Married,0,Own,711,0.2065935473316074,3,1,0.09089496766556644,0,Home,1,29,2,2911,326,153307,21825,5727.5,0.8975317119466563,3,131482,0.266543,0.23508504092525545,313.470488119209,0.1788687015485306,0,56.0
2033-04-12,55,68951,599,Employed,Master,34,29840,60,Single,1,Other,499,0.15735628744074842,3,3,0.11066572053711132,0,Home,0,24,12,5027,453,46126,24183,5745.916666666667,0.8180878881082121,3,21943,0.23534,0.28195125520825803,932.6086933018566,0.24915235920613593,0,49.0
2033-04-13,61,92370,594,Self-Employed,Master,41,28463,24,Widowed,0,Rent,194,0.12570554438109918,3,0,0.07804551174938935,0,Education,0,27,14,1764,994,123292,5924,7697.5,0.9746545330808565,4,117368,0.20646299999999998,0.23608964736143168,1499.3206748430973,0.21998319907023026,1,37.6
2033-04-14,49,72249,646,Employed,Bachelor,24,11798,48,Single,3,Own,428,0.572954826690188,4,0,0.4703979832477619,0,Auto,0,26,25,1271,1191,107679,33398,6020.75,0.5249567825755326,3,74281,0.18379800000000002,0.19249719368629126,354.31814606934904,0.129936992246705,1,41.6
2033-04-15,33,58520,548,Employed,High School,11,17809,36,Divorced,3,Mortgage,390,0.5062785233508034,0,1,0.23378481459889033,0,Auto,0,22,8,4565,140,61479,13081,4876.666666666667,0.7441982503344883,4,48398,0.22880899999999998,0.1830472,646.5636106926166,0.2125557643252119,1,43.2
2033-04-16,53,40268,611,Unemployed,High School,31,45402,24,Married,4,Mortgage,1260,0.09979503422620585,1,2,0.27119735719964955,0,Debt Consolidation,0,23,6,8697,382,81902,546376,3355.6666666666665,0.8091241153228562,5,2387,0.21490199999999998,0.2241801933593002,2364.754810715656,1.0801891757372573,0,54.0
2033-04-17,45,40449,591,Employed,Associate,23,13511,36,Married,0,Own,574,0.10296410204391161,1,0,0.4281465394714718,0,Education,0,29,11,7735,1937,58037,63196,3370.75,0.9564542670995821,4,5838,0.203011,0.17099682848720732,482.3745566260394,0.31339451357295545,0,56.0
2033-04-18,49,122205,603,Unemployed,Master,23,19219,24,Single,4,Own,301,0.15407675471140617,4,0,0.14264926826307758,0,Home,0,24,15,6244,323,279145,26022,10183.75,0.8213750231639165,6,253123,0.192719,0.16941624224467386,949.6918803797411,0.12281250819980274,1,32.800000000000004
2033-04-19,37,106522,499,Unemployed,Master,12,40989,96,Married,1,Mortgage,1120,0.597426852020157,2,1,0.22342080073576198,0,Auto,0,20,17,5670,522,47606,5908,8876.833333333334,0.8239084743944816,5,41698,0.326489,0.30021524619757073,1130.9533151212875,0.2535761606189843,0,55.0
2033-04-20,42,131482,560,Employed,Associate,20,20261,36,Single,2,Rent,463,0.2819285273430076,9,1,0.10445715446092418,0,Other,0,25,28,3638,2258,7817,13932,6699.583333333333,0.8574075249162659,7,7592,0.225261,0.24288421616126069,797.9683357660323,0.18821593418984253,0,48.0
2033-04-21,30,30328,575,Employed,Master,8,21812,72,Married,0,Mortgage,410,0.3620038956838748,3,0,0.05496796067730404,1,Home,0,20,23,16100,2968,63135,53056,2527.3333333333335,0.873583133014887,2,10079,0.249312,0.2558938922951565,595.4668363692499,0.3978370494734568,0,63.0
2033-04-22,29,22177,589,Employed,Master,6,53725,24,Married,1,Rent,326,0.3102687543046184,2,0,0.21294459207526342,0,Education,1,23,29,432,2125,60686,4962,1848.0833333333333,0.9253331085374555,8,55724,0.234225,0.28107,2951.8146291572384,1.7736292352386194,0,58.0
2033-04-23,29,31283,510,Employed,High School,6,11656,36,Divorced,1,Rent,352,0.07625220692714602,4,2,0.127434193902229,0,Home,0,20,8,1006,343,19418,7909,2606.9166666666665,0.9196863619702285,5,11509,0.241656,0.23672735908674333,455.2976575744111,0.3096752834092937,0,51.0
2033-04-24,18,60055,578,Employed,Bachelor,0,11317,84,Single,4,Rent,810,0.2451502067764698,3,0,0.4990365219039543,0,Other,0,26,18,15721,2070,135713,18620,5004.583333333333,0.8136187630658395,7,117093,0.247317,0.2219243271274504,266.4577733257969,0.2150943848124147,1,41.6
2033-04-25,44,48279,554,Employed,Master,20,20405,72,Married,3,Mortgage,226,0.17398190201159305,0,0,0.0719315341548511,0,Debt Consolidation,1,21,20,8957,1263,91822,14967,4023.25,0.9636437400028447,8,76855,0.258405,0.275400679146278,581.8789914734897,0.20080258285552469,0,54.0
2033-04-26,22,45282,495,Employed,High School,2,19822,48,Married,1,Mortgage,189,0.12117180590904979,0,1,0.602552674102274,0,Home,0,25,4,8163,1343,27371,17181,3773.5,0.9667364123132636,5,10190,0.267322,0.2695490263315862,679.0371648724636,0.2300350244792536,0,61.0
2033-04-27,54,149936,565,Employed,Bachelor,30,31601,60,Widowed,0,Rent,669,0.09460988247945913,3,0,0.4146026089768338,0,Auto,0,29,8,2122,1162,30885,61278,12494.666666666666,0.8160820481382074,5,1295,0.25410099999999997,0.26386400407680893,953.3911015988618,0.1298466893820453,1,43.2
2033-04-28,33,42712,621,Unemployed,Bachelor,11,32869,48,Single,5,Mortgage,327,0.10245922155071026,7,1,0.3342659390779916,0,Other,0,25,11,3522,3404,16395,14880,3559.3333333333335,0.9379702156928998,6,1515,0.21736900000000003,0.22777033412052208,1049.4885977910203,0.3867265211999495,0,54.0
2033-04-29,42,35386,461,Employed,Associate,16,25298,60,Divorced,1,Rent,245,0.5598138719540786,3,1,0.1605163098596578,0,Debt Consolidation,1,27,5,2973,184,20217,8449,2948.8333333333335,0.958322695086304,7,11768,0.299798,0.32142719741763115,852.0818105699167,0.37203927335214493,0,60.0
2033-04-30,23,22432,529,Employed,High School,0,45009,60,Married,0,Own,240,0.7355112514281017,6,0,0.26226726816310014,0,Education,0,18,9,1477,1517,33679,16025,1869.3333333333333,0.7674848839288072,6,17654,0.285509,0.2888129809429114,1425.4189548621027,0.8909159886922804,0,57.0
2033-05-01,50,58998,532,Employed,High School,31,24414,24,Single,2,Own,581,0.24994319297132658,2,1,0.17577313313060264,0,Education,1,22,2,1575,1416,49177,3831,4916.5,0.8192962244716774,7,45346,0.23341399999999998,0.24948933706315718,1302.386849143294,0.38307471761279244,0,60.0
2033-05-02,60,20614,507,Employed,Associate,38,11026,96,Married,2,Mortgage,274,0.5242854978824742,7,1,0.1589945520017952,0,Auto,1,16,29,49919,581,50500,1103,1717.8333333333333,0.9567753147427518,7,49397,0.292526,0.2451557599404229,262.99473410445887,0.31260001985318264,0,59.0
2033-05-03,38,34089,532,Employed,Bachelor,15,24719,36,Married,1,Mortgage,613,0.5276120959084154,3,2,0.5309196086420547,0,Home,0,29,22,13063,700,40739,30913,2840.75,0.8489418202233565,4,9826,0.243719,0.2688885895227744,1007.6851801251131,0.5705131321394397,0,60.0
2033-05-04,31,91909,627,Employed,Bachelor,12,19570,60,Married,2,Rent,404,0.49166594728121815,5,1,0.12290849976962179,0,Education,0,24,27,2921,706,96990,51490,7659.083333333333,0.8679477553526461,6,45500,0.21107000000000004,0.21788351097966138,538.1497553423048,0.12301077222151975,1,37.6
2033-05-05,48,46000,592,Employed,Associate,24,16750,24,Married,0,Own,295,0.36463537392499074,1,1,0.21843622416394995,0,Home,0,28,7,11361,13713,67297,10276,3833.3333333333335,0.7640832494656354,4,57021,0.19575,0.19346878299180137,847.1699283859188,0.2979573726224136,0,52.0
2033-05-06,40,23718,517,Employed,Bachelor,16,28759,48,Married,2,Rent,575,0.03524994956089485,5,2,0.483619031126761,0,Education,0,24,9,5288,4015,62614,39338,1976.5,0.8170734140041116,9,23276,0.265259,0.2888103065786248,1016.863985065488,0.8053953883458073,0,58.0
2033-05-07,44,74278,589,Employed,Bachelor,23,12812,36,Single,2,Rent,383,0.4796075562730432,2,0,0.4149195831649921,0,Home,0,30,18,1506,5100,63294,6747,6189.833333333333,0.700849042303489,8,56547,0.203312,0.21201521295287654,484.01961855778177,0.14007156119838152,1,44.0
2033-05-08,52,41882,583,Employed,High School,29,6546,60,Widowed,3,Own,611,0.528227430182282,1,1,0.2486666848041854,0,Auto,1,28,7,8376,4336,36384,30932,3490.1666666666665,0.4782088097024579,4,5452,0.22004600000000002,0.24777769763619611,191.28184954402752,0.22986920859864216,0,61.0
2033-05-09,38,108778,534,Employed,High School,13,16852,48,Married,2,Mortgage,366,0.42735385436198614,6,0,0.29642969334771796,0,Auto,0,18,11,13296,1383,14679,30431,9064.833333333334,0.8312109139600464,6,3110,0.24485200000000001,0.2410503861605521,550.3851705305668,0.10109233527337147,1,41.6
2033-05-10,46,141512,585,Employed,Master,21,10103,60,Single,2,Mortgage,474,0.39656414194293466,2,1,0.24048221637052225,0,Debt Consolidation,0,30,9,6372,764,149321,56039,7248.25,0.8540918164716328,4,93282,0.222603,0.22653860800877496,282.80273899185005,0.10441178753379782,1,39.2
2033-05-11,38,28777,616,Employed,Bachelor,14,45921,48,Widowed,2,Rent,985,0.3843221310262648,1,0,0.6244658189313953,0,Education,0,23,27,17068,867,41248,140237,2398.0833333333335,0.6861322061406868,5,5788,0.23292100000000002,0.23795575324307483,1491.9239433998443,1.0328765097403527,0,57.0
2033-05-12,52,25211,570,Employed,High School,30,24613,120,Single,0,Rent,397,0.11518248877790216,1,0,0.06477921072793269,0,Debt Consolidation,0,22,23,1787,1230,22468,45552,2100.9166666666665,0.9391389898772016,2,2782,0.294613,0.31644787117256923,678.9369368739456,0.5121273746573856,0,51.0
2033-05-13,41,37831,475,Employed,High School,20,16998,12,Divorced,0,Mortgage,197,0.5881435911894689,4,1,0.1563361513779061,0,Debt Consolidation,1,27,1,16846,659,561278,38965,3152.5833333333335,0.9549596065528808,0,522313,0.244498,0.1955984,1571.0227440507529,0.5608171322092736,1,43.2
2033-05-14,56,68198,630,Employed,High School,35,17824,48,Married,0,Own,521,0.5629309125534101,1,3,0.45158006970416004,0,Auto,0,22,9,1228,4090,15908,54690,5683.166666666667,0.7264463314524514,9,3410,0.19782400000000003,0.20500271122939953,547.1529546872091,0.1879503131506277,0,55.0
2033-05-15,40,70901,511,Employed,Bachelor,21,22842,72,Divorced,3,Mortgage,556,0.46007840083879636,3,0,0.20244509521815263,0,Education,0,23,3,2931,1758,43744,20551,5908.416666666667,0.5365005459479891,4,23193,0.282342,0.2748401626834929,650.5675846545832,0.20421166155420936,0,56.0
2033-05-16,28,18007,598,Employed,Bachelor,4,36366,48,Single,0,Rent,130,0.10013961839202451,5,0,0.05798029898598343,0,Home,0,26,27,5662,374,62452,20041,1500.5833333333333,0.9177153837877037,4,42411,0.23236600000000002,0.21703847203024781,1139.911103785916,0.8462782942983836,0,51.0
2033-05-17,33,70216,635,Employed,Bachelor,13,27369,48,Single,0,Rent,246,0.1702029149394648,2,0,0.6258294346463513,0,Education,0,33,11,2849,1657,150167,14902,5851.333333333333,0.9349973614930569,5,135265,0.20486900000000002,0.19029207426160968,818.7582169894079,0.18196847732529473,1,40.0
2033-05-18,28,90514,521,Unemployed,Master,3,53502,60,Married,0,Rent,1029,0.14148085013395748,6,0,0.23480287266728786,0,Debt Consolidation,0,21,28,18928,752,23412,15110,7542.833333333333,0.9695015953534042,3,8302,0.298002,0.33354559803714756,1842.808532469795,0.3807333936146623,0,53.0
2033-05-19,48,71367,630,Employed,High School,26,30912,84,Widowed,3,Mortgage,746,0.06542143824729683,3,2,0.19406576714530388,0,Home,0,14,8,3521,692,69509,11766,5947.25,0.8555344515277757,4,57743,0.24091200000000002,0.25444778203040375,791.2454466666775,0.2584800448386527,0,45.0
2033-05-20,36,30857,550,Employed,Master,14,21465,60,Married,0,Other,448,0.3048859722140189,3,2,0.13899982428063296,0,Auto,0,26,23,604,592,214205,5200,2571.4166666666665,0.7296562208639144,1,209005,0.251465,0.28103280380997364,669.6684556271571,0.4346508561274876,0,47.0
2033-05-21,67,68557,553,Employed,Bachelor,43,32786,36,Married,1,Mortgage,387,0.11281231102047148,4,1,0.37576725886501666,1,Home,0,26,4,1638,835,97669,23886,5713.083333333333,0.9193522717707768,3,73783,0.241286,0.2726827260345886,1343.2186771250756,0.3028519936038757,0,66.0
2033-05-22,20,15676,555,Employed,Bachelor,1,19710,60,Married,1,Rent,484,0.5192593118137316,5,2,0.30083818554831826,0,Home,0,17,1,2274,2046,24701,10425,1306.3333333333333,0.8952019274581491,7,14276,0.24720999999999999,0.2423888616794948,569.752863593866,0.806649295938147,0,61.0
2033-05-23,31,44545,561,Employed,High School,9,43434,48,Divorced,1,Own,336,0.1201174585677008,3,2,0.4914326281339934,0,Auto,0,19,17,8119,192,38624,42688,3712.0833333333335,0.9382174362603836,3,2233,0.257934,0.24969654671528255,1439.4116890151192,0.47827904968417173,0,56.0
2033-05-24,22,30078,577,Employed,High School,2,24266,36,Single,0,Other,165,0.4641584184812782,7,2,0.40434847228838194,0,Other,1,21,27,12055,1150,135875,36771,2506.5,0.8419768588519534,8,99104,0.22076600000000002,0.21700981541745776,922.9800110434691,0.43406343947475323,0,62.0
2033-05-25,30,30365,565,Employed,Bachelor,10,24866,96,Married,0,Own,413,0.36225515224421717,3,0,0.3186086739884122,0,Home,0,15,11,1479,770,23205,9158,2530.4166666666665,0.7550535772045632,5,14047,0.277366,0.29791212886679497,682.1029222277465,0.43277573083263493,0,55.0
2033-05-26,40,38210,602,Employed,Bachelor,17,9211,60,Divorced,3,Own,365,0.4705185027447694,0,3,0.2019183113395797,0,Education,0,21,26,6286,2396,1150659,72640,3184.1666666666665,0.7331938726497297,4,1078019,0.21321099999999998,0.24877809486651456,269.69559930122455,0.199328636263143,1,34.4
2033-05-27,45,167867,534,Employed,Doctorate,23,27524,60,Married,2,Mortgage,1274,0.11210938167839779,1,0,0.04403124069760418,0,Home,0,26,20,1938,465,382639,193081,13988.916666666666,0.8785860815228611,5,189558,0.265524,0.23747050998829372,787.7735493820213,0.14738621999907223,1,34.4
2033-05-28,30,88238,626,Employed,Doctorate,5,28240,36,Divorced,1,Mortgage,167,0.19767720066844463,4,1,0.1257842288975973,0,Home,0,28,15,2018,4840,246344,22021,7353.166666666667,0.7995674947964747,10,224323,0.20024,0.21501386796963295,1071.2275940985978,0.16839378872122185,1,32.800000000000004
2033-05-29,48,27895,560,Employed,High School,23,34877,36,Single,1,Rent,722,0.32414445728886565,4,1,0.0787121465967189,0,Home,0,36,3,1655,425,8822,7373,2324.5833333333335,0.9553645788099727,5,1449,0.23987699999999998,0.21209087208364677,1317.7404594532288,0.8774649762838769,0,55.0
2033-05-30,40,18676,567,Employed,High School,19,23114,60,Single,3,Own,851,0.23007366267069151,3,0,0.4098266905994475,0,Home,0,20,2,2283,1321,271967,43195,1556.3333333333333,0.8704161059389871,4,228772,0.244614,0.23541947025923954,658.8116508707943,0.970108150056197,0,58.0
2033-05-31,24,39570,560,Employed,High School,0,23677,36,Widowed,0,Mortgage,499,0.08971623861337807,2,3,0.15823549984293156,0,Debt Consolidation,0,30,16,4473,725,67130,8487,3297.5,0.8550725240172266,6,58643,0.228677,0.1929872850746635,871.4848297381438,0.4156132918083833,0,48.0
2033-06-01,45,92821,553,Employed,Associate,18,12157,72,Divorced,1,Mortgage,258,0.12734048581215776,6,4,0.22296738918697093,0,Home,0,27,5,759,253,13416,9525,7735.083333333333,0.7926397683545108,2,3891,0.250657,0.23731799691058506,318.0788790264232,0.07447610506584802,1,41.6
2033-06-02,29,72411,614,Self-Employed,Doctorate,5,23635,36,Married,2,Mortgage,508,0.2707031351953525,3,2,0.6608354292889516,0,Other,0,19,23,965,687,56033,18307,6034.25,0.9504349309296224,3,37726,0.20163499999999998,0.161308,832.4635419947397,0.22214252674230264,1,46.400000000000006
2033-06-03,60,39196,531,Employed,High School,38,15887,48,Married,0,Rent,473,0.26827087922163056,3,2,0.40967075625483684,0,Debt Consolidation,0,20,22,1386,1204,28344,55744,3266.3333333333335,0.8209937905254129,7,5016,0.245387,0.2746156060974367,548.8122887724452,0.3128316018284861,0,57.0
2033-06-04,30,30064,488,Unemployed,Bachelor,5,22167,48,Married,0,Rent,567,0.7941354913252576,4,2,0.17705060484053103,0,Other,0,27,10,13720,1485,45782,7203,2505.3333333333335,0.8924152768064072,5,38579,0.273167,0.24792052124260278,732.4254437414346,0.5186636949473529,0,56.0
2033-06-05,22,21394,598,Self-Employed,Bachelor,0,15810,24,Married,2,Other,339,0.12985883788064728,3,1,0.33861356730804576,0,Home,0,31,26,8539,651,262355,7269,1782.8333333333333,0.9495735515019412,8,255086,0.19180999999999998,0.20173518577224622,806.003439243877,0.6422380700629393,0,52.0
2033-06-06,53,31373,550,Employed,High School,30,19083,60,Widowed,3,Rent,587,0.2538037573307235,4,0,0.2801938431722996,0,Home,0,20,23,10109,15220,31995,7353,2614.4166666666665,0.8742274066340397,8,24642,0.249083,0.2963244324994481,613.0985102574715,0.4590310816016848,0,53.0
2033-06-07,27,32775,547,Unemployed,Bachelor,3,27984,12,Single,3,Other,227,0.30946901136571076,3,0,0.33406211033563377,0,Other,0,24,14,731,892,134751,44741,2731.25,0.8099257632106542,4,90010,0.219484,0.25724276847716276,2669.5622988581217,1.06052624214485,0,56.0
2033-06-08,43,26346,585,Employed,High School,22,25230,24,Married,1,Rent,246,0.19991617769116446,3,1,0.15178286680655997,0,Other,0,24,15,4000,1246,349293,31804,2195.5,0.9897208058943127,5,317489,0.20773,0.20760276535260314,1293.4911495063445,0.7012029831502367,0,45.0
2033-06-09,35,68914,540,Employed,Associate,9,21360,36,Married,1,Mortgage,583,0.5086441271777887,1,1,0.13321075550654546,0,Debt Consolidation,0,27,4,260,361,202623,8717,5742.833333333333,0.9604678007538661,6,193906,0.23636,0.22693311429897092,823.4292023225944,0.2449016227163005,1,40.0
2033-06-10,42,54976,568,Employed,Bachelor,19,13587,60,Single,4,Own,105,0.6304253520705315,5,0,0.21261127366369736,0,Debt Consolidation,0,27,13,5579,4255,10494,7575,4581.333333333333,0.6720852620673785,5,2919,0.234587,0.22569505471235046,379.6708647030457,0.1057925344957172,1,43.2
2033-06-11,44,31956,596,Employed,High School,23,24555,120,Married,1,Rent,387,0.21894653900238406,3,0,0.2472811009638963,0,Other,0,27,13,7653,2601,146706,6002,2663.0,0.8929959455697073,3,140704,0.281555,0.27185376846398396,596.869790855574,0.3694591779405085,0,49.0
2033-06-12,44,142352,654,Employed,Doctorate,21,22312,60,Married,3,Own,473,0.24930193666460873,2,1,0.22265477681622534,0,Home,0,20,20,1713,953,103241,24055,11862.666666666666,0.7696552273339287,5,79186,0.200312,0.20429530958946748,596.4766743513753,0.09015482811773987,1,33.6
2033-06-13,62,53752,586,Employed,Bachelor,41,22411,48,Married,3,Own,105,0.45884909261961854,2,0,0.2940014381601579,0,Auto,0,24,14,4433,2750,58580,65443,4479.333333333333,0.8535342331321161,6,10133,0.224411,0.19712910916793341,678.5515774515877,0.17492593632644465,1,42.400000000000006
2033-06-14,53,44129,630,Employed,High School,31,23041,72,Divorced,2,Mortgage,141,0.277745300480695,3,1,0.5088241410293096,0,Auto,0,27,13,4965,457,218946,20058,3677.4166666666665,0.7361538224325934,1,198888,0.22304100000000002,0.22112702950550325,580.4734916433454,0.1961903034222426,0,52.0
2033-06-15,27,15689,558,Employed,Associate,9,9567,60,Single,0,Own,282,0.04371654273175184,1,1,0.22349495298688424,0,Education,0,19,23,2460,517,46491,34962,1307.4166666666667,0.6019955047822253,4,11529,0.23556699999999997,0.2714560797730498,292.9646483449053,0.43977154567779103,0,53.0
2033-06-16,51,64469,633,Employed,Bachelor,28,41986,12,Widowed,3,Rent,393,0.0972661836382761,2,0,0.2132312501136526,0,Auto,0,29,19,4560,1958,9282,55815,5372.416666666667,0.8312144204830624,5,9461,0.19048600000000002,0.22723410536859795,3944.286088370217,0.8073249633225674,0,48.0
2033-06-17,18,100757,566,Employed,Bachelor,0,31055,36,Single,0,Mortgage,397,0.1079371242802176,5,1,0.26831740381156255,0,Home,0,21,15,2727,1289,276945,113224,8396.416666666666,0.9009182600528349,2,163721,0.23305499999999998,0.19023563296655924,1138.722710454605,0.18290215593413126,1,36.800000000000004
2033-06-18,46,160851,633,Employed,Master,24,49491,60,Widowed,3,Own,433,0.26424793724779055,2,1,0.6973388501893003,0,Auto,0,28,2,4690,1891,296154,6100,13404.25,0.881467557905687,8,290054,0.237991,0.2690674330598472,1508.4665528960093,0.14483962570796644,1,40.800000000000004
2033-06-19,40,16015,555,Employed,Bachelor,16,23821,24,Married,3,Other,667,0.21833623233095084,4,0,0.07405691558527604,0,Education,0,23,22,18204,1079,50750,18323,1334.5833333333333,0.7628636071956453,8,32427,0.221321,0.2055282573069022,1218.8318303010033,1.4130491391577922,0,52.0
2033-06-20,44,102253,552,Employed,High School,20,12701,48,Divorced,2,Rent,462,0.5415806576492466,2,1,0.4208535514092804,0,Debt Consolidation,0,26,13,2658,439,308972,11486,8521.083333333334,0.8329244473494277,5,297486,0.231701,0.2024639679088422,388.1653660354257,0.09977198118808356,1,40.0
2033-06-21,26,49923,596,Employed,High School,5,60882,48,Married,0,Rent,1156,0.32012026749406647,1,2,0.3139312878614085,0,Auto,0,23,10,3016,1670,67821,15437,4160.25,0.891865294185608,5,52384,0.257882,0.2742214570298623,2101.7861693272357,0.7830746155464782,0,53.0
2033-06-22,19,127298,604,Employed,Doctorate,0,20893,36,Single,2,Own,362,0.1270097111292172,2,0,0.5172603150449566,0,Education,0,37,5,819,785,15775,17868,10608.166666666666,0.9092657299153084,6,6226,0.203893,0.21592445805788354,793.5147962221471,0.108926908157754,1,43.2
2033-06-23,39,48283,571,Employed,High School,16,17014,60,Married,2,Rent,222,0.35776492811769306,2,1,0.6297906478176588,0,Auto,0,7,6,2529,3110,220886,6527,4023.5833333333335,0.9173078427505295,6,214359,0.236514,0.2652289940695891,514.687325501829,0.18309234939879354,0,57.0
2033-06-24,38,88136,600,Employed,Bachelor,17,20322,84,Married,3,Mortgage,212,0.22559488198713562,0,1,0.1680429327553836,0,Home,0,22,27,500,194,72120,24182,7344.666666666667,0.815572768458613,8,47938,0.245322,0.26286645648266416,531.2180534951801,0.1011915294765154,1,36.800000000000004
2033-06-25,30,44884,456,Unemployed,High School,6,33188,48,Widowed,2,Own,367,0.2529835342493596,2,0,0.16756441517920137,0,Debt Consolidation,1,16,15,3653,1130,265249,8730,3740.3333333333335,0.7934523964363233,1,256519,0.300188,0.3045918006631094,1203.8465618836594,0.4199750187729238,0,54.0
2033-06-26,26,58418,588,Employed,High School,4,10226,36,Single,1,Own,399,0.75451787488351,2,3,0.250024855667703,0,Home,0,28,5,9092,6523,15615,46736,4868.166666666667,0.8909823205821973,3,9643,0.20122600000000002,0.211817814948849,386.22032644500047,0.16129692761374925,0,56.0
2033-06-27,39,22695,604,Employed,Bachelor,17,12423,48,Single,2,Mortgage,644,0.1536551548862534,3,1,0.5490176221742813,0,Debt Consolidation,0,25,20,2674,2712,220306,22866,1891.25,0.8508812216255612,2,197440,0.205423,0.18345076685223302,367.1695213993067,0.5346567198410082,0,52.0
2033-06-28,55,74043,580,Employed,Bachelor,29,15561,24,Married,0,Rent,229,0.5659623691378988,2,1,0.16056161149243062,0,Auto,0,19,24,4963,3238,71181,3219,6170.25,0.8730526993150833,7,67962,0.200561,0.21207353996872466,801.1978527302914,0.1669620927402117,1,39.2
2033-06-29,31,71668,529,Employed,Associate,5,19798,60,Divorced,2,Rent,749,0.35880390636080717,2,0,0.38778688969253794,0,Education,0,23,5,1480,2393,33420,9913,5972.333333333333,0.3665048594518194,4,23507,0.26029800000000003,0.23309634497564705,561.6425790390206,0.21945234900469174,0,56.0
2033-06-30,25,15000,600,Self-Employed,Bachelor,0,50944,96,Divorced,3,Rent,306,0.13816776662774488,4,1,0.23236378526671525,0,Other,0,23,14,2314,568,59940,12497,1250.0,0.7456782495739319,4,47443,0.28594400000000003,0.3036849858612713,1417.976798442867,1.3791814387542936,0,53.0
2033-07-01,34,135799,549,Employed,High School,15,14504,48,Divorced,2,Other,254,0.05773530350085285,3,0,0.2777134121122467,0,Education,0,22,24,3627,2365,66252,116302,11316.583333333334,0.7268237270019958,5,9579,0.235004,0.217650913022984,455.1164535153105,0.06266170915974142,1,39.2
2033-07-02,18,47369,565,Employed,Bachelor,0,9470,72,Married,4,Own,450,0.6983986839584468,2,1,0.30628149055946413,0,Education,1,13,2,8609,1099,172337,12564,3947.4166666666665,0.9750964595816616,6,159773,0.24197,0.2317123084479352,244.57231546480938,0.17595616934234865,0,63.0
2033-07-03,47,21979,569,Employed,Bachelor,28,45784,60,Divorced,1,Rent,242,0.48437136280647203,1,2,0.30548631711872276,0,Debt Consolidation,0,27,12,825,2489,11532,6348,1831.5833333333333,0.8486240252959961,2,5184,0.266284,0.2648484542489596,1383.9667602082818,0.887738346717293,0,57.0
2033-07-04,41,29721,571,Employed,High School,17,22930,120,Married,0,Other,786,0.3044577620892041,4,1,0.16008992039964914,0,Auto,0,30,3,4381,2825,62540,89959,2476.75,0.8743531720780955,5,9011,0.29243,0.30363213926327753,610.6365186929821,0.5638988669397323,0,55.0
2033-07-05,46,19037,443,Self-Employed,Associate,23,13386,72,Married,1,Rent,295,0.23029308080802113,1,0,0.4365990517316216,0,Education,0,30,3,393,6816,23437,16159,1586.4166666666667,0.6242350012206935,4,7278,0.306886,0.2455088,356.9008270847158,0.4109266126499232,0,64.0
2033-07-06,26,96298,562,Employed,Bachelor,1,27370,48,Married,3,Rent,377,0.6004464640056851,5,1,0.19155976776353728,0,Other,1,19,17,2103,738,172257,33822,8024.833333333333,0.5064357433413711,7,138435,0.24137,0.22380068382354018,867.9786954176567,0.15514075416947268,0,53.0
2033-07-07,18,43925,557,Employed,High School,0,33155,24,Married,0,Own,495,0.3821094517047483,5,1,0.549257597488737,0,Auto,0,29,21,8855,1060,17647,42148,3660.4166666666665,0.7686153478484786,2,7574,0.22965499999999997,0.26009483835609937,1786.3698595059495,0.6232541448849492,0,59.0
2033-07-08,18,33363,576,Employed,Master,0,6721,96,Married,3,Rent,328,0.03681227798121759,5,1,0.3029507550503663,0,Auto,0,23,28,607,245,22542,14969,2780.25,0.8447897130665138,6,7573,0.25372100000000003,0.24549717470929977,160.46226501926603,0.1756900512613132,0,54.0
2033-07-09,56,85121,615,Employed,Bachelor,33,12495,108,Widowed,1,Mortgage,423,0.36322366101441095,4,2,0.26901198540967214,0,Auto,0,30,16,5791,1141,30923,14653,7093.416666666667,0.8725813306741211,4,16270,0.249995,0.26739297973288095,306.81559407365125,0.10288632803754437,0,48.0
2033-07-10,35,38754,593,Employed,High School,12,16033,24,Married,1,Rent,349,0.4273762466253496,5,1,0.08054971712833323,0,Home,0,22,16,10771,1831,65741,21946,3229.5,0.8767636604645924,2,43795,0.19453299999999998,0.19216023486052813,809.8851074014921,0.3588435074783997,0,52.0
2033-07-11,22,141468,464,Employed,High School,0,27694,48,Divorced,0,Rent,758,0.12992703328440428,2,2,0.09068062278937818,0,Debt Consolidation,0,24,11,3072,2475,13794,23198,6017.416666666667,0.8813889255553349,7,9017,0.290694,0.31652512352950335,1023.9425079621415,0.29613081604156954,0,47.0
2033-07-12,43,106213,526,Unemployed,Bachelor,20,12769,72,Single,5,Rent,197,0.1149315586158388,6,0,0.05336426516400034,0,Debt Consolidation,0,27,4,1486,632,40625,17406,8851.083333333334,0.7829850627434265,4,23219,0.26476900000000003,0.2646391531244046,355.51933399200254,0.06242392181657641,1,43.2
2033-07-13,52,30548,601,Employed,Associate,30,33619,72,Married,0,Own,656,0.6967733832982279,3,1,0.36442655914990263,0,Debt Consolidation,0,27,3,4266,995,84696,9507,2545.6666666666665,0.8856528746424386,8,75189,0.248119,0.29739913711031657,1005.7693701206839,0.6527835682024423,0,55.0
2033-07-14,28,32932,617,Employed,Master,6,27261,108,Single,3,Rent,501,0.2937530251579644,3,3,0.03536196755922407,0,Home,0,24,22,9709,5355,50368,30597,2744.3333333333335,0.8673159189260863,5,19771,0.263761,0.26569646800470714,666.171010750681,0.42530220238698446,0,48.0
2033-07-15,28,30994,542,Employed,Bachelor,7,22499,48,Married,0,Rent,535,0.4135118392924581,4,1,0.4106071364358849,0,Debt Consolidation,1,24,27,5789,2211,32303,25476,2582.8333333333335,0.879247071296583,7,6827,0.246499,0.2206883558410348,709.6963109700753,0.4819111999626025,0,64.0
2033-07-16,26,92622,582,Employed,Bachelor,5,13257,36,Married,0,Rent,601,0.47077967558329475,5,0,0.25485755497549,0,Auto,0,27,1,3072,1320,226003,15306,7718.5,0.8548039500140338,2,210697,0.207257,0.21258146060370564,501.2172000437137,0.14280199521198597,1,41.6
2033-07-17,39,84083,568,Employed,Bachelor,13,22779,12,Divorced,3,Mortgage,408,0.5348103167244758,2,0,0.09582947161418527,0,Education,0,21,24,1431,4364,39481,29204,7006.916666666667,0.7385785050303015,5,10277,0.203779,0.18298510266339327,2091.616022362992,0.35673551453154506,1,40.0
2033-07-18,30,48601,462,Employed,Bachelor,8,17543,36,Single,1,Rent,210,0.5330603415665514,1,0,0.14118211136518888,0,Debt Consolidation,0,32,27,1367,7067,305858,105301,4050.0833333333335,0.8484508971827953,3,200557,0.271543,0.21985868860173918,669.8468793660758,0.2172416730600792,1,38.400000000000006
2033-07-19,36,26869,505,Employed,Bachelor,13,13097,36,Married,0,Rent,122,0.33346078131085366,4,2,0.33337079366783057,0,Home,0,31,7,10683,427,31460,172005,2239.0833333333335,0.9252600243189429,2,8754,0.24559699999999998,0.24261853765277752,515.6350724971735,0.2847750519173055,0,57.0
2033-07-20,56,42149,580,Employed,High School,37,12188,36,Married,0,Mortgage,356,0.30420523587798753,2,3,0.5027800811162677,0,Education,0,31,1,8759,699,129626,93501,3512.4166666666665,0.8713341061178721,6,36125,0.207188,0.21592758938511067,462.90142443142844,0.2331447268779127,0,63.0
2033-07-21,18,62432,536,Self-Employed,Bachelor,0,15219,108,Married,2,Own,995,0.13590152902292404,3,1,0.4920306849099232,0,Other,0,20,7,1607,398,20947,22300,5202.666666666667,0.8152526748271199,6,6812,0.292219,0.2969982481340911,405.5993171199087,0.2692079671552874,0,59.0
2033-07-22,24,26285,581,Employed,Bachelor,0,10634,36,Single,0,Other,411,0.4717095334051343,0,2,0.0866883000910583,0,Education,0,20,29,921,2508,247407,21616,2190.4166666666665,0.8744193573071143,6,225791,0.205134,0.21312910230317372,402.3471551134713,0.371320748006911,0,49.0
2033-07-23,51,47308,581,Employed,Bachelor,28,22785,60,Widowed,0,Own,127,0.3451744098645852,2,1,0.2863776952910526,0,Education,0,23,5,1750,1128,158875,14753,3942.3333333333335,0.8980027026707331,4,144122,0.23728500000000002,0.2549173765932925,675.3544619339111,0.2035227349117894,0,51.0
2033-07-24,54,78561,624,Employed,High School,31,42203,60,Married,2,Own,683,0.06549902441866737,3,1,0.2620300305602582,1,Debt Consolidation,0,29,22,4802,275,89795,30557,6546.75,0.9310338942015994,2,59238,0.235203,0.22813659635651742,1185.2085596422596,0.28536427382170687,0,58.0
2033-07-25,42,40367,568,Employed,Associate,21,23181,84,Single,3,Rent,427,0.2886347038150954,2,4,0.11963862801600736,0,Auto,0,29,25,929,1313,213471,27047,3363.9166666666665,0.5400402591630078,4,186424,0.264181,0.24548093027258105,580.0679169818679,0.29937362211168567,0,47.0
2033-07-26,43,15000,564,Employed,High School,18,9430,36,Married,4,Rent,178,0.5517930962945414,6,0,0.15008796084000928,0,Debt Consolidation,0,29,7,2555,1244,25325,42776,1250.0,0.9232435131325126,3,8961,0.21242999999999998,0.2116303133892208,356.0657261221861,0.42725258089774887,0,54.0
2033-07-27,46,54574,628,Self-Employed,Master,23,65530,24,Married,2,Rent,571,0.1987488877839756,4,1,0.5423842649017605,0,Auto,0,32,13,9510,770,61960,22618,4547.833333333333,0.8723569566113724,9,39342,0.22653,0.23927090388954314,3462.2588374829643,0.8868528246013775,0,57.0
2033-07-28,44,62557,562,Employed,High School,22,14393,60,Married,0,Rent,599,0.2545687094892301,2,2,0.09881101333110984,0,Auto,0,19,23,6683,533,26111,10761,5213.083333333333,0.8145053401903102,8,15350,0.23839299999999997,0.2520451026041135,424.1810164110197,0.19627175531007302,0,50.0
2033-07-29,63,32174,551,Employed,Bachelor,38,19471,36,Married,1,Own,301,0.23290033668939922,1,1,0.5183735697060012,0,Debt Consolidation,0,33,25,6820,439,81611,11478,2681.1666666666665,0.5882947636408047,4,70133,0.22897099999999998,0.23315907973766592,756.9266823660331,0.39457699348518677,0,57.0
2033-07-30,35,88643,555,Employed,Bachelor,10,73256,36,Divorced,5,Rent,1084,0.2066310910997937,4,0,0.21630652466130867,0,Home,0,19,27,3198,567,153258,42988,7386.916666666667,0.850339934796235,8,110270,0.280756,0.2906029682900543,3072.2485140183444,0.5626499798993732,0,47.0
2033-07-31,33,20859,597,Employed,Master,11,21427,36,Married,2,Own,199,0.1266822041440306,5,2,0.2713798831083467,0,Auto,1,18,2,9837,819,518183,156024,1738.25,0.8801228016008737,8,362159,0.207927,0.23504743872581008,835.0806252876947,0.5948975264131711,0,57.0
2033-08-01,43,38124,536,Employed,Doctorate,20,45255,12,Married,1,Mortgage,300,0.4265053149162503,3,3,0.3573182499192142,0,Home,0,29,7,2832,2161,34197,8566,3177.0,0.8618131744393533,4,25631,0.242255,0.28825862390775087,4385.6842824107125,1.4748770168116816,0,57.0
2033-08-02,40,61720,518,Employed,Associate,17,18602,48,Divorced,0,Rent,268,0.3484230355534571,4,0,0.17179453123320604,0,Auto,0,31,27,1773,3320,47022,146612,5143.333333333333,0.9095937008542988,3,6152,0.254602,0.257861648596598,624.9734862846817,0.1736176577351941,1,40.0
2033-08-03,29,105222,549,Employed,Master,9,26156,36,Single,1,Mortgage,247,0.266361318642176,1,2,0.06192803246049377,0,Debt Consolidation,0,28,9,972,3363,180621,21218,8768.5,0.9265687812494322,5,159403,0.236656,0.21648953782222743,994.1656450151719,0.14154822888922527,1,36.800000000000004
2033-08-04,22,21299,605,Employed,Associate,0,38464,48,Married,3,Own,146,0.28295720115857065,4,1,0.5915259871980441,0,Education,0,20,21,916,148,12845,15040,1774.9166666666667,0.6230040734967636,3,1690,0.230964,0.2341953190965481,1241.6857698846381,0.7818315056394974,0,57.0
2033-08-05,56,87950,563,Employed,Master,32,18819,120,Married,1,Mortgage,202,0.423207949359139,4,0,0.15098233700052616,0,Home,0,21,7,3969,436,203020,174227,7329.166666666667,0.7275821990102505,5,28793,0.292319,0.2816876123141185,470.84086040739624,0.09180318732107737,0,51.0
2033-08-06,42,25490,517,Employed,Associate,17,33652,84,Divorced,2,Own,133,0.03419201538103029,7,2,0.2682796896204224,1,Debt Consolidation,1,18,11,1132,380,45951,91250,2124.1666666666665,0.9108760765224414,5,7895,0.30015200000000003,0.34260430848313755,1060.4409399536244,0.5618395951135149,0,71.0
2033-08-07,18,18569,595,Employed,Associate,0,19124,48,Divorced,3,Other,265,0.19894390016376753,2,0,0.3476682219146455,0,Debt Consolidation,1,23,18,1295,229,26766,22986,1547.4166666666667,0.5649501742231449,3,3780,0.216624,0.22115449602790224,603.7215060522908,0.5614011563696208,0,61.0
2033-08-08,44,16167,503,Employed,Associate,22,20379,48,Married,0,Own,578,0.18033546778666687,1,1,0.4927829058362903,0,Auto,0,27,10,1482,624,51127,11722,1347.25,0.7543786153082347,4,39405,0.263879,0.25288207058189816,678.9890789822355,0.9330035843252815,0,57.0
2033-08-09,45,15000,512,Employed,Bachelor,22,20064,60,Married,1,Rent,619,0.29051460691014236,4,1,0.3490455474916213,0,Debt Consolidation,0,17,29,4790,3907,115058,1369,1250.0,0.7518545767884132,9,113689,0.269064,0.2574311578351969,597.6780428130812,0.973342434250465,0,52.0
2033-08-10,44,49313,584,Employed,Associate,18,24797,12,Single,1,Rent,581,0.33515195923424396,3,0,0.14247206403361384,0,Debt Consolidation,0,25,1,1992,4274,274374,31311,4109.416666666667,0.6144701628230779,7,243063,0.197797,0.17539315428956231,2267.9556803642763,0.6932749612550709,0,51.0
2033-08-11,18,16480,434,Unemployed,Bachelor,0,23291,60,Widowed,2,Rent,164,0.29070663009029246,4,1,0.5421149555542459,0,Debt Consolidation,0,29,6,4223,2722,34814,94657,1373.3333333333333,0.8587845226443637,3,6106,0.311291,0.25161041662981143,685.8223922818429,0.6188027128265846,0,65.0
2033-08-12,24,74003,448,Employed,High School,2,36341,60,Divorced,1,Own,163,0.05482443236314848,7,2,0.3867992163318951,0,Auto,0,26,28,519,841,30625,22217,6166.916666666667,0.7944234326992682,3,8408,0.317341,0.3312742389457946,1246.5087604850212,0.2285597222520743,0,53.0
2033-08-13,33,55798,591,Employed,Bachelor,8,26702,72,Married,1,Other,567,0.30876678553268266,3,4,0.2554323435205328,0,Home,0,29,28,5283,941,55088,154506,4649.833333333333,0.7601431618577044,5,10815,0.246202,0.2516515083697664,721.984850490485,0.27721097899361663,0,52.0
2033-08-14,36,38172,526,Employed,High School,13,22847,36,Married,0,Own,565,0.22530681540205033,4,1,0.17842262185064983,0,Other,0,31,26,690,1395,17219,38208,3181.0,0.7763966894005266,5,6104,0.244847,0.24666402964023826,904.3665860488367,0.46191970639699365,0,51.0
2033-08-15,43,60832,451,Employed,High School,20,44645,72,Divorced,2,Own,633,0.3783371867687336,1,2,0.2613035255834474,0,Home,0,28,5,2230,3506,76951,19616,5069.333333333333,0.9300704947742553,3,57335,0.334145,0.3021389877539987,1349.2698822725902,0.3910316706218945,0,52.0
2033-08-16,58,52074,637,Employed,Master,29,11708,36,Married,0,Mortgage,329,0.12441758260441418,4,0,0.2578141757035424,0,Education,0,27,12,1369,168,11334,10334,4339.5,0.8658688431373578,6,1345,0.178208,0.15521082961612515,408.8556359783793,0.17003240833699257,1,38.400000000000006
2033-08-17,53,58313,589,Employed,High School,33,31892,36,Single,1,Mortgage,428,0.2286195909265019,7,0,0.14859693387326017,0,Auto,0,25,15,976,10897,16027,42430,4859.416666666667,0.6016925620835442,6,8590,0.222392,0.18865766161415057,1166.8704695384063,0.3282020413022975,0,50.0
2033-08-18,44,32389,496,Employed,High School,23,28632,60,Single,2,Mortgage,298,0.6720482298474127,6,2,0.3862004009659267,0,Education,0,24,2,6956,262,143704,8714,2699.0833333333335,0.6378290442222434,6,134990,0.285632,0.3076507135979846,939.8426545718338,0.45861594537843114,0,57.0
2033-08-19,18,51679,530,Employed,Associate,0,36564,48,Married,0,Mortgage,585,0.09617625374016789,3,4,0.07328228601999656,0,Home,0,29,29,2038,387,40493,37957,4306.583333333333,0.7371445065178741,7,2536,0.26656399999999997,0.25390866453910055,1220.3419282792636,0.4192051537249398,0,49.0
2033-08-20,44,31416,486,Employed,Associate,19,40771,60,Widowed,2,Rent,1830,0.1241547595993675,3,0,0.1502966962131153,0,Debt Consolidation,0,19,23,3903,734,429783,13455,2618.0,0.9463015474310662,8,416328,0.30277099999999996,0.31193047158069215,1349.1134695490705,1.2143290563594615,0,44.0
2033-08-21,36,48200,538,Employed,High School,14,13801,60,Married,3,Rent,610,0.5560879108170848,4,0,0.17260931875194704,0,Home,0,28,21,1377,782,88739,7308,4016.6666666666665,0.6746660433597629,2,81431,0.249801,0.24974325304087355,404.86990543884355,0.2526647067482598,0,50.0
2033-08-22,19,29197,429,Employed,High School,0,22886,36,Single,1,Rent,588,0.23275683618362733,6,1,0.38916781056541466,0,Education,1,27,29,5177,653,9346,25711,2433.0833333333335,0.7398293164763368,6,7065,0.29338600000000004,0.31575933967368913,991.4063572234953,0.6491377979478009,0,62.0
2033-08-23,35,125738,582,Employed,High School,15,34010,24,Divorced,2,Other,384,0.30688027919617317,3,0,0.259652309840508,0,Home,0,25,5,1452,567,925515,188017,10478.166666666666,0.8902361210801687,5,737498,0.21801,0.21369572355272434,1753.8058379640975,0.20402479803694326,1,35.2
2033-08-24,40,40219,501,Employed,Bachelor,15,14914,60,Divorced,0,Mortgage,185,0.5876900358900711,1,1,0.2561002456462023,0,Home,0,16,12,5673,1703,102312,20651,3351.5833333333335,0.8288996700854786,5,81661,0.269414,0.30800250441223614,489.8750885230032,0.20136008011825351,0,52.0
2033-08-25,29,53449,565,Employed,Bachelor,4,15278,48,Single,0,Own,527,0.2126831839236805,1,1,0.20040588818441432,0,Auto,0,18,6,2334,1487,186183,12204,4454.083333333333,0.9515638524793766,3,173979,0.227778,0.20587678306041857,469.71220427158215,0.22377493407283552,1,40.0
2033-08-26,48,57555,636,Employed,Associate,28,26108,36,Married,2,Other,927,0.18873664342604937,5,2,0.6073049897644859,0,Education,0,37,18,2619,1602,20208,14431,4796.25,0.8737706699756503,4,5777,0.193108,0.22750053884716917,1007.2354027039984,0.4032807719997911,0,54.0
2033-08-27,18,24536,544,Employed,Associate,0,28204,36,Widowed,0,Own,433,0.29454898245868566,4,1,0.08583100387883812,0,Debt Consolidation,0,31,22,1001,3386,10208,14415,2044.6666666666667,0.7120202462665579,5,10907,0.241204,0.23476383438065268,1098.7841803336876,0.7491608315945651,0,52.0
2033-08-28,22,35876,592,Employed,High School,1,17678,60,Single,1,Rent,248,0.43068029965474924,3,2,0.13365415528475666,0,Debt Consolidation,0,20,8,2551,590,20200,23625,2989.6666666666665,0.7201897873419835,1,1407,0.226678,0.25188107813097965,520.8240491282027,0.2571604579534628,0,53.0
2033-08-29,50,19316,539,Self-Employed,High School,28,23446,24,Married,3,Own,349,0.12131413049678381,4,3,0.22596289933640704,0,Debt Consolidation,0,24,22,2424,7871,35061,69327,1609.6666666666667,0.984126108325832,2,9574,0.22894599999999998,0.22387846634934191,1220.8304900100968,0.9752519093042639,0,56.0
2033-08-30,41,15959,604,Employed,High School,16,22635,60,Married,2,Own,174,0.255343553393476,2,2,0.29767636764862565,0,Auto,0,32,28,3961,248,174191,5000,1329.9166666666667,0.8575030341925498,4,169191,0.22563499999999997,0.20147709206588366,601.5508921714061,0.5831575102485664,0,47.0
2033-08-31,51,66864,556,Employed,Bachelor,25,21612,36,Married,1,Mortgage,308,0.3076926404702936,2,2,0.03282932088050564,0,Debt Consolidation,0,22,9,1556,575,101876,16618,5572.0,0.7755056860871058,3,85258,0.22861199999999998,0.20217076389171687,805.5717810364492,0.19985136055930533,1,39.2
2033-09-01,41,26982,580,Employed,High School,18,15317,48,Single,0,Mortgage,391,0.39990715707720137,0,0,0.12960969754007806,0,Home,0,25,7,1332,965,235287,84048,2248.5,0.9322036456392092,4,151239,0.220317,0.23239916300354524,492.9479485189807,0.3931278401240741,0,49.0
2033-09-02,45,49424,627,Employed,High School,24,22338,96,Married,1,Mortgage,216,0.6046244666897447,5,1,0.24891069870650145,0,Other,0,26,8,2622,350,5305,15006,4118.666666666667,0.7962015458434394,5,7562,0.243838,0.2540947584031583,546.0495760763138,0.1850233674513549,0,53.0
2033-09-03,39,68031,658,Employed,Master,17,13802,36,Married,0,Rent,871,0.4080091093074304,3,2,0.4361051724769204,0,Other,0,19,23,1987,1467,168718,21699,5669.25,0.6624196680347417,8,147019,0.169802,0.19084984657250512,506.51962870970476,0.2429809284666763,1,37.6
2033-09-04,39,40090,523,Employed,Associate,16,15981,36,Married,3,Rent,262,0.17941311778061522,4,1,0.2219697148753718,0,Debt Consolidation,0,30,25,2973,1865,30204,47862,3340.8333333333335,0.9044756880379883,5,7081,0.239481,0.2289720906804343,617.7642051040939,0.2633367538350992,0,52.0
2033-09-05,42,42194,632,Self-Employed,Bachelor,20,29533,72,Widowed,0,Mortgage,305,0.36573894085442454,5,1,0.4295271314529261,0,Debt Consolidation,0,20,23,1711,469,11381,7273,3516.1666666666665,0.6076394734875284,5,4108,0.22853300000000001,0.23981584321766164,777.180166433632,0.30777271643370113,0,57.0
2033-09-06,41,26629,581,Employed,Master,20,23173,96,Married,1,Rent,1086,0.33271269520410596,2,3,0.2791271469634455,0,Auto,0,22,24,2180,509,132447,13035,2219.0833333333335,0.7913256414278445,5,119412,0.267673,0.30058603621355656,639.9802754037856,0.7777897519563418,0,50.0
2033-09-07,40,16535,565,Employed,High School,22,16391,60,Single,0,Rent,553,0.46337426647565605,5,3,0.14801476172813272,0,Home,0,23,14,8891,2307,343330,25045,1377.9166666666667,0.8664722710117962,7,318285,0.23889099999999996,0.23980571472945458,471.35090363902066,0.7434055545006499,0,47.0
2033-09-08,51,43895,522,Unemployed,Associate,31,41068,24,Married,2,Own,248,0.39813517944063337,6,2,0.4450854837293815,0,Auto,0,25,2,3543,559,105238,49555,3657.9166666666665,0.9249863116147398,3,55683,0.255068,0.25833768554497805,2209.079068289303,0.671715430447013,0,62.0
2033-09-09,50,62558,573,Employed,Master,23,14529,24,Married,1,Rent,526,0.16913801337925194,6,1,0.23582948000280585,0,Home,0,20,4,5856,2092,85779,13082,5213.166666666667,0.9352558843143052,1,72697,0.203029,0.1624232,713.0683873956507,0.2376805628176701,1,41.6
2033-09-10,42,88098,515,Employed,Master,19,39325,48,Married,2,Own,249,0.20992622002428254,1,0,0.14705748698508336,0,Home,0,26,12,5324,3500,72080,10672,7341.5,0.8477413372540353,4,61408,0.276825,0.25680704388043357,1318.8785449283164,0.21356378736338846,1,37.6
2033-09-11,18,50019,500,Employed,Bachelor,0,38394,48,Married,0,Mortgage,525,0.17814311742399716,1,2,0.3899680595854883,0,Debt Consolidation,0,25,7,1932,282,112321,29231,4168.25,0.6400803214068428,4,83090,0.283394,0.28418216375246724,1347.3171014524485,0.44918541389130895,0,52.0
2033-09-12,45,100827,518,Employed,Bachelor,19,28678,12,Married,1,Own,467,0.18057188686076747,4,0,0.38398876461452136,0,Debt Consolidation,0,32,24,1127,309,56804,409214,8402.25,0.9360882977227478,8,8789,0.23467800000000003,0.260353315994807,2740.106391857909,0.381696139945599,0,52.0
2033-09-13,37,47615,592,Employed,Bachelor,16,40032,36,Divorced,0,Rent,532,0.02857686522755827,2,0,0.1702622487296919,0,Other,0,24,20,4591,384,118855,31453,3967.9166666666665,0.8463231826308073,4,87402,0.22903199999999999,0.21305080091889675,1514.486163111901,0.515758352564167,0,48.0
2033-09-14,40,29014,460,Employed,Associate,16,24903,84,Single,3,Rent,976,0.20164615171016895,3,0,0.33724796780127747,0,Other,0,31,15,1139,4041,38385,42009,2417.8333333333335,0.9603603027562736,9,10375,0.31990300000000005,0.25592240000000005,639.7960738794756,0.6682826527384609,0,56.0
2033-09-15,31,40699,612,Employed,Master,8,28458,60,Married,0,Mortgage,477,0.22658468160789277,0,2,0.5617615970303035,0,Education,1,30,23,1900,276,55619,2922,3391.5833333333335,0.8301785798054518,4,52697,0.227458,0.19910072978411922,752.5397032683426,0.36252675592078704,0,60.0
2033-09-16,53,62188,619,Employed,Bachelor,28,14837,84,Single,3,Mortgage,309,0.14079717045237952,6,1,0.17496964984207794,0,Debt Consolidation,0,25,7,23537,402,189680,9398,5182.333333333333,0.8057586207972184,6,180282,0.23033700000000001,0.1951911635439032,325.1907676555695,0.12237552601573992,1,34.4
2033-09-17,44,104896,558,Self-Employed,Associate,22,23879,48,Married,4,Mortgage,1086,0.09061910280485773,4,0,0.04618723394230219,0,Debt Consolidation,0,19,28,1975,882,31132,19826,8741.333333333334,0.7201513821600286,4,11306,0.239879,0.21751997068586862,749.1222572464933,0.2099361947734701,1,40.800000000000004
2033-09-18,46,40040,600,Employed,High School,21,25877,36,Married,3,Rent,271,0.06872397758637062,3,1,0.20083228439649758,0,Other,0,21,9,3541,1776,22648,222200,3336.6666666666665,0.9645835999288289,2,5146,0.210877,0.17710147627989106,931.757217634239,0.36046669859168007,0,50.0
2033-09-19,39,56854,625,Employed,Associate,16,19596,60,Married,3,Mortgage,218,0.1877465130609494,4,0,0.4799589701754972,0,Auto,0,22,21,4311,605,101811,28436,4737.833333333333,0.8818205441612601,3,73375,0.212096,0.18626300611475868,504.31014051314446,0.1524557935441259,1,40.0
2033-09-20,57,49435,602,Employed,Associate,34,28648,36,Married,2,Rent,346,0.050518307655240735,2,2,0.6320680400896271,0,Other,1,23,17,28969,2836,31805,12946,4119.583333333333,0.8712443942650325,1,18859,0.212648,0.21416599987645957,1085.4527811332714,0.34747513651460016,0,61.0
2033-09-21,40,61198,508,Employed,Master,17,31216,24,Married,0,Own,282,0.06918259187633252,2,2,0.2809524667782815,0,Debt Consolidation,0,29,9,1935,506,45669,18161,5099.833333333333,0.8816446794524723,5,27508,0.252216,0.2310781922142494,1636.5565703369807,0.3761998569241441,0,52.0
2033-09-22,37,57035,571,Employed,Master,15,25066,60,Married,4,Rent,257,0.2358189828942432,5,0,0.3002723174780058,0,Other,0,25,27,164,1387,37978,64708,4752.916666666667,0.8246336845025432,6,8219,0.244566,0.2640314656145291,756.4818882181467,0.21323367508753852,0,54.0
2033-09-23,30,59323,547,Employed,High School,6,20699,60,Married,0,Mortgage,314,0.4322680386003088,4,0,0.42941675805372054,0,Home,0,22,3,8839,825,26863,20144,4943.583333333333,0.975580509001612,8,6719,0.252199,0.25927602553756895,618.8509165309541,0.188699340868996,0,60.0
2033-09-24,48,43488,528,Employed,Bachelor,30,9647,84,Widowed,5,Mortgage,322,0.09852436822727702,0,1,0.15365758868782078,0,Education,0,22,25,1869,607,74481,9427,3624.0,0.9512968377300206,8,65054,0.27064699999999997,0.3129409866067053,284.28101551274347,0.16729608595826254,0,48.0
2033-09-25,40,73264,551,Self-Employed,Doctorate,12,26697,48,Single,1,Mortgage,266,0.1992172554145065,2,0,0.28797289265527454,0,Auto,0,24,7,2562,3059,145670,22280,6105.333333333333,0.8478169419922424,5,123390,0.246197,0.26896453156322697,913.6674032080244,0.19321916409827877,0,51.0
2033-09-26,33,16010,597,Employed,High School,12,6413,72,Married,1,Rent,564,0.098269804996306,2,1,0.28592531506106095,1,Other,0,27,28,2232,1973,30421,7622,1334.1666666666667,0.6466856279032017,4,22799,0.222913,0.21430298226182745,158.97238233971274,0.5418906051265805,0,65.0
2033-09-27,22,66793,520,Employed,Associate,0,29999,96,Single,1,Mortgage,415,0.3841515978948627,4,2,0.18134671034006036,0,Debt Consolidation,0,20,15,1244,2673,49364,12621,5566.083333333333,0.6384508482722219,4,36743,0.304999,0.2729265414047365,771.3419041616661,0.21313764690820888,0,50.0
2033-09-28,45,26840,545,Employed,Bachelor,25,18643,84,Single,3,Other,272,0.5156160555043995,5,0,0.5384310899651813,0,Home,0,21,6,12802,773,90400,31846,2236.6666666666665,0.8579809872144758,5,58554,0.271143,0.2766530083586501,504.1109614547353,0.3469944686086745,0,61.0
2033-09-29,32,93387,582,Employed,High School,8,33271,36,Single,5,Own,924,0.11895239625519634,4,1,0.3826237963421287,0,Auto,0,19,13,6899,978,172871,27219,7782.25,0.7862206982895236,6,145652,0.227271,0.25679832190889823,1334.8412571653744,0.29025555040834905,0,48.0
2033-09-30,43,25148,484,Self-Employed,Bachelor,21,30337,108,Married,1,Mortgage,288,0.19979651234268084,2,2,0.29657433023836904,0,Home,0,20,27,8328,1897,106476,7052,2095.6666666666665,0.7046861313907441,9,99424,0.333337,0.3317321547575527,885.2071219350894,0.5598252530309,0,54.0
2033-10-01,66,121572,632,Employed,Bachelor,45,32081,48,Married,2,Mortgage,514,0.2582334816662867,2,1,0.3813450743277689,0,Debt Consolidation,0,17,19,1886,202,605266,7170,10131.0,0.7656725148724361,4,598096,0.21108100000000002,0.18550456401001764,951.6321183621591,0.14466806024698045,1,32.800000000000004
2033-10-02,19,24725,595,Employed,Master,0,12677,60,Married,1,Own,167,0.25327671527748274,3,2,0.3766652802491179,0,Home,0,26,13,7328,579,62304,60550,2060.4166666666665,0.6922473027688925,6,1754,0.220177,0.24975660954680018,371.9058586430963,0.26155188286014786,0,56.0
2033-10-03,37,18657,609,Employed,Associate,13,18883,36,Married,0,Rent,394,0.4499938756164536,4,0,0.22221355348185962,0,Debt Consolidation,0,28,6,715,763,5354,15761,1554.75,0.9839283635884988,4,5785,0.199383,0.1833711983241642,685.863343294903,0.6945575451325956,0,54.0
2033-10-04,63,80418,618,Employed,Bachelor,38,19371,120,Married,0,Other,602,0.22200865477685724,2,2,0.11988965356069121,0,Debt Consolidation,0,18,20,32690,714,251173,4999,6701.5,0.8838029012048061,4,246174,0.265371,0.22473237530085685,406.65253492277105,0.15051145787103948,1,33.6
2033-10-05,63,85092,588,Unemployed,Doctorate,41,38857,60,Married,2,Mortgage,986,0.14691348948836286,1,0,0.17209858312638238,0,Auto,0,22,21,1704,837,63030,99835,7091.0,0.3698854461906512,2,3216,0.249857,0.2159220925588604,1064.1982551139395,0.28912681640303756,0,51.0
2033-10-06,40,67588,615,Employed,Associate,18,8317,48,Divorced,0,Rent,690,0.18303427442853534,2,2,0.07166483277277504,0,Auto,0,25,19,4552,2610,202968,9065,5632.333333333333,0.6626952771411111,2,193903,0.195817,0.23498039999999998,268.84666011774755,0.17023968635575798,1,33.6
2033-10-07,34,42272,546,Employed,High School,13,28094,48,Single,4,Mortgage,194,0.08423900572775747,0,0,0.2744575481800816,0,Education,0,26,23,1314,1492,37575,24292,3522.6666666666665,0.6705359687771314,5,13283,0.250094,0.24258259054581968,919.9316957204128,0.3162183087775585,0,52.0
2033-10-08,42,24304,596,Employed,Bachelor,19,11105,24,Married,1,Mortgage,286,0.27620912319823493,3,0,0.4468126268249897,1,Debt Consolidation,0,15,17,5521,1423,62286,23105,2025.3333333333333,0.8942304621936917,3,39181,0.188105,0.2116350287033046,571.5298782520408,0.42340184903820316,0,70.0
2033-10-09,43,29439,554,Self-Employed,Bachelor,23,34629,60,Married,2,Other,608,0.44313164173339015,2,0,0.2291374148943157,0,Debt Consolidation,1,29,16,9318,7400,385656,17920,2453.25,0.7820341602126893,10,367736,0.262629,0.2240988536220722,964.5029504175144,0.6409876492071801,0,58.0
2033-10-10,52,83718,608,Employed,Bachelor,32,12999,48,Married,0,Rent,453,0.22848430195868624,5,1,0.19818980889938456,0,Auto,0,28,2,9316,1257,10708,71596,6976.5,0.8188816540893418,6,3117,0.203999,0.2173423302177925,407.6742659157474,0.12336762931494981,0,50.0
2033-10-11,57,92320,669,Employed,Master,38,27637,36,Single,2,Own,348,0.36594495200521543,5,0,0.2487909504012049,0,Auto,0,21,26,1593,555,47184,23691,7693.333333333333,0.4967089325005003,4,23493,0.178137,0.17711133558883027,995.1434528457758,0.17458537082050812,1,36.0
2033-10-12,52,18950,590,Employed,Associate,26,14280,60,Married,2,Own,502,0.09882384673132491,1,2,0.2642978205371613,0,Auto,0,22,28,980,2374,15467,11217,1579.1666666666667,0.9594196250275995,9,4250,0.22427999999999998,0.19824090544422293,376.93630944889367,0.5565823595454735,0,53.0
2033-10-13,48,78078,637,Unemployed,High School,27,21180,48,Single,2,Mortgage,160,0.20801344481290032,1,0,0.46460867372090464,0,Debt Consolidation,0,23,19,5910,1016,580949,26981,6506.5,0.9592046806528378,4,553968,0.19768000000000002,0.18790924749700383,630.9501648885603,0.12156307767441178,1,38.400000000000006
2033-10-14,55,70681,515,Employed,High School,32,22670,72,Divorced,2,Rent,471,0.2823907971691156,4,2,0.16505139069818184,0,Home,0,24,17,3505,1374,201399,5062,5890.083333333333,0.8622285526867216,8,196337,0.28017000000000003,0.23769307142014434,593.6584838536883,0.180754400846681,1,36.800000000000004
2033-10-15,39,79795,609,Employed,Doctorate,18,15225,36,Married,0,Other,177,0.036897722371830075,4,2,0.3532313859851689,0,Other,0,27,8,5556,4357,196733,38876,6649.583333333333,0.9218121654788717,3,157857,0.19572499999999998,0.19612556411690762,562.8144287525736,0.11125726104431209,1,37.6
2033-10-16,44,50788,586,Self-Employed,Associate,22,30727,48,Married,1,Other,810,0.13698855830547996,3,1,0.16190756313184762,0,Debt Consolidation,1,18,23,5483,803,14208,15170,4232.333333333333,0.8513627813557876,3,9370,0.23272700000000002,0.22752553395683842,980.6845100875928,0.4230962849698967,0,58.0
2033-10-17,42,56327,575,Employed,Master,18,18757,60,Single,2,Rent,372,0.6236240114807533,3,1,0.25543598035427345,0,Debt Consolidation,0,16,20,13894,2829,34865,35073,4693.916666666667,0.5838411974902727,1,5027,0.236257,0.2184403823791452,516.3860316283206,0.18926327302252643,0,54.0
2033-10-18,25,54722,550,Employed,High School,1,39824,48,Married,0,Own,378,0.105540901474007,3,0,0.45075147890772177,0,Debt Consolidation,0,19,18,7830,224,243212,198059,4560.166666666667,0.8508882010249909,8,45153,0.259824,0.2802841521524345,1388.599467780073,0.38739800470306046,0,55.0
2033-10-19,25,38027,510,Employed,Bachelor,3,6443,36,Divorced,2,Mortgage,355,0.20356449911069055,2,0,0.1228339029228697,0,Debt Consolidation,0,23,9,2068,3655,151063,13708,3168.9166666666665,0.655606413121054,9,137355,0.23644300000000001,0.21198517380955575,243.39766575163537,0.1888335127414633,1,38.400000000000006
2033-10-20,18,101536,636,Self-Employed,Doctorate,0,27123,12,Married,4,Mortgage,497,0.0891934296667568,2,0,0.4179565390892387,0,Education,0,23,15,3433,102,25593,28320,8461.333333333334,0.9481850197038425,5,6717,0.17412300000000003,0.17702656951524573,2482.7998963989626,0.35216670694913677,0,54.0
2033-10-21,44,18066,513,Employed,Bachelor,23,15861,72,Widowed,0,Other,121,0.3602177364019841,3,1,0.24542109708911752,0,Debt Consolidation,1,36,4,1393,960,111230,31858,1505.5,0.8702374005272884,7,79372,0.274361,0.3138962837713884,491.4636662931798,0.40681744689018917,0,61.0
2033-10-22,52,18316,532,Employed,High School,29,29688,36,Single,2,Mortgage,275,0.24744916825645508,4,1,0.03208561606549969,0,Home,0,23,24,1541,301,92672,6749,1526.3333333333333,0.6367882915965877,4,85923,0.248688,0.23592683450072585,1158.405207587558,0.9391167553532811,0,50.0
2033-10-23,25,16225,612,Employed,Associate,3,11878,72,Married,2,Rent,195,0.36404386060126215,3,0,0.24859682111368667,0,Home,0,34,27,57885,2815,120161,25199,1352.0833333333333,0.7845263136359264,3,94962,0.220878,0.2494868850946743,319.5859036680966,0.3805874171967432,0,49.0
2033-10-24,52,106889,628,Self-Employed,Bachelor,32,24044,60,Married,2,Own,525,0.2731877742389233,3,1,0.4477329439311845,0,Home,0,23,26,2207,3522,348367,12656,8907.416666666666,0.7943220370914686,8,335711,0.215044,0.18969888501056711,623.3163059330371,0.12891687330966187,1,39.2
2033-10-25,19,53137,561,Employed,Bachelor,0,42286,36,Single,0,Rent,590,0.4368268063769393,5,2,0.11252845090657428,0,Home,1,24,4,920,9959,60193,21529,4428.083333333333,0.6615333336162907,3,38664,0.24678599999999998,0.2944971086212641,1782.3859770916242,0.5357591080621693,0,60.0
2033-10-26,43,72462,611,Employed,Associate,22,14150,36,Married,1,Mortgage,145,0.6342199656250921,3,2,0.14369179291329376,0,Auto,0,25,22,4025,1883,40439,5939,6038.5,0.8387214324010552,5,34500,0.19365,0.18009249659706714,511.62205641415136,0.10873926578026849,1,39.2
2033-10-27,36,164242,448,Employed,High School,17,26957,72,Single,1,Mortgage,569,0.29011378934362403,0,1,0.1094859436718557,0,Home,1,29,2,9162,951,84455,9499,13686.833333333334,0.7531215817022942,8,74956,0.317957,0.2743945377432732,767.0117825687779,0.09761292112142653,1,44.800000000000004
2033-10-28,39,48168,578,Employed,High School,14,34982,36,Married,1,Mortgage,548,0.10057947654896439,5,0,0.08294248705362517,0,Education,1,22,22,6419,3221,40685,5579,4014.0,0.8849636549308708,12,35106,0.230982,0.20248486363023724,1304.489792363426,0.46150717298540755,0,56.0
2033-10-29,55,61079,522,Employed,Bachelor,33,66289,60,Single,3,Mortgage,222,0.5774662266866534,3,3,0.34343183497265845,0,Home,0,22,7,14233,1110,15343,9112,5089.916666666667,0.854122091042737,10,6231,0.310289,0.25579406916328457,1968.2515379184395,0.4303118658625923,0,56.0
2033-10-30,27,47028,594,Employed,Associate,4,31794,48,Widowed,2,Other,464,0.1595976918267901,7,1,0.24707366757371282,0,Debt Consolidation,0,18,14,1863,234,78924,14837,3919.0,0.5940068341427773,9,64087,0.22979400000000003,0.21939656474517572,1000.6629511776654,0.3737338482208894,0,50.0
2033-10-31,63,35476,636,Employed,High School,41,23320,60,Married,2,Own,697,0.07293818342295176,0,1,0.12419819908588044,0,Education,0,20,5,2726,1170,27557,8022,2956.3333333333335,0.7882750735473749,3,19535,0.21032,0.19645919169990028,613.25194711681,0.44320169594660386,0,49.0
2033-11-01,36,78574,623,Employed,Master,13,21650,60,Married,1,Mortgage,223,0.32909003054759867,5,1,0.22393422536087274,0,Home,0,21,18,2242,1273,16828,75264,6547.833333333333,0.8718122243922284,7,2695,0.21515,0.2282978242314208,608.2082653035568,0.12694401689671753,0,49.0
2033-11-02,69,47839,647,Employed,High School,47,25952,48,Single,1,Mortgage,299,0.1055066557313381,3,0,0.09297118351678138,0,Debt Consolidation,0,20,7,499,3614,144686,47834,3986.5833333333335,0.4531314258354575,2,96852,0.19745200000000002,0.18500144505721744,769.1392121678527,0.26793349664529426,0,46.0
2033-11-03,37,35900,533,Employed,Associate,14,25097,36,Married,0,Other,571,0.49961587820077696,1,2,0.42146787443968964,0,Home,0,23,6,2109,470,50805,16221,2991.6666666666665,0.8923326858217093,3,34584,0.243597,0.24243138297617697,987.8336620500207,0.5210586056991714,0,60.0
2033-11-04,34,15000,483,Employed,High School,10,14932,36,Single,3,Own,458,0.1215897112676123,4,0,0.30493282586353926,0,Auto,0,30,23,362,1371,28953,12156,1250.0,0.6056261666310873,3,16797,0.258432,0.2067456,560.0721554531697,0.8144577243625357,0,55.0
2033-11-05,52,63428,576,Employed,High School,27,28439,72,Single,2,Rent,505,0.04679005421349111,5,1,0.2129881348959408,0,Debt Consolidation,0,26,16,352,1168,170828,5932,5285.666666666667,0.953246182023812,8,164896,0.25543899999999997,0.2588194866113613,781.5286601450939,0.24339950686985443,0,47.0
2033-11-06,54,16541,625,Employed,High School,30,38095,48,Married,1,Own,1120,0.24190864872557966,2,0,0.5271441840373845,0,Auto,0,25,1,6999,1521,106627,110456,1378.4166666666667,0.80710964218392,3,6326,0.220595,0.2253795014462702,1211.3772772639215,1.691344376226773,0,61.0
2033-11-07,33,23214,581,Self-Employed,Doctorate,11,13451,24,Divorced,3,Mortgage,462,0.04302339558290493,5,0,0.36697845928789946,0,Other,0,20,24,3939,1078,37386,3720,1934.5,0.5857911059636142,3,33666,0.197951,0.22349656080621022,700.1378220877492,0.6007432525653911,0,58.0
2033-11-08,49,27037,577,Employed,High School,27,15976,120,Married,0,Mortgage,213,0.20844529448539828,6,1,0.2475201175441414,0,Debt Consolidation,0,22,27,5541,612,36589,19383,2253.0833333333335,0.5477222306677467,3,17206,0.282476,0.2395085731075789,351.6930837543183,0.25063124625704847,0,54.0
2033-11-09,24,27851,531,Employed,High School,0,17325,84,Married,0,Own,372,0.2364878872351992,3,1,0.12030745738537252,0,Auto,0,26,7,192,297,55829,258436,2320.9166666666665,0.7353280412655516,7,2872,0.276825,0.22146,407.4178294341849,0.3358232721701275,0,53.0
2033-11-10,43,42176,576,Employed,Bachelor,16,8920,12,Single,0,Rent,468,0.23131945322273365,3,2,0.47326440711707723,0,Education,1,25,23,2137,482,123968,53942,3514.6666666666665,0.5825349708237976,5,70026,0.18592000000000003,0.21414475803844568,832.3502744576024,0.3699782647356608,0,61.0
2033-11-11,43,25152,633,Employed,Master,21,39530,24,Married,1,Mortgage,327,0.6173323532496983,1,0,0.39103716719080484,0,Auto,0,22,9,634,2856,130591,19671,2096.0,0.8653581134184658,6,110920,0.19803,0.21564061612992724,2042.2434260991097,1.130364230009117,0,52.0
2033-11-12,20,117766,522,Employed,Master,0,34522,60,Single,0,Mortgage,513,0.45934592065819924,1,1,0.08444928012713171,0,Education,0,20,24,1439,3167,30880,13077,9813.833333333334,0.8159000461871473,3,17803,0.278522,0.2228176,958.9987121617102,0.14999222649950342,1,40.0
2033-11-13,50,200467,647,Employed,Bachelor,27,23611,84,Divorced,3,Rent,556,0.09471015655151607,3,1,0.19842285564782342,0,Home,0,16,8,1454,734,24292,137863,16705.583333333332,0.9125779471509327,1,1083,0.225111,0.18326082141224925,500.7750806579974,0.06325879555186624,1,36.0
2033-11-14,22,29997,601,Employed,Bachelor,3,14311,36,Single,5,Other,188,0.7050459593521227,4,3,0.291835764844526,0,Education,0,17,24,3650,711,532730,46895,2499.75,0.8683646730688294,5,485835,0.198811,0.20241452091595957,533.6103057234045,0.28867298958832066,1,37.6
2033-11-15,29,31109,616,Unemployed,Doctorate,8,17949,48,Married,1,Mortgage,450,0.2547935185285703,6,1,0.412191365244557,0,Debt Consolidation,1,24,3,552,1115,146546,147035,2592.4166666666665,0.9671868869957289,8,9792,0.20494900000000002,0.23163511020372068,576.9010222609595,0.3961172736870846,0,66.0
2033-11-16,36,65782,647,Employed,Master,14,31539,12,Married,1,Mortgage,569,0.11869435954717773,3,2,0.3294636234293632,0,Home,0,19,5,1444,408,200222,23231,5481.833333333333,0.8710575312816958,7,176991,0.173039,0.1739122385889516,2882.3655278384326,0.6296005949053114,0,48.0
2033-11-17,22,110030,575,Employed,Bachelor,0,19242,48,Married,1,Mortgage,346,0.34861810421373995,3,1,0.3403872770466427,0,Home,0,21,22,8105,22000,30105,24935,9169.166666666666,0.927723514748891,2,5170,0.22674200000000003,0.22704366150368743,613.6219030513415,0.1046574828375543,1,42.400000000000006
2033-11-18,42,44748,502,Employed,High School,17,15152,60,Married,0,Own,854,0.13579540036274984,1,0,0.23118111931296012,0,Home,0,19,1,2147,908,27946,21990,3729.0,0.8334709299667191,5,5956,0.269152,0.2814984408043291,473.14061882741555,0.3558971892806156,0,56.0
2033-11-19,31,80487,476,Employed,High School,9,35373,48,Single,3,Rent,180,0.16381510320234938,3,1,0.2450399300489196,0,Debt Consolidation,1,24,8,1881,335,75329,15377,6707.25,0.7211648799519957,3,59952,0.292373,0.3137053163886314,1301.9905770001965,0.22095353192443945,0,55.0
2033-11-20,47,49060,518,Employed,Associate,23,17695,12,Married,2,Mortgage,861,0.1457878753998576,3,0,0.14100242324609966,0,Auto,1,28,15,5176,323,20621,11624,4088.3333333333335,0.34912100643036115,3,8997,0.223695,0.22154226453711492,1657.466243881504,0.6160129418381175,0,56.0
2033-11-21,34,98764,576,Employed,Bachelor,14,24585,36,Divorced,4,Own,209,0.15006828691507657,2,1,0.39992921973059276,0,Other,0,25,17,2384,587,88525,2896,8230.333333333334,0.8070611192411665,5,85629,0.221585,0.20050594009261835,914.3005969849721,0.1364830015371964,1,40.0
2033-11-22,31,79685,555,Employed,Bachelor,7,14357,72,Single,0,Mortgage,382,0.15072177808733198,4,1,0.35223279042271155,0,Debt Consolidation,0,23,22,3800,118,130105,7784,6640.416666666667,0.9603578087608721,4,122321,0.251857,0.24415357946788652,381.6025296072894,0.1149931650283927,1,39.2
2033-11-23,45,41443,476,Employed,Master,21,16601,60,Divorced,3,Rent,271,0.3836747207886097,2,0,0.42193690593235866,0,Debt Consolidation,1,21,5,9963,1530,60878,71706,3453.5833333333335,0.7074916027636103,5,7195,0.283601,0.27905793039818666,515.9426735608447,0.2278626567268329,0,65.0
2033-11-24,43,300000,590,Employed,High School,23,16319,24,Married,0,Rent,1459,0.20966553677346472,3,0,0.21130256732733388,0,Home,0,30,3,6761,386,59424,15222,25000.0,0.7770467433356233,8,44202,0.196319,0.217434672209453,844.5336833095208,0.09214134733238083,1,42.400000000000006
2033-11-25,32,28441,580,Employed,Bachelor,12,19825,60,Single,1,Other,708,0.14234484816272153,1,1,0.7058148595690267,0,Home,0,27,7,1809,2979,21212,80454,2370.0833333333335,0.8475791095858777,5,9863,0.234825,0.2444282363420558,575.4319540125196,0.5415134294908841,0,60.0
2033-11-26,28,22496,590,Employed,Associate,4,10751,96,Single,1,Mortgage,409,0.11440948064618701,2,1,0.3061745997102855,0,Home,0,37,21,411,240,128849,14279,1874.6666666666667,0.831577725539871,3,114570,0.250751,0.24395551768680063,255.5847325061412,0.3545082143524935,0,51.0
2033-11-27,33,43772,621,Employed,Bachelor,13,10634,48,Married,4,Mortgage,488,0.026688979965719943,3,1,0.11967804301442728,0,Education,0,31,29,5532,405,13587,4814,3647.6666666666665,0.7736640715650237,3,8773,0.19513400000000003,0.1917921621014653,318.9643909371722,0.2212275585133434,1,37.6
2033-11-28,56,37348,593,Employed,High School,33,14256,24,Single,4,Mortgage,527,0.12011176609587101,1,0,0.2205228932798136,0,Auto,0,17,3,2277,1605,68642,117988,3112.3333333333335,0.6209714453115951,3,9138,0.19275599999999998,0.18886372855127662,717.8384769856596,0.39996952243300615,0,55.0
2033-11-29,34,22874,544,Employed,High School,12,45509,36,Married,1,Rent,227,0.1996570186924034,2,1,0.2325813159208803,0,Auto,0,20,18,2413,1944,30769,54528,1906.1666666666667,0.8689033469142199,4,7518,0.258509,0.28054634511338944,1883.759033682521,1.1073318354546757,0,53.0
2033-11-30,60,78883,680,Employed,High School,39,17351,60,Single,3,Own,372,0.293971328824222,1,1,0.33817758988921826,0,Education,0,25,27,11178,1059,13418,134581,6573.583333333333,0.6844804173399498,3,6620,0.18235099999999999,0.1458808,409.0369140551761,0.11881448434595684,1,38.400000000000006
2033-12-01,34,32688,533,Employed,High School,12,17492,60,Divorced,2,Other,277,0.11924195364325381,6,0,0.16275150996082324,0,Education,0,28,25,1073,1270,23882,12009,2724.0,0.6023881388051786,8,11873,0.255992,0.30121377666632326,567.2304061085663,0.30992305657436353,0,50.0
2033-12-02,45,86758,633,Employed,Doctorate,21,42061,24,Single,0,Rent,199,0.25774684061312264,5,0,0.13597267774796926,0,Debt Consolidation,0,31,7,1569,89,25687,27198,7229.833333333333,0.9723211895598741,5,2621,0.20056100000000002,0.19706215913269418,2134.6966435142476,0.3227870596621749,0,47.0
2033-12-03,56,29831,633,Employed,Master,35,42485,48,Married,2,Own,1187,0.3835708834187801,3,2,0.24789342991981045,0,Education,0,19,21,2565,411,74976,9599,2485.9166666666665,0.879494569235105,8,65377,0.22098500000000001,0.19527992983652606,1282.17380722253,0.9932649152448916,0,49.0
2033-12-04,44,84045,621,Employed,Bachelor,18,43199,60,Married,1,Rent,509,0.1080318863967344,1,0,0.07653024998765107,0,Education,0,24,2,702,2522,36433,32513,7003.75,0.836289613792586,4,3920,0.237699,0.26104806207125086,1296.0800472088924,0.25773050825756094,0,49.0
2033-12-05,52,28925,619,Employed,High School,31,9943,36,Divorced,0,Rent,198,0.4366429976251971,2,2,0.2334220927595355,0,Education,0,26,1,2791,533,181087,7668,2410.4166666666665,0.6756271570715753,4,173419,0.18544300000000002,0.20522617117582476,372.170524267948,0.23654438344737685,0,52.0
2033-12-06,37,19679,598,Employed,High School,13,21200,48,Single,3,Mortgage,771,0.3243610275091714,2,0,0.1574073219757956,0,Auto,0,35,3,4747,221,51928,31690,1639.9166666666667,0.6757832208115916,7,20238,0.2172,0.1987273969860113,643.6871190337084,0.8626579312162457,0,55.0
2033-12-07,43,96234,511,Employed,Bachelor,22,22336,12,Single,0,Mortgage,555,0.34478475422772004,2,1,0.07196770048351507,0,Home,0,29,27,1530,344,66747,47312,8019.5,0.7364979530525714,7,19435,0.23183600000000001,0.21489749985365172,2085.042894106762,0.32920292962239067,1,39.2
2033-12-08,39,59933,502,Employed,High School,13,21893,36,Married,5,Mortgage,534,0.17298786521492884,2,2,0.3160316299829183,0,Debt Consolidation,0,27,24,4816,1760,107229,11462,4994.416666666667,0.6759230211842934,6,95767,0.255893,0.24255461337831824,861.8641244717135,0.27948491638430517,0,51.0
2033-12-09,34,72619,597,Employed,High School,14,32169,24,Married,0,Rent,790,0.6777140677379418,3,2,0.49744898598001375,0,Home,0,34,6,3101,3410,219684,43405,6051.583333333333,0.7856253441343831,7,176279,0.208669,0.19996406336234848,1637.2106008572277,0.40108686721500897,0,56.0
2033-12-10,40,45243,585,Employed,Associate,17,34665,72,Single,0,Rent,316,0.11711315971253454,4,2,0.1171208855369013,0,Auto,0,26,15,10334,3142,19347,3925,3770.25,0.7469357298656946,6,15422,0.257165,0.24484664730218655,922.8455240973828,0.328584450393842,0,50.0
2033-12-11,40,35884,635,Employed,Associate,21,36900,60,Married,3,Rent,629,0.2411735798749744,5,0,0.7333880164952602,0,Home,0,24,20,741,367,15299,24838,2990.3333333333335,0.719229789293576,3,6866,0.2244,0.21789694920476524,1014.7305308683392,0.549681372489691,0,56.0
2033-12-12,53,19319,592,Employed,High School,32,18377,36,Divorced,4,Mortgage,482,0.2632501290537347,4,0,0.10056721401276439,0,Home,0,33,10,3436,730,214353,10497,1609.9166666666667,0.7861221610786188,6,203856,0.207377,0.20520096242041885,687.8348672960417,0.7266431185647549,0,48.0
2033-12-13,38,61011,590,Employed,High School,17,15099,108,Married,3,Mortgage,207,0.5424976937929172,2,3,0.34914852436285554,1,Debt Consolidation,0,21,8,913,996,139739,31785,5084.25,0.8667435659902528,2,107954,0.265099,0.28015268672250043,384.28722827699664,0.11629782726596777,0,64.0
2033-12-14,42,25451,521,Employed,Associate,21,11662,12,Divorced,3,Mortgage,296,0.27027814410601503,4,2,0.42637685628304944,0,Debt Consolidation,0,24,21,6006,400,1014594,37838,2120.9166666666665,0.4958346942094643,6,976756,0.21616200000000002,0.21400660734475363,1088.136591162467,0.6526124354229541,1,40.0
2033-12-15,51,40539,592,Employed,Bachelor,27,30752,48,Widowed,1,Mortgage,425,0.06911498641523933,3,1,0.3885044642091206,0,Education,0,28,16,1410,2235,25385,8822,3378.25,0.9579060492979505,12,16563,0.229752,0.2319180967499711,988.8813840481184,0.4185247936204006,0,54.0
2033-12-16,44,34546,509,Employed,High School,20,43899,60,Single,3,Rent,225,0.04155265348190552,3,0,0.1200750561581269,0,Auto,0,29,3,3231,1492,136202,139739,2878.8333333333335,0.8341712411805859,4,1605,0.294399,0.2779094570734765,1361.3002186637916,0.5510219019268656,0,53.0
2033-12-17,31,25471,586,Self-Employed,Associate,9,24901,84,Married,1,Other,374,0.0868596757751772,4,1,0.3092211763319698,0,Debt Consolidation,0,27,25,16865,817,1027513,4114,2122.5833333333335,0.8951913239679726,3,1023399,0.25690100000000005,0.2605133515256891,647.1194112677397,0.48107388540743884,1,40.0
2033-12-18,48,97222,583,Employed,Bachelor,30,33627,36,Single,0,Own,363,0.44110521740805425,1,0,0.3476546504838127,0,Auto,0,13,1,4816,881,84963,8555,8101.833333333333,0.9602441142170764,6,76408,0.227127,0.21740058138795995,1279.7127634507685,0.20275815310741627,1,44.800000000000004
2033-12-19,33,53510,581,Employed,Bachelor,10,12758,36,Divorced,1,Own,238,0.08977733680537432,4,0,0.5379975699520929,0,Auto,0,18,9,7011,899,61858,13038,4459.166666666667,0.9487278407959182,5,48820,0.207258,0.21182605032478363,481.8554826577474,0.16143273765451258,1,46.400000000000006
2033-12-20,60,50446,653,Employed,Master,37,18140,60,Married,3,Mortgage,368,0.32503311008405694,5,0,0.11861732725616914,0,Education,0,23,20,3078,2594,34832,29938,4203.833333333333,0.8596894939584637,8,4894,0.19663999999999998,0.18887467410299366,469.43908591872446,0.19920844132388482,0,44.0
2033-12-21,28,170245,593,Employed,Master,5,10769,60,Single,3,Mortgage,235,0.3406692864781338,3,2,0.06769926773288576,0,Debt Consolidation,1,36,21,10940,3091,101991,87575,14187.083333333334,0.8671988849823219,5,14416,0.219269,0.20754936892247197,289.8550459179184,0.036995274757056135,1,43.2
2033-12-22,45,27689,448,Self-Employed,Doctorate,21,25987,36,Married,1,Rent,186,0.2719698112399391,4,0,0.2633310996700102,0,Auto,0,24,26,1086,2092,83272,5319,2307.4166666666665,0.8287176382111759,6,77953,0.286987,0.24841582196191145,1031.0625162573576,0.5274567588243813,0,55.0
2033-12-23,27,19325,579,Employed,Associate,6,16642,60,Single,3,Rent,264,0.18779178947807507,4,3,0.08149716059028553,0,Debt Consolidation,0,29,25,2426,289,51814,21908,1610.4166666666667,0.6667271066782297,10,29906,0.23214200000000002,0.2625498434682011,500.78456142763866,0.47489856337033187,0,51.0
2033-12-24,52,82014,587,Employed,Bachelor,31,26650,48,Married,4,Mortgage,379,0.22456568824380774,2,0,0.15412662954858056,0,Debt Consolidation,0,32,20,2616,1421,24035,13730,6834.5,0.870926405665301,3,10305,0.22815000000000002,0.21576610268616334,833.5232906448084,0.17741214289923307,1,39.2
2033-12-25,43,16721,583,Employed,Bachelor,23,66258,96,Widowed,1,Mortgage,643,0.08901997066181444,1,0,0.08370448696492486,0,Home,1,16,4,722,3370,74408,7071,1393.4166666666667,0.3503588210794981,6,67337,0.30975800000000003,0.26253952752733195,1657.1191192968397,1.6507044693237294,0,58.0
2033-12-26,28,66437,563,Employed,Associate,9,34388,48,Married,0,Mortgage,1518,0.2807790879317397,3,0,0.1930199712449961,0,Education,0,26,21,1294,1374,20079,49205,5536.416666666667,0.7966756850791992,4,2567,0.247888,0.28630992768222313,1210.9440595861377,0.49290799878130637,0,50.0
2033-12-27,27,101004,620,Employed,Master,6,12657,60,Married,3,Own,465,0.21153898930831236,2,1,0.10660285457651757,0,Auto,0,34,2,3515,3245,96789,23711,8417.0,0.8794631408735795,5,73078,0.20765700000000004,0.21510421899717516,346.05851992813365,0.09635957228562832,1,38.400000000000006
2033-12-28,47,139390,564,Employed,Associate,27,7534,48,Married,1,Rent,309,0.016054143614975716,5,0,0.1752289639863977,0,Debt Consolidation,0,26,8,1609,2226,33098,9988,11615.833333333334,0.7541084861845637,3,23110,0.220534,0.22060663222086288,237.61498279706095,0.04705775015112082,1,38.400000000000006
2033-12-29,46,275891,636,Employed,Bachelor,25,26565,36,Single,0,Mortgage,263,0.08748439490789933,1,1,0.16445237143168254,0,Debt Consolidation,0,28,19,1493,2775,61332,29454,22990.916666666668,0.8871791144998392,5,31878,0.19356500000000001,0.20825596293852933,998.4609643036563,0.05486779768692663,1,35.2
2033-12-30,22,47022,529,Employed,Bachelor,0,22377,36,Married,1,Own,295,0.3414534124229317,2,0,0.338580807136962,0,Home,0,26,9,945,294,270398,23938,3918.5,0.8973152201831305,6,246460,0.242877,0.19821223798673035,829.5725582434244,0.2869905724750349,1,41.6
2033-12-31,37,66737,557,Employed,Bachelor,15,15032,24,Married,0,Rent,716,0.1651779036177524,5,1,0.2729082674555631,0,Auto,0,18,10,1452,2619,48477,68534,5561.416666666667,0.6866773566281852,11,7871,0.21153199999999997,0.21309900406274535,774.719132805855,0.2680466546843619,0,51.0
2034-01-01,62,56693,626,Self-Employed,Bachelor,39,18350,48,Married,2,Rent,1037,0.8124845304464746,1,1,0.35879875378471543,0,Debt Consolidation,0,20,4,2993,3558,43580,8610,4724.416666666667,0.903617090230756,0,34970,0.20035000000000003,0.23302464864249509,591.1895631791587,0.34463293101705506,0,60.0
2034-01-02,21,103674,515,Employed,Associate,0,11295,36,Single,0,Own,485,0.15116393114231944,5,1,0.23556566950777383,0,Debt Consolidation,0,21,22,1625,879,240667,2924,8639.5,0.8612066728382152,8,237743,0.238795,0.26819889766063704,460.0300968274295,0.10938481356877475,1,36.800000000000004
2034-01-03,42,28994,606,Employed,High School,21,22289,36,Married,1,Other,357,0.10951088527645454,7,0,0.14841356609953485,0,Auto,0,31,23,1007,207,24790,21116,2416.1666666666665,0.6901448972271078,4,3674,0.204289,0.1889901585161524,815.8884624857725,0.48543359142682174,0,48.0
2034-01-04,49,43568,639,Employed,Bachelor,25,19792,48,Married,0,Rent,373,0.05099751461143103,3,0,0.2236064665452616,0,Home,0,26,20,5552,916,174281,16479,3630.6666666666665,0.7331040252360245,5,157802,0.19529200000000002,0.19183498619375472,593.7013045917128,0.2662599994284923,0,45.0
2034-01-05,33,46561,600,Employed,Master,9,36974,36,Married,0,Mortgage,647,0.33382477685166917,5,2,0.13308368758925704,0,Debt Consolidation,0,16,16,16743,120,217563,26529,3880.0833333333335,0.927450174653269,5,191034,0.221974,0.2581136783187135,1485.9926084811543,0.5497285561258102,0,44.0
2034-01-06,32,61886,587,Employed,Master,12,34909,12,Married,3,Own,249,0.22876989994246094,3,1,0.12264376913095247,0,Other,0,24,9,6212,5374,38983,48140,5157.166666666667,0.9365099580222596,8,2289,0.206409,0.1992610541239253,3232.5435089862085,0.6750884223868807,0,51.0
2034-01-07,43,29645,588,Employed,High School,22,16383,72,Married,5,Mortgage,271,0.29599312512482623,4,2,0.08553105148675384,0,Education,0,27,22,7480,2662,31389,28004,2470.4166666666665,0.788887242557515,5,3385,0.237383,0.19598559929877285,388.61623156812175,0.26700606438918745,0,52.0
2034-01-08,42,19088,642,Employed,Master,20,13407,120,Single,3,Rent,508,0.298470438849084,6,0,0.46328536409937393,0,Debt Consolidation,1,24,21,5656,408,80600,38982,1590.6666666666667,0.8786790239307246,3,41618,0.24740700000000002,0.2318620264642091,288.02612685954966,0.5004355365839582,0,61.0
2034-01-09,29,108248,581,Employed,Doctorate,3,21675,72,Divorced,2,Mortgage,493,0.4351732487017023,6,1,0.17398598379838515,0,Other,0,31,12,7158,2210,233637,369236,9020.666666666666,0.45849353984165103,4,3733,0.246175,0.2504803764035298,584.502388366426,0.11944819913898744,1,40.0
2034-01-10,32,45476,581,Employed,Associate,12,44750,36,Married,0,Mortgage,434,0.25844964485856564,1,0,0.12594970228116556,1,Auto,0,23,4,1400,4922,19487,24717,3789.6666666666665,0.7854218792074502,5,1937,0.23925,0.19140000000000001,1643.5261876618927,0.548208159291554,0,66.0
2034-01-11,21,52489,627,Employed,Doctorate,0,13596,24,Single,0,Rent,466,0.6022258453002273,1,3,0.11066799153358411,0,Debt Consolidation,0,32,8,1448,1186,98118,17754,4374.083333333333,0.821177068522281,7,80364,0.175096,0.16652269578413706,669.947564022824,0.2596995707343232,0,48.0
2034-01-12,45,26272,556,Employed,Associate,22,23060,72,Married,2,Mortgage,279,0.161793210589278,2,1,0.1179553697106463,0,Other,0,27,15,19636,1587,71793,46321,2189.3333333333335,0.566707055905684,0,25472,0.26005999999999996,0.27224860548747365,653.0197852594101,0.42570940252409106,0,51.0
2034-01-13,32,52076,574,Employed,Bachelor,8,7090,12,Married,4,Mortgage,560,0.30424416735707327,4,1,0.5046525888068705,0,Education,0,22,16,974,902,25031,33453,4339.666666666667,0.7932791606976435,1,10646,0.18509000000000003,0.19447638926040414,654.9057916343138,0.2799537118751779,1,46.400000000000006
2034-01-14,36,62699,611,Employed,Bachelor,18,11735,24,Married,1,Mortgage,320,0.06584982795453787,1,2,0.24038121838132695,0,Education,0,23,28,9771,9735,42084,65630,5224.916666666667,0.8861635334180072,6,8883,0.18123499999999998,0.1761706651874973,583.6903734066632,0.17295785388730214,1,38.400000000000006
2034-01-15,46,122629,639,Employed,Master,21,22399,36,Divorced,0,Mortgage,303,0.2924525998546472,0,0,0.13748753617843615,0,Debt Consolidation,0,24,14,1449,1557,74990,12441,10219.083333333334,0.9872711363008927,5,62549,0.187899,0.1747120845599897,803.8481734868931,0.10831188447954983,1,34.4
2034-01-16,38,59804,513,Employed,Bachelor,17,38758,72,Single,0,Mortgage,436,0.2492797641771213,5,1,0.2795906043919607,0,Auto,1,15,5,1240,2470,31394,61332,2940.75,0.7216341424683466,5,8853,0.297258,0.3463170147760216,1284.1065526681818,0.5849210414581932,0,60.0
2034-01-17,56,41046,649,Employed,Master,35,8832,36,Single,2,Mortgage,815,0.23488820058175122,5,0,0.29066652630779055,0,Home,0,18,7,4288,883,427325,12109,3420.5,0.5288402491869753,8,415216,0.169332,0.15091199927917168,306.55877432950115,0.32789322447873154,1,36.0
2034-01-18,43,18624,535,Self-Employed,Associate,23,18971,60,Single,0,Rent,293,0.06745466931085138,5,3,0.08916294553700699,0,Debt Consolidation,1,24,19,5013,1211,63414,15792,1552.0,0.7262977694576503,8,47622,0.256471,0.2459855227918085,552.3679105854236,0.544695818676175,0,60.0
2034-01-19,47,161547,539,Employed,High School,25,30141,48,Single,3,Other,404,0.2255350797799527,1,1,0.43598389592876463,0,Home,0,12,22,6985,1209,13765,167232,13462.25,0.7045268000512502,5,9119,0.255641,0.2757562722725174,1043.17241157188,0.10749855422175937,1,43.2
2034-01-20,56,26428,440,Self-Employed,High School,36,14938,48,Married,4,Mortgage,274,0.1688586452572096,2,1,0.1651153348209998,1,Debt Consolidation,0,27,11,3684,1556,40053,18534,2202.3333333333335,0.7649120708625478,4,21519,0.289938,0.3404627596306271,573.5738483113385,0.3848526630746201,0,66.0
2034-01-21,41,153657,548,Employed,Master,20,20050,108,Divorced,2,Mortgage,540,0.2300315681788671,2,2,0.33177472682819104,0,Education,0,31,20,135,823,123390,9450,12804.75,0.7750332926526953,5,113940,0.29105000000000003,0.3062991427125814,547.7843672707863,0.08495162867457673,1,38.400000000000006
2034-01-22,32,73919,431,Employed,Master,5,58091,12,Married,0,Mortgage,275,0.10732757424198819,6,0,0.15628627293410435,0,Home,0,27,18,2638,2087,24111,33945,6159.916666666667,0.8596222091576651,6,7716,0.307591,0.3164328940131265,5710.183742984948,0.9716338818953094,0,49.0
2034-01-23,60,59696,640,Employed,High School,37,26794,60,Single,0,Rent,245,0.028251411129672933,3,1,0.5672865216886557,0,Auto,1,18,9,16796,282,111417,48372,4974.666666666667,0.8054441753567937,4,63045,0.21179399999999998,0.18512799642172773,687.8880613223549,0.1875277528790582,0,59.0
2034-01-24,37,44208,591,Employed,High School,12,12565,36,Married,0,Rent,788,0.12507476913556376,5,3,0.14667470752969408,0,Home,0,22,21,2443,317,140773,169934,3684.0,0.6291546354848697,7,10620,0.202065,0.22747966404115277,484.7386465349341,0.3454773741951504,0,50.0
2034-01-25,37,61668,562,Employed,Master,14,16793,24,Married,3,Rent,648,0.25582820753640695,6,1,0.056117260766895376,0,Debt Consolidation,0,36,21,10861,580,209361,10796,5139.0,0.6679158974943015,3,198565,0.21079299999999998,0.19299790583427845,848.9598860748335,0.2912940039063696,1,36.800000000000004
2034-01-26,49,25812,614,Employed,Associate,28,19348,96,Single,1,Own,306,0.2220050163723822,4,2,0.27928731302330717,1,Other,0,19,21,391,2062,212483,29466,2151.0,0.9539653328503793,3,183017,0.247348,0.23313466588760368,446.25620879971655,0.3497239464433829,0,59.0
2034-01-27,46,25039,630,Self-Employed,Bachelor,22,19495,24,Married,4,Mortgage,335,0.23961458765804194,1,3,0.20625191147186542,0,Home,0,25,1,3228,1790,18251,8380,2086.5833333333335,0.8170629919236193,2,9871,0.179495,0.19145695469679483,984.0965250870407,0.6321801310373613,0,58.0
2034-01-28,47,53400,610,Employed,Bachelor,19,15821,12,Single,1,Mortgage,389,0.16431802201556045,1,3,0.1534547053527336,0,Home,0,15,21,918,1880,25080,36524,4450.0,0.6891638093515634,3,7423,0.175821,0.15845648488409744,1434.2975548694294,0.40972978761110773,1,36.800000000000004
2034-01-29,44,32959,610,Self-Employed,Bachelor,24,20064,84,Married,3,Rent,154,0.6767759132413351,1,2,0.11903609305579849,0,Auto,0,29,18,1735,7739,44214,24049,2746.5833333333335,0.7971223385943487,1,20165,0.240064,0.2508165213901983,508.9005954328518,0.24135462681495862,0,53.0
2034-01-30,34,15000,520,Employed,Bachelor,13,35917,24,Married,4,Rent,505,0.21692911591683012,2,1,0.47473228852756166,0,Other,0,23,16,958,248,89761,32357,1250.0,0.9125082192585495,6,57404,0.250917,0.2686681368704098,1950.7503592387923,1.9646002873910335,0,56.0
2034-01-31,36,36561,599,Employed,High School,17,14886,36,Single,1,Mortgage,339,0.37291460696857814,3,1,0.1565037216070099,0,Other,0,21,19,4778,2083,24206,8411,3046.75,0.8029110960782012,5,15795,0.200386,0.22512145537343003,572.4546817477624,0.299156373758189,0,51.0
2034-02-01,30,55424,580,Employed,Associate,9,42620,48,Single,0,Rent,535,0.252199475925584,1,1,0.6421955301301968,0,Debt Consolidation,0,27,3,1050,781,68685,14291,4618.666666666667,0.8821604756877544,2,54394,0.24762,0.22444722647496756,1353.1002056210539,0.4087976773140272,0,59.0
2034-02-02,35,106165,552,Employed,Doctorate,15,40143,36,Married,1,Other,637,0.2348359066409078,3,1,0.4528548099031353,0,Home,0,23,6,3760,3847,780517,16163,8847.083333333334,0.891953969679129,4,764354,0.24914299999999998,0.288003801722768,1677.8648942080913,0.261652886831791,1,39.2
2034-02-03,50,56620,632,Employed,Associate,25,19292,12,Single,3,Own,298,0.13339740075285564,5,1,0.38746479637542325,0,Debt Consolidation,0,30,2,27577,568,371912,4844,4718.333333333333,0.9053297924814216,5,367068,0.16829200000000002,0.17532508182850012,1764.4010653595215,0.43710372278901904,1,38.400000000000006
2034-02-04,30,43424,552,Employed,Associate,3,5423,96,Married,2,Rent,236,0.04932360266757871,5,1,0.06735605061372857,0,Other,0,24,9,2286,1276,359856,24258,3618.6666666666665,0.6020374975637334,5,335598,0.264423,0.2892974600272856,145.5200681519507,0.1054311168437594,0,45.0
2034-02-05,45,34308,536,Employed,Associate,22,32074,48,Single,0,Rent,307,0.39485013382707085,2,0,0.4043747758068781,0,Auto,0,17,4,1210,464,84559,24978,2859.0,0.958552920033889,4,59581,0.25907399999999997,0.25266917433904873,1068.2622065304686,0.4810291033684745,0,58.0
2034-02-06,32,55676,576,Unemployed,Bachelor,13,16852,24,Married,0,Own,222,0.23888054242348927,1,0,0.4056627391351958,0,Home,0,25,5,3660,2749,51206,3965,4639.666666666667,0.9819045896202818,3,47241,0.203852,0.20699395434683612,863.4648123768794,0.2339531889597412,0,61.0
2034-02-07,22,63169,444,Unemployed,High School,0,15866,96,Single,0,Mortgage,539,0.259113800979782,2,1,0.045644763689259085,0,Debt Consolidation,0,28,27,2957,13469,39444,50714,5264.083333333333,0.7963261889031168,4,2051,0.328866,0.3628192850050007,508.86292549857586,0.1990589546452043,0,53.0
2034-02-08,55,19801,629,Employed,High School,33,5617,60,Married,0,Rent,304,0.5186008128557291,5,1,0.06983498634427415,0,Debt Consolidation,0,19,13,3576,5170,25405,18132,1650.0833333333333,0.8460436983877309,5,7273,0.19611700000000004,0.1639571129098192,137.7783324768613,0.267730922161625,0,50.0
2034-02-09,42,26266,567,Employed,Associate,19,20507,48,Married,3,Rent,357,0.3688009506054784,0,0,0.16977730957063925,0,Education,0,21,12,5274,459,42485,34703,2188.8333333333335,0.9362507648797758,3,7782,0.232007,0.21960367722100108,645.6539869278314,0.4580768995330075,0,52.0
2034-02-10,48,36681,636,Unemployed,Master,26,44665,48,Married,2,Mortgage,521,0.2682455639879876,2,2,0.1995241281832605,0,Debt Consolidation,0,22,22,2787,1150,32676,17454,3056.75,0.6917678423149456,4,15222,0.22166500000000003,0.23414028850260332,1441.729812953571,0.6420969372547872,0,51.0
2034-02-11,43,27446,540,Self-Employed,Associate,20,7472,84,Married,1,Mortgage,464,0.4127375459370765,3,1,0.4712110562637012,0,Debt Consolidation,1,34,16,1627,1548,276943,6632,2287.1666666666665,0.8383040940485,4,270311,0.26247200000000004,0.23350018228855896,181.3184745441303,0.28214755135646596,0,62.0
2034-02-12,43,118936,600,Employed,Bachelor,21,9986,48,Married,2,Rent,499,0.3529856881781599,6,0,0.20146671640498098,0,Home,0,24,6,446,7797,74155,22742,9911.333333333334,0.6473616560132175,2,51413,0.204986,0.19102747001500647,299.1242745600419,0.0805264284549716,1,38.400000000000006
2034-02-13,40,68595,475,Employed,Bachelor,16,15513,84,Widowed,1,Own,194,0.6968458066403916,6,4,0.3144762944788384,0,Auto,0,16,22,28820,1647,46302,6820,5716.25,0.6402184497531439,4,39482,0.303013,0.281561613409941,424.4942727549937,0.10819930422129784,1,44.800000000000004
2034-02-14,37,55167,452,Employed,Master,13,22625,12,Married,1,Rent,292,0.11646732668686242,3,0,0.47859491220828565,0,Debt Consolidation,0,17,22,32302,3890,36192,14491,4597.25,0.8896475370161682,3,21701,0.261625,0.2987480093323418,2204.253144844984,0.5429883397346205,0,55.0
2034-02-15,21,106963,557,Employed,Associate,0,52380,36,Married,1,Mortgage,601,0.05425172668471161,5,0,0.18754648256567066,0,Debt Consolidation,1,27,5,2999,2095,113117,315134,8913.583333333334,0.8033832545920774,1,9759,0.25888,0.2819668659315999,2172.1944636330404,0.31112004677875976,0,56.0
2034-02-16,41,35121,584,Employed,High School,21,16820,24,Divorced,1,Rent,478,0.20889480170300456,1,1,0.2324331705869239,0,Home,1,29,14,7354,5384,159014,61028,2926.75,0.6906568974656213,4,97986,0.19982,0.20887977708130287,863.3814458528431,0.4583177401051826,0,57.0
2034-02-17,41,102688,502,Employed,High School,16,8110,24,Married,1,Own,547,0.2935311559152051,1,1,0.3513793254242934,0,Other,0,20,19,2061,163,24412,7218,8557.333333333334,0.9278472256765596,7,17194,0.23210999999999998,0.27853199999999995,444.5392760254843,0.11587012418496621,1,42.400000000000006
2034-02-18,30,15000,584,Employed,High School,9,26512,108,Single,4,Other,404,0.19378364541682305,0,0,0.4796324862323877,0,Education,0,35,28,3464,1084,30065,1682,1250.0,0.7669148730182194,4,28383,0.279512,0.33541439999999995,780.8084746027936,0.9478467796822347,0,57.0
2034-02-19,49,41807,503,Employed,High School,25,24742,12,Single,0,Other,419,0.18204542806455695,2,3,0.11007712265198505,0,Home,0,26,29,6253,1955,14732,9375,3483.9166666666665,0.8245736090949878,3,5357,0.238242,0.25039083751100716,2352.05296481072,0.7953843992089517,0,50.0
2034-02-20,39,15000,521,Employed,Master,14,33873,36,Married,1,Own,301,0.016055001905392396,3,0,0.3097351170597824,0,Education,0,25,7,2345,441,81092,13969,1250.0,0.5593503738503076,5,67123,0.25837299999999996,0.2425980382535495,1333.5594717503932,1.3076475774003145,0,54.0
2034-02-21,42,52502,567,Self-Employed,Doctorate,20,12850,60,Married,4,Rent,646,0.4004995342696167,6,1,0.339249899248826,0,Debt Consolidation,0,22,26,7323,536,54444,158452,4375.166666666667,0.5272691951031955,6,10729,0.23435,0.22100107504652358,355.6348007658934,0.22893637593216867,1,46.400000000000006
2034-02-22,28,50299,602,Employed,High School,6,15130,48,Divorced,1,Mortgage,341,0.09421531787463137,6,0,0.07188099904177533,0,Debt Consolidation,1,28,19,14698,282,157728,3072,4191.583333333333,0.86448851404923,7,154656,0.20913,0.17145467658419095,437.7163036189929,0.18578094283043234,1,38.400000000000006
2034-02-23,39,95893,646,Employed,Master,14,15073,60,Divorced,5,Own,370,0.23182931999131562,3,1,0.20626363446836893,0,Auto,0,19,3,2686,3021,37962,11462,7991.083333333333,0.9091446707657462,5,26500,0.197073,0.2145849857957287,411.6724880789741,0.09781808741980842,1,40.800000000000004
2034-02-24,46,38688,533,Employed,High School,22,18108,36,Single,0,Rent,297,0.39487989079884084,3,2,0.3898819953093541,0,Home,0,31,22,3308,1950,200296,38510,3224.0,0.6352446040463304,3,161786,0.236608,0.20417905470914377,676.820172005261,0.3020534032274383,1,40.800000000000004
2034-02-25,30,47071,577,Unemployed,Associate,7,25518,48,Divorced,3,Mortgage,315,0.1357254008655404,1,0,0.23051057543179576,0,Education,0,19,23,2397,2057,195023,68152,3922.5833333333335,0.7960274389840276,4,126871,0.23201800000000003,0.24580397598493092,840.1426038111765,0.2944851659351643,0,51.0
2034-02-26,57,37055,577,Employed,High School,36,16101,36,Married,0,Own,351,0.2760007503431563,1,0,0.1617747657220404,0,Auto,0,18,27,5126,131,148252,33843,3087.9166666666665,0.7130471747478098,4,114409,0.212601,0.2238890454280142,618.1486055412255,0.31385193000930256,0,47.0
2034-02-27,39,213178,585,Employed,Bachelor,17,13147,36,Married,0,Other,520,0.11762084371636279,3,0,0.1291728173219635,0,Home,0,35,7,2677,122,100979,45656,17764.833333333332,0.719119527085883,5,55323,0.205647,0.16930109481180647,468.269239091609,0.055630650766492366,1,36.800000000000004
2034-02-28,56,76577,582,Employed,High School,32,22082,72,Married,0,Own,266,0.06359653650110776,3,1,0.23333053412734725,0,Home,0,27,13,2762,1379,36502,26286,6381.416666666667,0.9363927273839843,5,10216,0.246082,0.2399332650283071,581.25962110746,0.13276983236859005,0,51.0
2034-03-01,48,39648,478,Employed,High School,26,22246,108,Divorced,0,Mortgage,447,0.364956259618358,2,1,0.25609667303278877,0,Auto,0,18,15,603,1372,38168,8493,3304.0,0.9406543523132075,6,29675,0.328246,0.31952037119554394,629.1683023667472,0.3257167985371511,0,53.0
2034-03-02,50,115848,597,Employed,Associate,29,20267,84,Married,3,Rent,350,0.08505225051065413,2,1,0.44816988917595235,0,Debt Consolidation,0,28,27,11706,398,498330,134815,9654.0,0.7890250188458041,8,363515,0.24676700000000001,0.21607362340654146,469.87151412703577,0.08492557635457176,1,38.400000000000006
2034-03-03,50,63262,506,Self-Employed,Associate,25,37556,72,Single,2,Mortgage,237,0.13649801219729452,4,1,0.3854307913678471,0,Auto,0,34,27,1977,5045,246154,9558,5271.833333333333,0.7747912785797592,1,236596,0.299556,0.3341603872283095,1213.8109764922917,0.2752004634363046,0,52.0
2034-03-04,54,22549,590,Employed,Associate,35,6291,72,Divorced,2,Rent,269,0.15090180857400537,2,1,0.3177932035483867,0,Other,0,31,9,1358,621,24630,10023,1879.0833333333333,0.6795181602804238,1,14607,0.226291,0.2274715668547177,160.87046684731538,0.22876604737096032,0,56.0
2034-03-05,39,214076,624,Employed,Master,17,10089,24,Single,2,Rent,301,0.29699077406015856,3,2,0.47738970432118594,0,Auto,0,18,25,1595,984,48059,51856,17839.666666666668,0.857323282281475,3,4148,0.17308900000000002,0.18570559419713062,506.47001101399223,0.045262617631905984,1,40.800000000000004
2034-03-06,58,38973,633,Employed,Associate,38,32155,60,Married,3,Rent,677,0.09502929548557318,3,0,0.48105267661023177,0,Auto,0,22,13,2167,1209,98357,14123,3247.75,0.8355554822187241,3,84234,0.220655,0.24436656791646486,933.2016422453668,0.4957898983127909,0,51.0
2034-03-07,46,15000,618,Employed,Bachelor,21,14437,60,Divorced,2,Mortgage,665,0.36295194152597166,5,1,0.2961350056718959,0,Home,1,37,5,4931,3414,76023,572327,1250.0,0.8140898943244943,11,8951,0.21043700000000004,0.24204458752097677,417.038211615376,0.8656305692923008,0,59.0
2034-03-08,41,60673,592,Employed,Associate,18,33449,36,Divorced,2,Mortgage,228,0.5131912822806258,3,2,0.07973249098960894,0,Auto,0,43,11,986,886,96736,25311,5056.083333333333,0.6277701388517266,6,71425,0.222449,0.24835545751838917,1327.018825250815,0.3075540339691425,0,49.0
2034-03-09,42,48105,505,Employed,Master,21,39052,60,Married,2,Mortgage,240,0.29141573603368975,5,2,0.2477020413435551,0,Home,0,39,8,5070,2582,64771,1080,4008.75,0.7958559810490045,5,63691,0.291552,0.3225055208022785,1317.9767581386463,0.3886440307174671,0,52.0
2034-03-10,31,75695,635,Self-Employed,Doctorate,11,36390,48,Single,5,Mortgage,651,0.13190972191233294,4,0,0.4476158594043483,1,Other,0,17,12,6844,3556,85903,45268,6307.916666666667,0.8394410919845872,4,40635,0.21389000000000002,0.21276690822198122,1132.264305725187,0.2827025783565921,0,67.0
2034-03-11,32,20972,590,Employed,Associate,12,22997,48,Single,4,Mortgage,530,0.23074399106245752,4,1,0.4437510039514302,0,Home,0,24,27,9718,1846,91094,31586,1747.6666666666667,0.877422532231723,5,59508,0.222997,0.24044666403154472,750.3123939006464,0.7325838607098872,0,56.0
2034-03-12,58,52915,639,Employed,High School,36,17858,96,Married,1,Mortgage,606,0.8246129507546149,3,0,0.20522760242995375,0,Auto,1,23,29,2465,775,81998,75664,4409.583333333333,0.806235708824191,5,6334,0.233358,0.26232993404531957,446.37871687837855,0.2386571785418226,0,58.0
2034-03-13,48,154822,654,Employed,Doctorate,25,12912,36,Married,3,Mortgage,557,0.244870121275308,3,3,0.2757890953640391,0,Home,0,22,11,12790,7038,20854,210281,12901.833333333334,0.7442390409579197,5,4467,0.170912,0.193498883328104,475.58980652797277,0.08003434704586992,1,35.2
2034-03-14,47,26948,526,Employed,Bachelor,26,42097,36,Single,3,Rent,311,0.13260216690980323,5,0,0.053637856307436574,0,Debt Consolidation,0,26,24,1773,166,35139,3098,2245.6666666666665,0.8871633579952567,4,32041,0.264097,0.300117503219131,1787.3549682312953,0.9344017967483873,0,51.0
2034-03-15,34,19025,465,Employed,High School,7,26046,24,Single,2,Rent,361,0.19784847768909136,6,3,0.3833835709674089,0,Education,1,20,28,487,649,90554,92075,1585.4166666666667,0.8577579552873069,3,8597,0.268546,0.27879619879172174,1428.028585104012,1.1284280168855791,0,61.0
2034-03-16,38,31708,614,Employed,Associate,15,15475,12,Divorced,1,Mortgage,342,0.360108442660031,4,0,0.1078517870469626,0,Other,0,19,20,4895,3851,295558,70810,2642.3333333333335,0.9284123736418076,6,224748,0.173475,0.17091747142325875,1412.0674114265023,0.6638327531575006,0,44.0
2034-03-17,32,99008,628,Employed,Master,12,45309,36,Married,5,Own,206,0.057004327549946124,5,4,0.2016990256568952,0,Education,1,25,15,5491,1463,27980,46712,8250.666666666666,0.9622650110599759,8,3025,0.216309,0.21210192705072775,1711.913319880977,0.23245555751627875,0,53.0
2034-03-18,47,37443,625,Employed,Master,25,25970,60,Single,1,Mortgage,418,0.16625852441865324,2,0,0.17035778116793546,0,Auto,0,21,6,32176,436,32612,7834,3120.25,0.9296453298285855,5,24778,0.21847,0.20619365801624678,697.0265972012347,0.3573516856666084,0,49.0
2034-03-19,39,15428,557,Employed,High School,15,12325,60,Divorced,1,Own,573,0.3382397262301519,1,0,0.18247136418947718,0,Other,0,27,23,4813,709,9721,15652,1285.6666666666667,0.8205560173991043,6,8703,0.238825,0.2599327233354715,368.96719623721134,0.7326682884914788,0,52.0
2034-03-20,52,47685,587,Self-Employed,Bachelor,29,22192,48,Married,1,Other,267,0.2987091018450124,1,0,0.4850179667984845,1,Debt Consolidation,0,18,22,1881,5705,15984,8921,3973.75,0.831809146430742,1,7063,0.223692,0.20952940231561978,686.6291080865418,0.23998215994628294,0,72.0
2034-03-21,42,55278,494,Employed,High School,21,15301,48,Single,3,Rent,314,0.5307998542368586,4,1,0.38351267066404404,0,Auto,0,26,27,1992,1301,68906,10836,4606.5,0.5090441156007303,5,58070,0.263301,0.25293011984080205,509.8409966269928,0.17884315567719372,1,42.400000000000006
2034-03-22,22,138823,592,Employed,Bachelor,3,41973,48,Divorced,2,Own,302,0.24580720919595525,3,3,0.08177046611108287,0,Debt Consolidation,0,26,6,1902,477,125459,151803,11568.583333333334,0.7967948382521161,4,9230,0.24097300000000002,0.1992534437783183,1275.584671048583,0.13636800856185932,1,40.0
2034-03-23,43,97169,576,Employed,Bachelor,21,20708,36,Divorced,3,Mortgage,328,0.1945194221658543,6,2,0.19279999343860063,0,Home,0,46,18,1672,1374,16001,22822,8097.416666666667,0.6760723429726796,3,10750,0.217708,0.24348344565336336,816.2262348291372,0.14130756535468766,1,38.400000000000006
2034-03-24,40,69272,535,Employed,Master,13,11005,48,Married,2,Mortgage,298,0.5327668321981376,1,1,0.4342656790833399,0,Home,0,35,3,4156,5625,41009,46627,5772.666666666667,0.8610122412758048,4,5857,0.238505,0.23795322613967512,357.53908938091615,0.11355914471317406,1,48.0
2034-03-25,27,46353,530,Unemployed,Associate,4,13369,72,Married,0,Rent,248,0.430210826211343,3,0,0.5454204049944161,0,Debt Consolidation,0,24,8,871,847,18173,8195,3862.75,0.8638188826461235,4,9978,0.26336899999999996,0.2811671005863241,386.1057023408272,0.1641591359370467,0,64.0
2034-03-26,58,27050,624,Employed,High School,33,24573,24,Single,0,Own,530,0.08324719532180565,1,1,0.20718492580786887,0,Home,0,19,29,7251,2316,163097,7326,2254.1666666666665,0.8026601236066765,14,155771,0.18757300000000002,0.16364221234639265,1207.4512954066831,0.7707732179253308,0,46.0
2034-03-27,22,23345,567,Employed,High School,2,24170,96,Married,0,Mortgage,96,0.6361533534006228,0,0,0.32727582221110857,0,Debt Consolidation,1,22,13,3395,683,222957,37256,1945.4166666666667,0.7673893192722991,9,185701,0.27566999999999997,0.3036343473275643,672.6628574190056,0.39511476928798744,0,60.0
2034-03-28,39,36342,567,Self-Employed,High School,15,17964,48,Divorced,3,Rent,300,0.15019467121862065,5,1,0.34156026675350665,0,Auto,0,20,4,1186,642,95081,21544,3028.5,0.9399255401249998,5,73537,0.229464,0.22727755432346683,573.0964555773257,0.28829336489262863,0,58.0
2034-03-29,22,15000,563,Employed,Master,0,27359,48,Married,3,Own,510,0.0724655990653012,3,1,0.09193942240178567,0,Education,0,16,25,11028,1448,63343,148846,1250.0,0.8560118123382443,6,2781,0.240859,0.25782283719636706,919.1237713548944,1.1432990170839155,0,51.0
2034-03-30,54,86840,652,Employed,Master,33,18099,36,Single,3,Rent,355,0.25893955834132454,4,1,0.26757023778088446,0,Education,0,29,16,2961,1103,64878,5665,7236.666666666667,0.8782421188660948,4,59213,0.177099,0.19725950211953874,670.0990946192154,0.1416534907350367,1,34.4
2034-03-31,32,26771,583,Employed,High School,8,35512,36,Single,0,Mortgage,357,0.23373658487489674,2,0,0.514679390802247,0,Other,0,27,12,1479,2564,209900,11245,2230.9166666666665,0.9547998120269177,6,198655,0.22901200000000002,0.22572185297906847,1366.75378761172,0.7726661481207516,0,56.0
2034-04-01,41,63738,594,Employed,Bachelor,20,30312,48,Single,3,Mortgage,433,0.25295632885965136,3,0,0.1587521554704,0,Debt Consolidation,0,14,3,12288,934,18927,27955,5311.5,0.884617581341755,4,2504,0.22831200000000001,0.24540459891212565,997.3054062993526,0.26928464770768196,0,53.0
2034-04-02,49,73495,617,Unemployed,Associate,27,45967,12,Married,1,Other,359,0.11989622566132307,4,2,0.18271437235945878,0,Auto,0,15,1,1732,4272,103508,23186,6124.583333333333,0.7625593247537216,6,80322,0.20246700000000004,0.21819143154640383,4298.252806344884,0.7604195343375552,0,51.0
2034-04-03,33,141670,567,Employed,Bachelor,12,14648,48,Married,0,Mortgage,382,0.43371604211976733,4,2,0.13818672383159264,0,Other,0,22,8,2675,1167,72475,1907,6821.0,0.45555825058187516,7,70568,0.226148,0.1809184,430.9882767644069,0.11918901579891612,1,38.400000000000006
2034-04-04,28,46195,581,Employed,Master,4,71846,96,Married,2,Own,238,0.21731977173375433,1,1,0.38573213261030154,0,Home,0,30,13,10976,1186,212413,6641,3849.5833333333335,0.9295294087205322,6,205772,0.316346,0.3072548803318693,2017.7377396167237,0.5859693229873512,0,51.0
2034-04-05,40,77267,640,Employed,Master,18,23245,72,Single,2,Rent,335,0.33323996699515496,4,0,0.38860629890541626,0,Debt Consolidation,0,23,11,17848,728,35092,11976,6438.916666666667,0.6770338911443514,9,23116,0.218245,0.23711209927105403,607.8985108692217,0.14643744587509105,0,51.0
2034-04-06,47,30337,634,Employed,Master,26,6760,24,Divorced,1,Mortgage,1096,0.022167343132759115,5,0,0.2919940488250283,0,Debt Consolidation,0,30,8,15305,2842,29276,55165,2528.0833333333335,0.9419512701437516,4,10897,0.16476,0.19771199999999997,343.3005120396404,0.569324789678468,0,50.0
2034-04-07,38,125927,561,Employed,Associate,18,21367,48,Single,2,Own,540,0.48824923052665725,0,1,0.1830789488929964,0,Home,0,20,4,4228,3086,48975,14554,10493.916666666666,0.7376907195922474,4,34421,0.235867,0.2126693060424755,664.7155580303313,0.11480132693039599,1,41.6
2034-04-08,31,31116,569,Employed,Associate,10,58237,84,Widowed,1,Rent,926,0.09595950769916244,2,1,0.25391099446061677,0,Debt Consolidation,0,28,17,4928,2559,414415,17723,2593.0,0.7271881927211461,4,396692,0.29873700000000003,0.29692627186031983,1653.1490699847352,0.9946583378267395,0,46.0
2034-04-09,45,112380,611,Self-Employed,Master,24,61066,36,Divorced,0,Own,401,0.2537601395737146,3,3,0.09535178145851422,0,Auto,0,23,17,9361,2833,100305,69690,9365.0,0.6547886424673087,5,30615,0.240566,0.25605167914180876,2447.5613463630857,0.30417099267091147,0,49.0
2034-04-10,28,152734,600,Employed,Bachelor,5,23343,72,Married,0,Rent,397,0.25246507112551914,1,1,0.10870423651082027,0,Auto,0,28,13,751,1697,35621,5776,12727.833333333334,0.8432991001794605,8,29845,0.238343,0.24701240714848954,624.5219679604384,0.08025890512607055,1,36.0
2034-04-11,40,33638,554,Employed,High School,17,29608,60,Married,0,Mortgage,342,0.4491492757284283,5,0,0.19830680345113327,0,Education,1,19,18,3026,535,63892,6479,2803.1666666666665,0.9329355794073732,2,57413,0.257608,0.20897470012109534,799.2891598583445,0.40714281224508403,0,56.0
2034-04-12,36,15000,498,Employed,Associate,12,20017,12,Widowed,2,Rent,273,0.19400925257488816,1,2,0.4562655157186371,0,Home,0,14,23,2314,4764,156296,17584,1250.0,0.5034491538465637,5,138712,0.236017,0.22397624340000455,1877.3113902110506,1.7202491121688406,0,53.0
2034-04-13,49,66423,622,Employed,Associate,27,88452,48,Married,0,Mortgage,628,0.21939795555838687,3,2,0.17302774377689592,0,Auto,0,22,17,7512,106,39507,34472,5535.25,0.9434203566140469,3,5035,0.272452,0.3254454034650597,3317.0280344064954,0.7127100012477297,0,47.0
2034-04-14,61,48583,620,Employed,Master,40,17961,60,Divorced,0,Own,206,0.2326326348688231,0,1,0.42058541312200026,0,Debt Consolidation,0,23,3,5546,7353,354905,2974,4048.5833333333335,0.896774048247694,7,351931,0.212961,0.20133943328144607,477.1962345226565,0.1687494558646415,1,40.800000000000004
2034-04-15,40,37009,651,Employed,Doctorate,19,11762,60,Single,0,Rent,749,0.27312798887936335,3,0,0.19971059843759636,0,Debt Consolidation,0,20,28,763,239,109338,16804,3084.0833333333335,0.8735398135412513,3,92534,0.191262,0.17916839337412233,298.14564465944017,0.3395322147562291,1,34.4
2034-04-16,36,32382,536,Employed,Associate,13,45506,48,Married,3,Mortgage,590,0.37760229797882017,1,0,0.33533941955367985,0,Home,0,27,25,4172,292,63733,16113,2698.5,0.852611257423967,4,47620,0.27250599999999997,0.2646951219035283,1546.384472374401,0.7916933379189924,0,55.0
2034-04-17,51,15464,662,Employed,Master,28,29545,12,Divorced,0,Rent,236,0.6165419724959073,8,1,0.27755740232229253,0,Home,0,13,24,831,780,37444,36148,1288.6666666666667,0.8063059155317641,3,1296,0.163545,0.15999346036810638,2680.634052209017,2.263295953602445,0,50.0
2034-04-18,64,46893,650,Self-Employed,Bachelor,39,18231,48,Married,0,Mortgage,337,0.1031089618244466,3,0,0.23511271185627625,0,Home,0,27,25,7078,6289,83120,31467,3907.75,0.5981134808974027,6,51653,0.188231,0.17635502890297686,532.0694934980589,0.22239639012169635,1,37.6
2034-04-19,45,49687,649,Employed,Bachelor,23,29649,60,Married,1,Mortgage,421,0.3230663125811448,2,0,0.3641010877195558,0,Home,0,26,3,986,1416,95376,40365,4140.583333333333,0.8594048020717785,6,55011,0.21014900000000003,0.20680565183922303,796.7866311746809,0.29410991957848476,0,53.0
2034-04-20,34,16426,548,Employed,High School,10,31400,36,Married,0,Mortgage,440,0.4116615601116275,2,1,0.4117960029260455,0,Debt Consolidation,0,24,24,1925,5864,81133,7607,1368.8333333333333,0.8857807460393088,7,73526,0.24239999999999998,0.23706003871277012,1227.069748752647,1.2178763536485915,0,57.0
2034-04-21,50,165520,557,Employed,Associate,30,48471,24,Married,2,Own,557,0.34679155215235513,2,1,0.27223800972571416,0,Home,1,26,18,5702,1966,90172,78549,13793.333333333334,0.7614881990145147,8,11623,0.24497099999999997,0.2588028250399923,2608.428355083319,0.22948973091469202,0,56.0
2034-04-22,45,75193,595,Self-Employed,Master,25,25238,72,Single,0,Mortgage,193,0.25835378453234903,4,0,0.3839940609555515,0,Education,0,29,29,2730,3144,402037,17733,6266.083333333333,0.8437767641341016,6,384304,0.242738,0.2570611764057307,690.8165857031913,0.14104769098770226,1,40.800000000000004
2034-04-23,39,53587,564,Employed,Bachelor,19,16381,24,Divorced,3,Rent,1489,0.22713150253832695,3,1,0.22665302628914952,0,Home,0,23,17,6633,2594,141443,39792,4465.583333333333,0.9553844421563268,8,101651,0.20938099999999998,0.18913374869598384,825.0542961711845,0.5181975395908376,0,48.0
2034-04-24,30,46066,542,Employed,High School,7,29890,120,Widowed,1,Mortgage,294,0.31074965061527987,3,1,0.6565185645733249,0,Home,0,33,7,4271,515,56866,171590,3838.8333333333335,0.7954011468001605,7,4445,0.31389,0.3281300103091871,850.727060412132,0.29819660324199154,0,60.0
2034-04-25,50,53567,434,Employed,Bachelor,28,28934,72,Married,1,Mortgage,169,0.20767292514646007,0,2,0.21484814491251664,0,Home,0,32,22,7849,1094,41271,11570,4463.916666666667,0.6363611644098893,4,29701,0.326934,0.3048519333750415,879.5255656478599,0.23488914420770843,0,52.0
2034-04-26,23,31869,506,Employed,Associate,0,10721,36,Married,0,Own,444,0.1457718603559412,0,3,0.47287910565614333,0,Debt Consolidation,0,19,26,520,695,12502,8802,2655.75,0.7340134955382716,4,3700,0.242721,0.23194238395349437,416.0930745634454,0.32386070773357634,0,56.0
2034-04-27,44,59632,663,Employed,Bachelor,21,30738,96,Single,1,Other,299,0.23965689281405664,2,0,0.454072626173387,0,Debt Consolidation,0,27,12,1693,873,108899,38088,4969.333333333333,0.8142557689822914,3,70811,0.234238,0.25700860736801123,757.3634912473107,0.21257650078762627,0,48.0
2034-04-28,44,37091,448,Employed,Master,24,30889,36,Married,5,Rent,374,0.6842770795306449,1,0,0.3126785186062817,0,Home,0,25,9,981,2423,75720,4470,3090.9166666666665,0.9590064944337234,9,71250,0.29188900000000007,0.3015628747092648,1313.9323039224848,0.5460944069200027,0,56.0
2034-04-29,35,38039,541,Employed,Associate,13,51584,48,Married,0,Rent,367,0.33419559190939896,0,0,0.2882696441000921,0,Home,0,26,22,2820,1044,223257,8252,3169.9166666666665,0.6934516321184893,3,215005,0.276084,0.3036780254921762,1868.3842142710776,0.7051870598925558,0,49.0
2034-04-30,52,46008,651,Self-Employed,Bachelor,30,15976,24,Married,3,Mortgage,240,0.5063018223354918,1,4,0.21736525454491096,0,Auto,0,12,11,18970,186,49333,21010,3834.0,0.9001274358937423,2,28323,0.16547599999999998,0.1323808,761.3159444999003,0.2611674346635108,1,40.800000000000004
2034-05-01,26,34394,544,Employed,Associate,4,42743,36,Married,1,Mortgage,647,0.44838368955804103,3,0,0.36002592047593285,0,Home,0,20,14,4230,367,31575,7259,2866.1666666666665,0.709532092939375,10,24316,0.255743,0.2715565571793585,1748.5634779682982,0.8358074587317433,0,56.0
2034-05-02,40,15000,472,Employed,Bachelor,20,18928,60,Divorced,3,Other,505,0.15325492774809227,2,0,0.3750871592007067,0,Auto,0,26,15,1280,1121,74911,46524,1250.0,0.9015598454565014,2,28387,0.287928,0.28526832503622057,595.3692560844361,0.8802954048675489,0,55.0
2034-05-03,33,51766,526,Employed,Master,9,20545,48,Married,2,Rent,200,0.45719066042051365,5,1,0.33346463230999496,0,Debt Consolidation,0,22,6,1079,1230,40507,27492,4313.833333333333,0.7664062738681177,3,13015,0.252545,0.2364428214711296,665.7708800817535,0.2006964138813322,0,57.0
2034-05-04,53,36209,518,Employed,Master,30,25722,60,Married,2,Mortgage,645,0.41600397445104814,4,2,0.3124032156478231,0,Other,0,24,1,2835,1729,28137,51811,3017.4166666666665,0.8229941316475059,4,1440,0.271722,0.32606640000000003,873.842670440617,0.5033586137503772,0,60.0
2034-05-05,41,40587,624,Self-Employed,Associate,18,63207,72,Married,3,Mortgage,894,0.3117165008973112,0,0,0.4164873362525086,0,Auto,0,31,7,2072,439,13040,14061,3382.25,0.7319428284337498,2,2544,0.266207,0.23063455584670045,1628.289423195511,0.745743047733169,0,58.0
2034-05-06,29,25560,521,Employed,High School,7,23796,36,Divorced,0,Mortgage,339,0.07798322677450376,2,2,0.4208347923745948,0,Other,0,29,11,13136,1316,1007939,9202,2130.0,0.8446955105378673,2,998737,0.24829600000000002,0.2729801314784128,975.2853191449682,0.6170353611009239,0,49.0
2034-05-07,34,44988,557,Employed,Associate,10,33045,48,Divorced,0,Mortgage,816,0.11020803904476649,2,2,0.588619122016998,0,Other,0,21,10,3733,1190,352245,95020,3749.0,0.7780545418202968,4,257225,0.249545,0.22075379981660684,1042.4711265794244,0.4957244936194784,0,52.0
2034-05-08,52,29294,629,Employed,Associate,30,33337,84,Married,3,Mortgage,335,0.06888680872087644,3,0,0.1924535423980554,0,Debt Consolidation,0,22,10,2110,1940,12738,7861,2441.1666666666665,0.8446904436261025,3,4877,0.24383700000000003,0.28572110208075563,921.4072321467543,0.5146749090517189,0,48.0
2034-05-09,53,28010,530,Employed,High School,34,10240,72,Married,0,Mortgage,509,0.30762055984984193,3,2,0.5962542958981054,0,Other,0,21,7,1891,2976,63703,6500,2334.1666666666665,0.6812931038073685,4,57203,0.26024,0.22846835333606483,262.46382590582516,0.33050931491859703,0,59.0
2034-05-10,46,16794,603,Employed,Master,21,29177,96,Married,1,Mortgage,128,0.27481359554271156,2,1,0.5619493086444429,1,Auto,0,26,19,1372,3009,27944,26752,1399.5,0.9660450618924986,6,1192,0.262677,0.27707309222386955,758.4456715559783,0.6334016945737608,0,69.0
2034-05-11,38,43072,544,Employed,High School,16,31675,36,Divorced,2,Own,457,0.1988160086183986,4,0,0.10490102087631976,0,Debt Consolidation,0,25,16,393,1414,15507,16473,3589.3333333333335,0.763947278546799,1,2974,0.244675,0.27400208608671667,1299.9491030428105,0.4894917634777518,0,50.0
2034-05-12,54,50374,569,Employed,Associate,32,17072,60,Married,0,Mortgage,356,0.16195165474587878,5,2,0.2519130540433599,1,Auto,0,33,9,2652,752,16229,97622,4197.833333333333,0.8083733850952824,2,6411,0.237572,0.22389656638669236,475.3000737366787,0.19803074770397716,0,64.0
2034-05-13,36,23149,588,Employed,Bachelor,17,34710,36,Divorced,0,Mortgage,176,0.31386452093421024,3,1,0.22270127333430353,0,Auto,1,23,8,771,929,79103,16605,1929.0833333333333,0.9813653856589604,2,62498,0.22571,0.2374877469551794,1357.1980233203465,0.7947806073629167,0,59.0
2034-05-14,45,41758,556,Employed,Bachelor,24,29832,60,Married,3,Rent,432,0.04992752353919263,2,0,0.13036206723920082,0,Other,0,15,11,2183,1733,103012,38817,3479.8333333333335,0.8776120962536791,5,64195,0.256832,0.24114187742021526,860.1843299722,0.3713351204479716,0,48.0
2034-05-15,19,15000,531,Employed,High School,0,34191,24,Divorced,4,Rent,470,0.4439774241723348,2,2,0.5588808482970196,0,Auto,0,28,11,34129,624,34753,33028,1250.0,0.5704945671762972,6,1725,0.243691,0.24900058799467192,1823.1116207948708,1.8344892966358965,0,61.0
2034-05-16,65,92473,697,Employed,Associate,44,21000,60,Widowed,0,Rent,664,0.04103105574359142,3,1,0.08358128189333075,0,Auto,1,27,15,6705,2369,92621,15697,7706.083333333333,0.9533745110711888,7,76924,0.1775,0.20394568611719285,560.992011749714,0.1589642829906737,0,46.0
2034-05-17,42,85733,600,Employed,High School,20,20093,12,Married,0,Mortgage,429,0.4817814656841928,2,2,0.4854886785457226,0,Home,0,27,25,6224,2836,51599,203606,7144.416666666667,0.8963638767973611,4,7781,0.185093,0.1558745054059249,1819.1347426297702,0.31467016098301986,1,42.400000000000006
2034-05-18,53,57431,546,Employed,Master,32,18568,96,Married,1,Mortgage,181,0.47281148438160686,4,2,0.27629512923765,0,Auto,0,24,21,8356,2605,159219,105945,4785.916666666667,0.7820943936234741,3,53274,0.280568,0.2605969389116151,461.9648572611741,0.13434518443234644,1,40.800000000000004
2034-05-19,37,23533,540,Employed,High School,15,22834,72,Single,2,Own,559,0.15591961886594505,1,0,0.7668166731621757,0,Debt Consolidation,0,28,24,4614,782,53292,39711,1961.0833333333333,0.6802064821421174,5,13581,0.267834,0.2370712190900541,597.093636949604,0.5895178533716589,0,59.0
2034-05-20,38,64893,531,Employed,High School,19,20834,24,Single,3,Rent,407,0.32665973064952475,7,0,0.05797563217473651,0,Debt Consolidation,0,25,5,6724,1541,29853,32168,5407.75,0.8759469132262966,3,8885,0.23033399999999998,0.2374127274138217,1098.8279195765565,0.27845738423125266,0,52.0
2034-05-21,30,46707,561,Employed,High School,11,31106,96,Widowed,0,Rent,518,0.05954916271650684,4,0,0.1947110509816523,0,Home,0,22,8,2543,2436,16290,17699,3892.25,0.9047476725903911,7,8782,0.28560599999999997,0.2788341217045281,812.3308606169213,0.3417896745113806,0,51.0
2034-05-22,42,88927,628,Employed,Bachelor,17,36758,48,Married,1,Mortgage,232,0.3659400910420174,4,1,0.09926494122688041,0,Debt Consolidation,0,35,2,5174,746,19697,60525,7410.583333333333,0.6918810989456079,5,8164,0.21775800000000003,0.26130960000000003,1242.0905860617825,0.1989169434788241,0,50.0
2034-05-23,18,51010,599,Employed,Bachelor,0,24300,48,Married,2,Mortgage,281,0.19588121110825438,4,1,0.1617662748177339,0,Debt Consolidation,0,24,10,5700,8804,32099,9393,4250.833333333333,0.9067221414133202,5,22706,0.2198,0.22142550695058588,767.4795064162721,0.24665269705930734,0,49.0
2034-05-24,30,83199,524,Self-Employed,Master,9,15452,60,Married,0,Own,199,0.42542218724669,2,1,0.2032700418259119,1,Home,0,25,12,8865,1490,104876,10080,6933.25,0.6427171146895083,4,94796,0.258452,0.22397047665056527,430.26299712461764,0.09076017699125484,1,52.0
2034-05-25,39,26261,563,Employed,Bachelor,16,80042,60,Married,0,Own,181,0.058751585629577475,1,0,0.20817254520656606,0,Auto,1,32,28,3685,147,389325,23403,2188.4166666666665,0.7677381182033132,5,365922,0.303542,0.34863097700982526,2833.7037164956223,1.3775730017115673,0,53.0
2034-05-26,41,104812,568,Employed,High School,16,16175,84,Widowed,0,Mortgage,261,0.1720444445091787,2,1,0.2174629716153711,0,Debt Consolidation,0,20,11,6286,5504,28387,31217,8734.333333333334,0.6896533012365756,2,8144,0.257175,0.252546070785586,412.0524982437494,0.0770582564870911,1,40.0
2034-05-27,48,30150,573,Employed,High School,24,23886,72,Single,5,Rent,406,0.5172349842697822,6,1,0.1042752726203131,0,Debt Consolidation,0,24,27,5468,1799,12911,17694,2512.5,0.9398908515807027,5,3971,0.252386,0.23964289305126724,628.3249717015423,0.41167163052797706,0,52.0
2034-05-28,27,19389,474,Employed,High School,6,30923,48,Married,3,Own,268,0.4863342465654566,2,0,0.3827222625165651,0,Home,0,34,27,986,246,61142,22420,1615.75,0.6306882126808449,4,38722,0.288923,0.28633782049845585,1088.9766555578556,0.8398432031922362,0,57.0
2034-05-29,62,126871,623,Employed,Bachelor,35,16276,12,Single,2,Own,486,0.27942833116861016,1,1,0.20283000826449205,0,Home,0,34,25,3619,1013,63972,21262,10572.583333333334,0.8758139045999389,4,42710,0.16977600000000004,0.16417172532643365,1479.9504702513248,0.18594797584172817,1,37.6
2034-05-30,46,110233,558,Employed,Master,24,27110,60,Single,2,Own,445,0.46907004088605075,2,0,0.05991492004191072,1,Auto,0,19,23,3844,962,55840,15897,9186.083333333334,0.8527677975720193,6,39943,0.25311,0.27478828920154175,835.5888303665754,0.1394053138751454,0,62.0
2034-05-31,33,53662,571,Employed,High School,10,21340,48,Widowed,5,Mortgage,663,0.03650421000762886,4,0,0.05676786270444101,0,Home,0,22,16,8227,6141,55967,47198,4471.833333333333,0.9131919534861048,4,8769,0.23084000000000002,0.21987098125318175,672.1902368235553,0.29857781748504836,0,49.0
2034-06-01,35,123332,485,Employed,Bachelor,14,24005,36,Married,0,Rent,869,0.10455049318539994,5,2,0.06756978971486916,0,Debt Consolidation,0,21,12,16128,2388,52318,19336,10277.666666666666,0.8187410926488241,3,32982,0.266505,0.2995808515600223,1018.4990812645284,0.18365054466946407,0,47.0
2034-06-02,42,94613,444,Employed,High School,18,12696,60,Single,1,Other,1166,0.44236352564585285,2,1,0.03870878938216762,0,Debt Consolidation,0,25,10,1012,269,22280,131198,7884.416666666667,0.3837185239231389,6,10402,0.295696,0.280830246709441,395.9365329296223,0.19810426046267918,0,50.0
2034-06-03,33,43746,584,Employed,Associate,8,16203,24,Married,1,Other,446,0.09928467517901633,1,2,0.141770980358769,0,Education,0,29,21,513,301,100941,24995,3645.5,0.8483359614570708,7,75946,0.199203,0.19991042059548347,824.5937857492875,0.3485375903852112,0,48.0
2034-06-04,54,18917,558,Self-Employed,High School,33,13292,12,Single,3,Mortgage,278,0.6698279694722156,4,2,0.22076502890797467,0,Auto,0,17,15,2127,16493,78608,39255,1576.4166666666667,0.9367342780648472,5,39353,0.199292,0.23915039999999999,1256.3397128814331,0.9733084820308292,0,59.0
2034-06-05,41,37922,548,Employed,High School,15,15406,72,Married,1,Own,386,0.43691893723451775,4,1,0.1669483134818009,0,Debt Consolidation,0,18,28,2539,411,68958,42814,3160.1666666666665,0.6584383702839414,7,26144,0.256406,0.2515533505747742,416.46380968841515,0.25393085059493126,0,52.0
2034-06-06,37,15000,550,Employed,High School,19,24231,60,Married,2,Rent,1005,0.24156261228131046,2,1,0.06165573497305749,0,Debt Consolidation,0,27,24,2468,1358,6510,11972,1250.0,0.9264944877098797,10,7133,0.254231,0.2033848,646.5453707515759,1.3212362966012605,0,52.0
2034-06-07,35,117838,593,Employed,Bachelor,10,37104,72,Single,0,Mortgage,223,0.2509280670837822,3,1,0.13719876011802443,0,Auto,0,22,19,5905,1576,44395,2188,9819.833333333334,0.8494112851186718,4,42207,0.255604,0.25346368277664644,1007.3775119765975,0.12529515218960918,1,39.2
2034-06-08,48,33591,509,Employed,Associate,24,14248,48,Married,1,Other,574,0.20462035498331474,3,2,0.12491607858243853,0,Home,0,26,16,14194,256,27453,37057,2799.25,0.7316966970314576,8,2004,0.25474800000000003,0.2519253589111685,473.9540813335754,0.3743695923313657,0,51.0
2034-06-09,46,29832,578,Employed,Bachelor,24,23454,60,Married,0,Rent,447,0.30263086066272726,2,3,0.5071418918698724,0,Other,0,27,14,5025,329,116815,81867,2486.0,0.8724699020428359,3,34948,0.239454,0.21799599596389033,645.1044189502761,0.43930185798482546,0,60.0
2034-06-10,47,44013,621,Employed,Bachelor,24,48537,48,Married,2,Other,214,0.3341138079909413,2,0,0.4900185360613122,0,Home,0,24,20,2194,1342,427591,31006,3667.75,0.8249049618618062,4,396585,0.23303700000000002,0.25521299646621104,1623.4918954685804,0.5009861346789123,0,48.0
2034-06-11,54,29091,647,Employed,Bachelor,30,30848,48,Single,2,Rent,428,0.1624583933610293,4,1,0.5262119738338726,0,Auto,0,21,24,6368,1930,101803,5874,2424.25,0.693884698913986,4,95929,0.202348,0.20574888330875793,948.1903831678047,0.5676767590668473,0,54.0
2034-06-12,31,91924,466,Self-Employed,High School,7,19528,36,Divorced,0,Own,249,0.32662200133337693,3,0,0.28936553380763624,0,Debt Consolidation,0,27,24,2344,397,14998,45139,7660.333333333333,0.9557188587576047,7,8281,0.271528,0.22500664909979082,750.8505952379213,0.1305231184767314,1,43.2
2034-06-13,18,59600,527,Employed,High School,0,19570,12,Divorced,0,Rent,403,0.11281823263811573,4,1,0.09790487992315194,0,Education,0,22,16,2124,2850,130921,51369,4966.666666666667,0.9080719676376428,2,79552,0.22107000000000002,0.258526537978135,1868.1219606542136,0.45727287798406985,0,47.0
2034-06-14,34,15000,454,Employed,Doctorate,14,17949,48,Married,1,Own,538,0.2096526910187163,2,1,0.24192120331251699,0,Home,0,26,23,3663,275,149177,10846,1250.0,0.5584916975433788,7,138331,0.285949,0.3066480458949387,653.2301682198365,0.9529841345758692,0,50.0
2034-06-15,25,21353,589,Employed,Bachelor,0,52492,48,Single,3,Mortgage,684,0.059465643565425406,2,1,0.38320695179418046,0,Auto,0,22,25,1888,640,53832,48954,1779.4166666666667,0.8227648910017279,8,4878,0.252992,0.2552217630527947,1755.8066630981402,1.371127240068266,0,55.0
2034-06-16,60,47986,561,Employed,High School,37,32879,48,Single,2,Rent,232,0.01818330056454741,4,3,0.5726426924339205,0,Auto,0,21,3,2325,2374,60146,56048,3998.8333333333335,0.9292397302031327,3,4098,0.247379,0.2508077727335889,1091.6550385123842,0.3310103043001836,0,61.0
2034-06-17,32,25480,491,Unemployed,Associate,7,17608,48,Married,0,Mortgage,372,0.45095421176725214,5,0,0.21590864490047035,0,Debt Consolidation,0,25,14,1482,4374,66636,47053,2123.3333333333335,0.786602258771406,4,19583,0.26710799999999996,0.2937530804198179,627.6120741942412,0.47077491720293935,0,58.0
2034-06-18,24,115210,609,Employed,Master,4,34564,72,Married,2,Rent,829,0.25931750180383395,2,0,0.5402984452474807,0,Debt Consolidation,0,22,17,1776,550,122471,7804,9600.833333333334,0.9548607040280481,6,114667,0.245064,0.22852983810309951,886.0453104360232,0.1786350466559524,1,40.0
2034-06-19,30,43350,565,Employed,Bachelor,3,15084,108,Married,1,Rent,469,0.18095690912684192,4,0,0.42919037352324585,0,Education,0,30,7,12275,114,18088,5522,3612.5,0.7815270037049451,5,12566,0.27758399999999994,0.30094111196569506,406.276366540833,0.2422910357206458,0,57.0
2034-06-20,40,70090,558,Employed,Bachelor,18,9956,36,Single,1,Rent,258,0.516362509221914,0,1,0.2632112367886563,0,Other,0,29,27,10727,857,326501,19789,5840.833333333333,0.670574009350833,7,306712,0.21595599999999998,0.22542536630501275,383.0241928827186,0.1097487560934887,1,37.6
2034-06-21,25,28886,607,Employed,High School,7,7985,48,Single,3,Mortgage,581,0.24252823490562503,3,3,0.26756227453154113,0,Home,0,18,21,10933,1381,44357,46652,2407.1666666666665,0.7002601975129126,4,9337,0.199485,0.21822387868915488,250.80671146790476,0.34555426634407177,0,51.0
2034-06-22,42,26380,582,Employed,Bachelor,18,16594,48,Divorced,1,Rent,521,0.510312596867623,5,3,0.3127878707227622,0,Debt Consolidation,0,19,12,353,1358,117402,18620,2198.3333333333335,0.6537840494607089,4,98782,0.220594,0.25062782837967207,550.7906121862344,0.4875469047094318,0,55.0
2034-06-23,40,60072,644,Employed,Associate,18,22289,48,Divorced,0,Mortgage,337,0.11711095105922815,5,1,0.10351956926362516,0,Home,0,19,26,1629,3315,49529,43268,5006.0,0.5083874650885777,2,6261,0.19528900000000002,0.19013910255384447,666.6073531407321,0.20048089355587936,1,36.800000000000004
2034-06-24,49,126970,631,Employed,Bachelor,28,15097,60,Married,2,Rent,174,0.457480447024238,5,1,0.35009377764243454,0,Debt Consolidation,0,23,26,2982,131,54019,27162,10580.833333333334,0.945837096974744,3,26857,0.20459700000000003,0.20797593769314493,406.7075290518322,0.05488296722550197,1,40.0
2034-06-25,27,42757,584,Employed,High School,3,29215,48,Widowed,0,Own,382,0.4596097917225156,3,0,0.24349332287510791,0,Debt Consolidation,0,25,7,2574,1154,72830,3093,3563.0833333333335,0.8207012647640755,2,69737,0.232215,0.268706992064485,999.4159109113897,0.38770238629783843,0,53.0
2034-06-26,43,18975,602,Employed,High School,23,14598,12,Married,0,Rent,480,0.3449166213508792,2,1,0.31980040320683734,0,Home,0,26,23,2382,812,25200,13988,1581.25,0.7444541476097285,3,11212,0.178598,0.16855945703980324,1330.409203848468,1.1449228166630627,0,53.0
2034-06-27,49,91603,599,Employed,Master,24,17603,96,Single,2,Own,478,0.1838442163105049,2,1,0.19155753929615815,0,Other,0,26,12,2126,7620,65632,14945,7633.583333333333,0.7713254034204905,5,50687,0.253103,0.23145637850847775,404.0884250174913,0.11555365108358784,1,36.800000000000004
2034-06-28,18,20503,586,Employed,High School,0,27357,60,Married,0,Own,398,0.33335660902103936,1,2,0.4278890837895014,0,Debt Consolidation,1,20,20,4920,1010,137117,38320,1708.5833333333333,0.6541343644880335,11,98797,0.239357,0.23935281916403386,785.9779151390136,0.6929588343982911,0,62.0
2034-06-29,19,36439,589,Employed,Associate,0,32097,120,Married,3,Mortgage,367,0.38282846589475916,6,4,0.07567492675631361,0,Home,0,22,1,1168,1392,78425,72493,3036.5833333333335,0.7397705991539659,3,5932,0.292597,0.30795753561177924,865.0595431140654,0.4057387556565434,0,55.0
2034-06-30,73,57237,690,Employed,Master,49,20012,48,Married,2,Mortgage,357,0.6061435161259462,4,1,0.32656062813083364,1,Education,0,27,5,2163,763,62066,57052,4769.75,0.6585573651243474,1,5014,0.170012,0.1614241807807159,568.6064309861771,0.19405764054430044,0,64.0
2034-07-01,23,35078,557,Employed,Bachelor,0,65259,24,Single,2,Mortgage,513,0.19714940267320938,7,0,0.20887883141104474,0,Debt Consolidation,0,23,20,437,495,41887,38554,2923.1666666666665,0.4902448246717507,10,3333,0.261759,0.2521780935070272,3490.1077924304627,1.369442200500757,0,52.0
2034-07-02,50,110028,603,Employed,High School,28,9270,36,Married,1,Own,71,0.34074535927673744,0,1,0.13120959286806566,0,Home,0,18,28,3027,593,22957,50786,9169.0,0.718358700073341,7,8580,0.19277,0.20323395520295168,346.0358155510375,0.04548323869026475,1,36.800000000000004
2034-07-03,43,52665,548,Employed,High School,18,25229,60,Married,1,Mortgage,189,0.21434780508180667,4,1,0.15412882704665049,0,Debt Consolidation,0,29,4,6021,1078,162907,141952,4388.75,0.7253936999623336,5,20955,0.256229,0.2942974685712806,807.4290434488402,0.22704165045829455,0,53.0
2034-07-04,42,237452,482,Employed,Bachelor,21,11468,24,Married,1,Rent,550,0.34066698043799176,4,0,0.059885229358025246,0,Education,0,16,17,2543,13445,31473,55973,19787.666666666668,0.8047514033881129,6,7609,0.245468,0.25467539925481497,614.758064825656,0.05886283028952324,1,38.400000000000006
2034-07-05,53,19235,623,Employed,High School,33,10808,24,Married,0,Rent,546,0.39413061703585617,3,0,0.27657883639592185,0,Debt Consolidation,0,25,16,6242,1882,22948,21288,1602.9166666666667,0.8222723600826836,8,1660,0.17430800000000002,0.17065097546540975,534.7101169469969,0.6742147857220673,0,51.0
2034-07-06,39,27856,545,Employed,High School,18,16159,36,Married,1,Other,1134,0.09690505142712426,6,3,0.2870999807829464,0,Auto,0,26,9,2469,1825,85665,2127,2321.3333333333335,0.9460195667993646,4,83538,0.228659,0.20797494199132924,607.1125873817812,0.7500485011696357,0,52.0
2034-07-07,63,80320,618,Employed,High School,39,31181,72,Married,3,Mortgage,323,0.18937869186530448,4,2,0.5183272603764553,0,Education,1,31,20,4715,1251,37441,18203,6693.333333333333,0.9557810486144179,2,19238,0.23718100000000003,0.27287840278730086,884.2258852576957,0.18036243305642863,0,59.0
2034-07-08,28,57890,567,Employed,Master,2,9265,36,Married,3,Own,291,0.30678826497812633,5,1,0.2429345105958684,0,Debt Consolidation,0,30,23,2306,3216,7311,45533,4824.166666666667,0.6059071585552922,4,3723,0.21076499999999998,0.21120387621370187,349.6324451706248,0.1327964992580324,1,41.6
2034-07-09,48,26023,507,Employed,Bachelor,26,11767,48,Married,0,Rent,659,0.26184976728980053,2,1,0.4754374712069362,0,Other,0,18,23,17394,7489,24883,57638,2168.5833333333335,0.8630005254772227,6,8169,0.253267,0.27526004507821816,406.92003770788256,0.4915282808475037,0,58.0
2034-07-10,40,49918,580,Employed,High School,21,13436,72,Widowed,0,Rent,260,0.21273772966648724,2,0,0.008234323746495895,0,Education,0,10,21,1101,287,34311,14161,4159.833333333333,0.817772150701861,4,20150,0.238436,0.24990834633106607,361.8523507655381,0.14948972733656113,0,51.0
2034-07-11,23,41169,554,Employed,Bachelor,0,19322,48,Single,2,Mortgage,604,0.08660276405379409,3,0,0.23041573901588755,0,Home,1,27,20,2349,140,39629,23214,3430.75,0.8254430868575638,5,16415,0.237322,0.221583958862007,610.4231937706393,0.353981838889642,0,58.0
2034-07-12,55,84695,666,Unemployed,Bachelor,31,25884,48,Divorced,0,Own,726,0.32113978447737374,4,3,0.13111520492367956,0,Auto,0,18,21,336,942,11074,49412,7057.916666666667,0.8211688462728348,6,7880,0.187884,0.1915573553966082,776.0634071818031,0.2128196574317449,0,46.0
2034-07-13,54,25378,585,Employed,Doctorate,30,49239,108,Married,0,Rent,506,0.07962668765796983,5,1,0.30434469844762824,0,Auto,0,25,18,1987,133,238298,10310,2114.8333333333335,0.7428193273166932,2,227988,0.301739,0.28314001194814137,1263.5990960236231,0.8367558181213444,0,51.0
2034-07-14,50,70026,640,Employed,Bachelor,26,7323,84,Married,2,Mortgage,500,0.4747429909731507,4,1,0.15948514124633448,0,Debt Consolidation,0,19,12,4977,596,47533,43936,5835.5,0.8167190082386557,5,3597,0.212323,0.22150355969061825,172.2287241145448,0.11519642260552562,1,38.400000000000006
2034-07-15,44,116698,583,Employed,Bachelor,20,28897,36,Divorced,2,Mortgage,1010,0.16685264990437035,3,1,0.29496544759411536,0,Home,0,22,24,30396,1044,39713,33806,9724.833333333334,0.8826143833450959,3,5907,0.222397,0.22723296738381377,1114.4316144058198,0.21845429547095782,1,40.0
2034-07-16,28,75386,625,Employed,Bachelor,7,10244,24,Married,0,Rent,967,0.2628692264170564,1,3,0.6251188681591012,0,Debt Consolidation,0,17,8,15048,370,15697,32925,6282.166666666667,0.8831949933186587,7,6520,0.172744,0.167992328600409,505.49888956523256,0.23439347723427148,1,44.800000000000004
2034-07-17,24,29370,571,Employed,Associate,0,24471,84,Single,4,Rent,1096,0.06017384015790368,3,1,0.1421726735770636,0,Debt Consolidation,0,19,28,3009,4125,102885,16505,2447.5,0.8776682296840389,3,86380,0.263971,0.23811232139889998,600.9243644554853,0.6933296688275732,0,49.0
2034-07-18,47,57233,593,Employed,High School,24,16256,60,Single,4,Rent,940,0.32664799113173554,3,1,0.22985909706212113,0,Education,0,23,10,3081,191,35725,11332,4769.416666666667,0.6945076842278767,8,24393,0.224756,0.23031747908852512,458.5608627425312,0.293235202643761,0,52.0
2034-07-19,37,53798,545,Employed,Associate,13,40673,72,Single,0,Rent,369,0.23824953138594834,3,0,0.13941059695531854,0,Auto,0,21,6,1086,1556,37595,20104,4483.166666666667,0.7618217403385517,5,17491,0.283173,0.2794356622559537,1170.207218391773,0.3433303583906702,0,52.0
2034-07-20,45,45787,481,Employed,High School,23,29961,72,Married,0,Mortgage,343,0.38798260859132144,5,1,0.05709130772562743,0,Auto,0,18,15,507,715,204865,11645,3815.5833333333335,0.7839997485590302,4,193220,0.304461,0.27705696124052265,857.510297150882,0.3146334891084933,0,47.0
2034-07-21,40,21804,560,Employed,High School,18,9851,24,Single,0,Mortgage,424,0.3302420053089884,2,0,0.4668259899229793,0,Auto,0,28,18,10858,263,50274,16314,1817.0,0.8149202248126101,8,33960,0.20485099999999998,0.22752571037397534,514.7201202779988,0.5166318768728667,0,58.0
2034-07-22,44,25545,628,Unemployed,High School,19,24509,96,Married,0,Own,367,0.29788931919935435,3,2,0.2318645566958403,0,Auto,0,36,12,2566,3195,92977,8039,2128.75,0.7184224515080407,3,84938,0.24550900000000003,0.260881302678899,610.2423985824536,0.459068654648246,0,52.0
2034-07-23,52,85407,665,Employed,Master,29,28469,72,Married,0,Rent,1143,0.11805545544695896,2,1,0.11311101115138508,0,Home,0,30,11,1528,159,28133,4979,7117.25,0.8872607800114828,6,23154,0.210969,0.2516654656866576,769.7864919270168,0.2687535904916951,0,42.0
2034-07-24,58,15000,591,Employed,High School,35,45785,96,Married,1,Own,574,0.30746835320518,2,4,0.2622041098169233,0,Debt Consolidation,0,33,8,17859,809,88969,15955,1250.0,0.8491364250518004,4,73014,0.285285,0.24906294823682137,1103.901383400624,1.3423211067204992,0,53.0
2034-07-25,30,173736,488,Employed,Associate,10,25645,60,Divorced,0,Mortgage,290,0.2270906021437855,3,0,0.2225668239040736,0,Home,0,31,27,9040,606,52577,43507,14478.0,0.9045410393238732,8,9070,0.286645,0.30821244239930196,842.6856351968715,0.07823495200973005,1,40.0
2034-07-26,36,25298,611,Employed,Master,12,22802,36,Married,3,Mortgage,603,0.3189889778553637,2,0,0.24488950056872422,0,Debt Consolidation,0,27,19,10674,567,209619,21774,2108.1666666666665,0.729567147587496,5,187845,0.20230199999999998,0.1726678943353105,815.9842939203604,0.6730892373722953,0,47.0
2034-07-27,29,30513,571,Employed,High School,6,24248,120,Married,2,Mortgage,602,0.06899199974580275,3,2,0.7210833791207424,0,Home,0,21,29,1893,290,60354,26806,2542.75,0.8173883726234995,5,33548,0.293748,0.27684235117142403,598.145701601757,0.4719872978475104,0,58.0
2034-07-28,23,61532,489,Employed,High School,0,56474,84,Single,3,Own,234,0.25235559016808373,1,4,0.09964852111955126,0,Debt Consolidation,1,24,9,1710,333,65278,13288,2576.4166666666665,0.7035046909386656,5,51990,0.336974,0.362417276552117,1858.2252812641768,0.812067903586057,0,55.0
2034-07-29,52,43365,573,Employed,Master,29,53914,36,Married,0,Rent,155,0.22782562102906798,1,1,0.32979818562813495,0,Home,0,19,16,4364,4646,35691,35492,3613.75,0.694530847807155,4,3418,0.252414,0.2605987372025114,2173.9484500710637,0.6444686129563649,0,55.0
2034-07-30,47,49877,605,Employed,High School,27,22045,60,Single,0,Other,373,0.2375679626326162,2,0,0.34201962458818774,0,Home,0,26,16,2985,717,36474,37147,4156.416666666667,0.9743927240796728,0,6264,0.224545,0.2263631264557344,616.8612433169056,0.23815255367810548,0,52.0
2034-07-31,26,30065,568,Self-Employed,Bachelor,0,24698,120,Divorced,1,Other,197,0.3912703950513217,0,0,0.08023767917839034,0,Debt Consolidation,0,30,18,1607,651,74787,67817,2505.4166666666665,0.9400742419538548,7,6970,0.295698,0.31317826796830345,675.2486822001248,0.34814515837024773,0,54.0
2034-08-01,56,15000,599,Employed,High School,32,20566,36,Married,0,Mortgage,293,0.1344532337804591,5,0,0.07987905442750382,0,Home,0,29,21,215,7557,25651,25312,1250.0,0.7532491526467344,3,10690,0.206066,0.20444908597457373,768.976394829093,0.8495811158632743,0,51.0
2034-08-02,31,50296,520,Employed,Bachelor,9,16011,36,Single,3,Rent,536,0.1114154199266033,4,0,0.13921718104382255,0,Home,0,24,19,5051,239,133295,16522,4191.333333333333,0.7463020150508134,5,116773,0.241011,0.23386866132363038,623.0143678289567,0.27652641192038097,0,45.0
2034-08-03,54,76456,662,Employed,Master,30,31215,84,Married,4,Rent,280,0.6759829025798116,4,2,0.30574001420525443,0,Auto,0,27,23,9541,470,13039,45554,6371.333333333333,0.9167469266445123,4,7819,0.225215,0.24522091855145864,780.5898193333345,0.16646277377838253,0,50.0
2034-08-04,61,165515,647,Self-Employed,Associate,34,68347,60,Single,0,Rent,295,0.12936262446061397,2,2,0.7454266845541582,0,Auto,0,17,12,1824,977,25537,24387,13792.916666666666,0.8686468563269958,3,1150,0.24984699999999999,0.2715308073170044,2093.2559199779867,0.17315089895016067,0,55.0
2034-08-05,38,86159,571,Employed,Bachelor,16,46367,60,Divorced,0,Rent,815,0.3023039995429093,7,2,0.041502680778206326,0,Auto,0,28,23,441,6092,163470,7894,7179.916666666667,0.3386874528865056,6,155576,0.265867,0.22118149104676882,1283.7227742125663,0.2923046146142689,1,36.0
2034-08-06,54,61314,556,Employed,Bachelor,33,12667,60,Married,1,Mortgage,529,0.41359351549775775,3,1,0.15016491664002102,0,Home,0,27,4,2119,5471,278440,7695,5109.5,0.980381267641727,5,270745,0.23966700000000002,0.23722463124572976,362.36612078778546,0.17445270981265984,1,38.400000000000006
2034-08-07,46,17019,644,Employed,Master,21,9420,24,Married,2,Own,565,0.4134211573253147,4,2,0.2154077677698564,0,Auto,0,26,24,954,878,78191,19669,1418.25,0.8024436528888673,7,58522,0.16242,0.13056549771988207,448.0942217405584,0.7143269675590047,0,50.0
2034-08-08,41,35277,597,Employed,High School,19,10089,60,Married,3,Mortgage,158,0.3858523522238254,1,1,0.20368751788437384,0,Home,0,27,10,3349,781,79103,5527,2939.75,0.6910243288011382,3,73576,0.21658899999999998,0.23137374905353686,285.2105243897766,0.15076469917162227,0,51.0
2034-08-09,29,93213,532,Employed,High School,10,11811,72,Married,4,Other,316,0.14206743569317717,3,1,0.2790188285277304,0,Education,0,23,4,18612,318,18930,8484,7767.75,0.9841924075677954,4,10446,0.260811,0.30206861630746773,356.9006561523105,0.08662748622861324,0,53.0
2034-08-10,65,97082,550,Employed,Bachelor,42,80782,36,Married,3,Rent,301,0.23150856308461437,3,0,0.07987999623598561,0,Auto,0,23,10,12255,1402,96853,72253,8090.166666666667,0.7065624732648457,4,24600,0.290782,0.2661389960747898,3281.232275413143,0.442788439720625,0,49.0
2034-08-11,28,74614,609,Employed,Bachelor,7,25602,48,Married,3,Mortgage,416,0.24651791084293675,3,1,0.3557910428696022,0,Home,0,20,7,2512,2403,380215,48960,6217.833333333333,0.7297723749577902,5,331255,0.216102,0.23703564905627686,830.4820918575386,0.20046888120581213,1,36.800000000000004
2034-08-12,19,38719,550,Employed,Bachelor,0,14715,72,Married,0,Mortgage,1056,0.2461001061925001,2,2,0.30910420589947163,0,Home,0,27,29,508,6392,61496,18268,3226.5833333333335,0.7096813745615668,5,43228,0.254715,0.30565800000000004,448.06972367497536,0.4661493500374417,0,55.0
2034-08-13,18,20797,565,Employed,High School,0,21686,60,Married,0,Mortgage,297,0.24935135050191448,3,0,0.4637717839126572,1,Education,1,23,26,3745,424,24997,15068,1733.0833333333333,0.6112257506600951,7,9929,0.24418600000000001,0.24699865508602004,632.70263202591,0.536444274862284,0,76.0
2034-08-14,53,44651,651,Employed,Bachelor,29,11750,108,Married,1,Mortgage,320,0.29887082142025173,3,2,0.27912819304371367,0,Auto,0,19,4,2314,676,125449,20116,3720.9166666666665,0.8283728150142569,3,105333,0.23125,0.2092842940726999,242.3810237610564,0.1511404511686788,0,46.0
2034-08-15,29,15525,510,Employed,High School,9,11064,36,Married,1,Other,534,0.3476946112472146,3,1,0.22846524103731242,0,Debt Consolidation,0,28,11,2625,1407,11474,23913,1293.75,0.7179980318105436,7,9364,0.241064,0.22710627134600908,426.617454638225,0.7425062451309952,0,54.0
2034-08-16,47,63594,587,Employed,Bachelor,23,20499,72,Divorced,1,Mortgage,425,0.1299371939098267,2,1,0.13315309389344512,0,Education,0,27,23,296,346,9915,41390,5299.5,0.8023606632164544,4,6640,0.241999,0.2158343118525878,510.00401683573017,0.17643249680832723,1,39.2
2034-08-17,24,15000,592,Employed,Bachelor,0,40570,48,Married,0,Rent,346,0.39227524199167957,5,0,0.31417925535088154,0,Home,0,21,6,2393,808,39521,10095,1250.0,0.7872929058725608,8,29426,0.23957,0.2476408973083039,1339.8521218533078,1.3486816974826463,0,58.0
2034-08-18,32,66859,587,Employed,Doctorate,12,13746,48,Divorced,0,Rent,462,0.8167319383249123,3,1,0.5426428447331537,0,Home,0,32,12,4017,4479,55452,4213,5571.583333333333,0.6297924386173614,3,51239,0.21524600000000002,0.2372493380033148,446.0570928265129,0.16298007918033705,1,47.2
2034-08-19,52,25852,548,Employed,High School,28,13956,36,Divorced,2,Mortgage,401,0.3526249883170999,4,1,0.3449889944225672,0,Education,0,25,27,2969,232,8221,29438,2154.3333333333335,0.641658936341241,10,1212,0.224956,0.23954480951278584,547.2001975633387,0.440136251383261,0,56.0
2034-08-20,60,73993,633,Employed,High School,38,36865,48,Single,3,Other,408,0.3675460054933795,3,0,0.3397024109933683,0,Home,1,21,8,18939,376,503354,34038,6166.083333333333,0.9085313332677237,7,469316,0.21536500000000003,0.24382105190190775,1209.6673264620904,0.2623492481389467,0,52.0
2034-08-21,25,54791,582,Employed,Bachelor,0,22213,48,Divorced,2,Mortgage,442,0.0649842076490504,2,1,0.22255390681682327,0,Auto,1,25,19,81363,3169,275393,2289,4565.916666666667,0.818737449270056,5,273104,0.22621300000000003,0.21082291280209103,688.8245435077686,0.2476664876000296,0,51.0
2034-08-22,26,30303,562,Employed,High School,4,15353,36,Single,4,Rent,510,0.2985464330172209,3,1,0.46050497525987416,0,Debt Consolidation,0,14,6,1923,7966,630866,16194,2525.25,0.8716894522951343,7,614672,0.219353,0.1754824,551.5745574801764,0.42038394514609495,1,40.800000000000004
2034-08-23,61,55609,625,Employed,High School,40,24368,24,Married,0,Mortgage,592,0.33719472174444004,6,0,0.10296685221763274,0,Auto,0,19,16,2734,2528,191465,23183,4634.083333333333,0.5564564829957175,2,168282,0.186868,0.15868652640593275,1191.604332292848,0.3848882732563826,0,43.0
2034-08-24,40,41185,636,Employed,Master,14,11970,84,Divorced,3,Mortgage,136,0.2433533048864979,1,0,0.07705866220229023,0,Debt Consolidation,0,25,24,387,440,133487,26349,3432.0833333333335,0.7147269684979388,4,107138,0.21897000000000003,0.22543074371982794,284.4359790054909,0.12250168139045503,1,35.2
2034-08-25,36,19983,525,Employed,Master,13,23742,12,Married,2,Own,341,0.2770022697102627,2,0,0.40299159335760854,0,Other,0,23,13,3678,2686,32260,22882,1665.25,0.4958211580767228,3,9378,0.226242,0.2271238737125948,2230.265836777963,1.5440719632355282,0,58.0
2034-08-26,29,23593,616,Employed,Bachelor,6,26900,48,Single,0,Mortgage,510,0.05559292615263706,2,0,0.20331511739636934,0,Home,0,20,5,737,2982,79098,92747,1966.0833333333333,0.9716973309439427,2,8902,0.21390000000000003,0.23588821427267045,870.8858490313683,0.7023536722068588,0,52.0
2034-08-27,29,67047,540,Employed,Master,8,37278,48,Married,0,Mortgage,603,0.22985555341238537,2,1,0.36328821344563694,1,Debt Consolidation,1,19,14,4785,1750,69216,10247,5587.25,0.8046167348654591,9,58969,0.262278,0.23182165545700414,1198.5383932408547,0.3224374053856288,0,70.0
2034-08-28,40,88829,549,Employed,Master,16,6543,48,Married,0,Rent,447,0.13553015930737436,3,0,0.04282166669448235,0,Home,0,22,5,1262,450,12914,5467,7402.416666666667,0.7790690625525357,6,7447,0.227043,0.2065456830207615,201.39485640228295,0.08759232094054188,1,40.0
2034-08-29,41,108101,643,Self-Employed,Master,21,12370,60,Married,1,Mortgage,119,0.1938790864086024,4,0,0.1107079448117809,0,Education,0,19,12,2012,612,41333,25231,9008.416666666666,0.7911821305854595,1,16102,0.19587,0.19647887123944738,325.31051564544384,0.049321710139085914,1,38.400000000000006
2034-08-30,24,27167,528,Employed,Master,1,13387,36,Married,2,Rent,282,0.2704364066952805,3,0,0.47624334834463217,0,Debt Consolidation,0,24,20,444,1194,44531,40160,2263.9166666666665,0.8955437577503498,9,4371,0.234387,0.23474114822111167,521.5209123841996,0.3549251278613905,0,58.0
2034-08-31,38,34736,612,Employed,Bachelor,15,8414,72,Single,0,Other,350,0.4350471979449738,1,1,0.16319240098284638,0,Home,0,22,5,787,3626,119174,19583,2894.6666666666665,0.8464375742237377,4,99591,0.217414,0.20753043809640073,205.22862970164292,0.19181090385823688,0,49.0
2034-09-01,51,56397,638,Employed,Bachelor,28,16209,36,Married,3,Own,180,0.5792223562360928,5,1,0.30855874146996093,0,Education,0,27,10,6630,2233,34668,4858,4699.75,0.8705493638561469,5,29810,0.182209,0.15817375128487293,568.3999865148095,0.15924251003028023,1,41.6
2034-09-02,18,66572,613,Employed,Master,0,24721,24,Married,0,Own,363,0.3222675928798373,3,2,0.5383551297726241,0,Home,0,19,27,1814,1079,43042,30163,5547.666666666667,0.8047071221517417,3,12879,0.19322099999999998,0.15933800987030866,1209.6352634658585,0.2834768845999865,1,44.0
2034-09-03,25,15000,468,Employed,High School,2,18758,60,Single,4,Mortgage,728,0.32217689297667307,0,2,0.1227019028681052,0,Home,0,22,8,17341,2586,36654,27286,1250.0,0.6142689265904272,4,9368,0.289758,0.24260531868596066,542.46986688491,1.0163758935079281,0,53.0
2034-09-04,44,114750,598,Employed,High School,21,20687,24,Married,2,Rent,575,0.37871355965484554,3,1,0.3412513289778556,0,Home,0,25,25,1802,1729,123297,9266,9562.5,0.9782334067170488,1,114031,0.196687,0.21127132293898918,1064.3071944804244,0.17143081772344307,1,39.2
2034-09-05,65,80536,660,Employed,Master,42,13339,24,Single,0,Other,434,0.4039138031891258,3,1,0.3975545269855344,0,Other,0,26,17,3024,2486,46279,6629,6711.333333333333,0.6634158619270545,3,39650,0.15833899999999998,0.15360195573071533,649.0484912536026,0.1613760541254002,1,38.400000000000006
2034-09-06,18,15000,543,Employed,Associate,0,30632,60,Single,3,Mortgage,327,0.06768064147593833,4,0,0.242142637129929,0,Debt Consolidation,0,28,23,615,173,34821,43673,1250.0,0.693795160008378,9,2172,0.264132,0.3169584,1023.1925972673567,1.0801540778138854,0,53.0
2034-09-07,49,59341,455,Employed,High School,23,7078,60,Married,1,Rent,411,0.06247898606571367,2,2,0.26204503570563104,0,Debt Consolidation,0,16,22,1881,1324,26775,2535,4945.083333333333,0.7381433500444087,6,24240,0.284578,0.2881141071143143,223.85699748945058,0.12838145582099067,0,51.0
2034-09-08,30,29996,588,Employed,Bachelor,9,24207,48,Married,2,Own,704,0.41320603837233705,4,0,0.20910025506381982,0,Home,0,23,16,6963,1323,567041,33589,2499.6666666666665,0.9453488182536544,9,533452,0.22520700000000002,0.23806519773222126,786.6056211342687,0.5963217580214438,0,47.0
2034-09-09,37,97441,530,Employed,Master,12,13467,60,Single,1,Mortgage,412,0.5570328726562851,3,1,0.3022450087724671,0,Education,0,26,11,662,1668,310671,39494,8120.083333333333,0.8909043552066753,7,271177,0.253467,0.25660576541550467,400.5066285733802,0.10006136577909261,1,38.400000000000006
2034-09-10,44,251715,606,Employed,High School,24,28244,48,Married,1,Other,385,0.2988630404184075,2,0,0.2381880403265309,0,Education,0,14,9,5646,1097,46274,21146,20976.25,0.6628193619131624,6,25128,0.220244,0.23117228446373522,907.0767762852582,0.06159712895704706,1,38.400000000000006
2034-09-11,32,22525,601,Employed,Associate,12,16473,48,Single,3,Mortgage,576,0.3624031151107564,0,0,0.08825994841504746,0,Auto,0,25,25,1214,702,41802,15113,1877.0833333333333,0.5024096519745724,4,26689,0.210973,0.20311911722160944,504.02099714221356,0.575371896368771,0,49.0
2034-09-12,54,56838,559,Employed,Bachelor,30,29888,48,Single,1,Rent,244,0.40326547364815196,3,1,0.16660779800315295,0,Home,0,22,20,3068,1964,104226,15863,4736.5,0.8397572410547953,8,88363,0.245388,0.2377543989843981,970.696938698829,0.25645454210890506,0,49.0
2034-09-13,41,69931,524,Employed,Bachelor,17,20037,108,Married,0,Rent,321,0.340361748374603,1,1,0.3134903384277359,0,Debt Consolidation,0,16,4,902,1029,65075,14251,5827.583333333333,0.8597165097313182,2,50824,0.303037,0.33597950151060674,590.9500851015035,0.15648855330565906,0,55.0
2034-09-14,33,42828,596,Employed,Master,11,20183,72,Married,2,Mortgage,241,0.2679690287504012,4,1,0.353715981982774,0,Home,0,27,19,3719,825,48741,9838,3569.0,0.8180295270165185,4,38903,0.237183,0.21444796975393723,500.49060439118335,0.2077586451082049,0,55.0
2034-09-15,19,26335,541,Employed,High School,0,20344,108,Divorced,3,Own,277,0.4575420188727736,3,1,0.3933890118630018,0,Auto,0,22,19,2756,261,40887,39914,2194.5833333333335,0.4529767781808419,2,1579,0.294844,0.27084195336646116,504.45344977134147,0.3560828326279133,0,57.0
2034-09-16,40,61915,611,Employed,Bachelor,19,48173,60,Married,3,Rent,517,0.5636192903671978,2,3,0.31011815611617044,0,Education,0,26,12,2431,1940,54297,65989,5159.583333333333,0.684809486976378,6,10346,0.24767299999999998,0.21001787802349128,1303.2899492282509,0.3527978582046194,0,52.0
2034-09-17,40,29825,492,Employed,High School,15,31054,84,Married,0,Mortgage,207,0.5955980471175972,5,1,0.30809273190289255,0,Debt Consolidation,1,21,14,3748,760,10399,35523,2485.4166666666665,0.8619563671478475,8,3494,0.310054,0.33443756851956713,960.9455051949273,0.46991939856962706,0,63.0
2034-09-18,25,71482,523,Employed,Associate,5,53473,60,Married,2,Own,691,0.06621216351855541,4,1,0.27220074434539787,0,Home,0,19,27,886,2108,67674,10810,5956.833333333333,0.7386115092481793,3,56864,0.296973,0.3383163016871855,1857.9600368685656,0.42790521309452434,0,49.0
2034-09-19,28,59370,564,Self-Employed,Doctorate,5,15707,60,Single,4,Rent,919,0.11177515181272993,3,0,0.08389665267870074,0,Home,0,28,4,1792,347,112316,14084,4947.5,0.8767457754436717,2,98232,0.238707,0.2582021524473497,468.60462354066175,0.2804658157737568,0,53.0
2034-09-20,38,98945,534,Employed,Bachelor,17,18464,24,Divorced,0,Own,352,0.39454517111898396,2,0,0.23440062217767435,0,Auto,0,30,16,2637,6925,58276,5180,8245.416666666666,0.9157392461720334,4,53096,0.226464,0.2621412930406886,996.735174078601,0.16357392580669272,1,39.2
2034-09-21,33,59563,542,Employed,Associate,13,15919,24,Divorced,2,Other,355,0.5456305177507774,5,0,0.5253842646255057,0,Debt Consolidation,0,20,6,29946,198,112423,34576,4963.583333333333,0.8134262559674902,4,77847,0.21991899999999998,0.1940742585165908,805.6094458185695,0.2338249139536765,1,47.2
2034-09-22,21,15000,545,Employed,High School,0,40865,60,Single,2,Rent,742,0.36349008660172755,3,3,0.1119963285041971,0,Auto,0,20,17,3946,1550,82283,7536,1250.0,0.7950590482347585,7,74747,0.27336499999999997,0.24777746871959364,1194.1230063358555,1.5488984050686845,0,50.0
2034-09-23,59,82621,595,Employed,Associate,40,23889,24,Married,0,Rent,278,0.1752934406796301,2,0,0.534360439217886,0,Auto,0,31,2,5206,1268,74372,3469,6885.083333333333,0.8043840551474368,5,70903,0.20138899999999998,0.24166679999999996,1265.0258748977576,0.2241114304931324,0,58.0
2034-09-24,45,39412,617,Employed,Master,21,14237,60,Single,4,Other,303,0.09254391788351343,2,0,0.45902926114135173,0,Education,0,22,10,1123,1062,45697,7103,3284.3333333333335,0.7193312857474284,2,38594,0.210737,0.1959240417782456,373.9718526670086,0.20612154247447736,0,53.0
2034-09-25,40,46620,643,Self-Employed,Bachelor,19,20642,24,Married,1,Mortgage,601,0.317071831857736,0,2,0.12666052064919364,0,Debt Consolidation,0,20,17,4711,343,346339,25337,3885.0,0.6628869304983435,6,321002,0.174142,0.19650878730131285,1047.073973408375,0.42421466496998067,1,36.0
2034-09-26,41,177996,609,Employed,Master,14,30073,48,Married,1,Own,266,0.0702889414093987,4,2,0.2989482553892361,0,Debt Consolidation,0,24,21,20134,12593,42918,27919,14833.0,0.7089900380233279,4,14999,0.220573,0.18739921078947216,895.0642415316541,0.07827575281680403,1,36.800000000000004
2034-09-27,26,39569,477,Employed,Bachelor,0,23668,108,Divorced,3,Mortgage,536,0.6447524597595967,7,1,0.23650127437834959,0,Home,0,30,4,4360,490,41624,19052,3297.4166666666665,0.7769484537617752,6,22572,0.330168,0.3357942888035517,697.7146015946472,0.374145801489443,0,58.0
2034-09-28,36,45910,523,Employed,Associate,12,12930,72,Married,2,Mortgage,199,0.17471980275273302,1,0,0.46126932362818224,0,Auto,0,27,28,6543,1978,20155,20306,3825.8333333333335,0.7111573542050129,7,8709,0.26643,0.2717700075499201,365.767086495109,0.1476193647994186,0,56.0
2034-09-29,48,122318,630,Employed,Bachelor,28,18996,72,Married,2,Own,461,0.2352931961053309,1,1,0.20672126057196116,0,Home,0,25,25,1988,377,608275,12265,10193.166666666666,0.7444997923913683,7,596010,0.21899600000000002,0.2160419174123489,472.8431765175132,0.09161462841290864,1,31.200000000000003
2034-09-30,33,77248,610,Employed,Master,13,20229,48,Divorced,0,Own,370,0.2738572818750903,7,3,0.027422992105356855,0,Debt Consolidation,0,14,17,16782,875,17657,47132,6437.333333333333,0.8336984890896928,9,5591,0.210229,0.21138086660607744,627.9084628653271,0.15501892028769582,1,37.6
2034-10-01,44,94963,548,Employed,Bachelor,18,20319,48,Married,0,Mortgage,361,0.0937811191843724,4,1,0.1765176754025168,0,Debt Consolidation,0,25,15,501,702,201429,105516,7913.583333333333,0.7505845174981655,4,95913,0.241319,0.2833339369451287,712.0423542301306,0.13559500279858014,1,36.800000000000004
2034-10-02,46,122430,673,Employed,Doctorate,28,43264,48,Married,1,Own,318,0.11922415296730308,3,2,0.23229393944411802,1,Home,0,27,8,19254,1410,700653,18955,10202.5,0.8825664096596588,4,681698,0.201764,0.19290839529613873,1300.2479152560527,0.15861288069160037,1,38.400000000000006
2034-10-03,49,41485,604,Employed,Master,27,15507,108,Single,2,Own,196,0.04761723786069088,4,1,0.5197345798707133,0,Home,0,20,1,1015,1016,40125,28095,3457.0833333333335,0.7369909849117624,6,12030,0.258507,0.2621240524011245,375.0888585467664,0.16519383638812093,0,59.0
2034-10-04,41,39688,551,Employed,Bachelor,16,37410,48,Married,2,Other,201,0.43788169737244853,5,0,0.23792957428801337,0,Debt Consolidation,1,18,29,5373,966,77317,22055,3307.3333333333335,0.9074357057799348,8,55262,0.25690999999999997,0.2416862140620186,1223.1246434571806,0.43059604216604935,0,58.0
2034-10-05,44,35206,585,Employed,Bachelor,20,19354,36,Single,4,Mortgage,278,0.22896633084736054,3,0,0.18963088236995881,0,Debt Consolidation,0,26,4,13051,808,28613,5259,2933.8333333333335,0.8758889244756446,5,23354,0.21185400000000001,0.20032243002983138,719.5819923066348,0.3400268109890251,0,54.0
2034-10-06,40,48971,645,Employed,Bachelor,20,53505,36,Married,1,Rent,243,0.15144718143383168,4,0,0.06960570808413116,0,Home,0,26,17,6899,667,141385,84690,4080.9166666666665,0.48241744177816676,6,56695,0.216005,0.1951292388241581,1975.1836504101418,0.5435503421396685,0,45.0
2034-10-07,45,21729,621,Employed,High School,24,10573,24,Single,3,Own,546,0.14693903348804005,4,1,0.23226364870756253,0,Home,0,30,9,8538,2700,51512,52773,1810.75,0.9190790862582154,3,6810,0.175073,0.17325028977616463,524.4057994982815,0.5911394723171511,0,51.0
2034-10-08,25,90317,570,Employed,Master,0,30845,36,Married,1,Own,283,0.3793613940792916,3,1,0.19288938189607405,0,Other,0,22,18,132,623,81343,11460,7526.416666666667,0.8279391254775619,5,69883,0.23084500000000002,0.2178868314014705,1174.6152082619906,0.1936665577814131,1,37.6
2034-10-09,50,64347,615,Self-Employed,High School,27,49432,36,Married,3,Mortgage,355,0.2551331838589455,4,0,0.1585831624594718,0,Home,0,30,16,223,1268,114885,31128,5362.25,0.7924912161957425,2,83757,0.226932,0.2133386077515833,1870.838149249035,0.4150940648513283,0,48.0
2034-10-10,49,54056,569,Employed,Master,29,30013,48,Single,0,Rent,972,0.36307683236343574,3,0,0.12279551965218441,0,Other,0,20,6,1918,2384,113568,5890,4504.666666666667,0.5005295953947699,6,107678,0.24051300000000003,0.22290074757812847,950.3246873991042,0.4267407179367554,0,48.0
2034-10-11,49,20831,625,Employed,High School,29,52469,24,Married,0,Rent,413,0.021002756851391063,3,1,0.2846459268121617,0,Education,0,18,14,4193,2834,19610,24668,1735.9166666666667,0.8638157729746668,4,7734,0.214969,0.21127785954022735,2699.448103517602,1.79297092036922,0,50.0
2034-10-12,46,17854,512,Unemployed,High School,26,21272,36,Single,1,Own,644,0.08816184513175239,1,0,0.6942928190208107,0,Auto,0,22,17,5473,1112,53160,43753,1487.8333333333333,0.7314054954696043,10,9407,0.25027200000000005,0.26754849313377305,865.6386938109132,1.0146557816585056,0,62.0
2034-10-13,41,37952,641,Employed,Master,19,27017,48,Widowed,5,Mortgage,417,0.3063791681748614,6,0,0.25828340479157436,1,Other,0,28,12,627,351,45184,36367,3162.6666666666665,0.9592965882622988,7,8817,0.20151700000000003,0.2039532426421958,827.8383318764356,0.3936040256776251,0,62.0
2034-10-14,31,20775,590,Employed,Associate,7,21229,36,Married,1,Mortgage,288,0.41270692849203533,0,1,0.19704064828084747,0,Auto,0,13,17,3031,737,17840,102003,1731.25,0.8887375558903275,6,7251,0.211229,0.20474338740803705,794.0858679689037,0.6250315482852873,0,53.0
2034-10-15,26,16942,540,Employed,Bachelor,5,28299,72,Married,1,Rent,816,0.29950787102260285,5,0,0.5027136805448923,0,Auto,0,21,1,2185,3009,66397,45621,1411.8333333333333,0.8607157705968583,3,20776,0.27329899999999996,0.28182686411079455,818.476981558095,1.1576982516053087,0,64.0
2034-10-16,61,131597,655,Employed,Master,38,30973,60,Single,0,Mortgage,242,0.06510758867656088,2,0,0.24077768527000853,0,Auto,0,25,7,2823,323,309976,12894,10966.416666666666,0.943023792923946,1,297082,0.20847300000000002,0.2201918923162204,855.7785236316444,0.10010366713207546,1,30.400000000000002
2034-10-17,47,22832,594,Employed,High School,26,23217,60,Married,0,Rent,155,0.6019971564982226,3,1,0.12401870727658276,0,Other,0,21,23,16153,1307,87200,8080,1902.6666666666667,0.9884971187618845,6,79120,0.231217,0.22125727921671498,642.8890448730427,0.41935303689893627,0,52.0
2034-10-18,26,15000,613,Employed,Bachelor,5,37781,24,Divorced,0,Rent,670,0.4214719902984862,4,2,0.4069522124524517,0,Home,0,24,19,4449,5752,25664,32061,1250.0,0.6437878089791996,10,8545,0.206281,0.1941253905229249,1912.0690971675242,2.0656552777340194,0,56.0
2034-10-19,28,67104,583,Employed,High School,5,16627,60,Widowed,2,Own,178,0.4060817491194256,1,0,0.4727886728521876,0,Auto,0,22,22,9910,269,10866,31272,5592.0,0.5149523229131325,5,7124,0.23012700000000003,0.2159828311560974,455.4300635600122,0.11327433182403651,1,45.6
2034-10-20,25,17431,580,Employed,Associate,5,11553,72,Married,2,Mortgage,947,0.25375617788399085,0,0,0.608124900058333,0,Auto,0,30,3,9288,1330,139726,8591,1452.5833333333333,0.9503243229847721,3,131135,0.236553,0.20094772884126064,277.3620358985349,0.8428859176629235,0,59.0
2034-10-21,53,145861,636,Employed,Bachelor,30,21909,96,Married,2,Own,806,0.1277546803601918,5,0,0.49298869710850984,0,Debt Consolidation,1,23,9,411,542,49485,234171,12155.083333333334,0.8753652583673933,7,1754,0.23890900000000004,0.2753497464216533,566.9421818390673,0.11295209947874214,0,57.0
2034-10-22,33,60239,580,Employed,Associate,14,16648,72,Single,2,Rent,519,0.29811097010123744,0,1,0.33104437953009164,0,Debt Consolidation,0,21,7,1688,1071,39900,33248,5019.916666666667,0.9373575632852555,7,6652,0.241648,0.22592102585077353,424.1707590872836,0.18788574028532018,0,55.0
2034-10-23,48,25262,648,Employed,Bachelor,26,26306,60,Married,4,Mortgage,312,0.25135131384182835,4,1,0.11817763215316253,0,Other,0,20,17,3045,376,88286,13320,2105.1666666666665,0.9188666718237024,4,74966,0.207306,0.2292901641826669,740.506092894119,0.4999633091097074,0,47.0
2034-10-24,62,142622,608,Unemployed,Bachelor,37,23217,48,Married,1,Rent,922,0.19444740094358356,4,0,0.47097428441751243,0,Debt Consolidation,1,21,15,2043,1708,83819,27208,7633.916666666667,0.9438818368865264,5,56611,0.21421700000000002,0.20364058790606124,711.012913102349,0.21391547542467484,0,57.0
2034-10-25,67,95323,616,Employed,High School,40,17781,84,Married,1,Own,240,0.06705777462779335,4,0,0.36085985584888414,0,Debt Consolidation,0,20,4,14043,481,17465,10381,7943.583333333333,0.6471631523777664,9,7084,0.23478100000000002,0.21008344203869211,405.7146902684705,0.08128758309349944,0,52.0
2034-10-26,39,33998,589,Employed,Bachelor,16,31359,12,Married,0,Rent,895,0.13981586018141626,4,1,0.18805136890562651,0,Home,0,25,1,5545,1533,50753,19821,2833.1666666666665,0.6449948800322688,6,30932,0.201859,0.20080680500918544,2906.136489108462,1.3416565053621254,0,54.0
2034-10-27,43,43669,582,Employed,Master,23,13024,24,Single,0,Other,361,0.21008232577160887,5,0,0.23898333742435188,0,Auto,1,18,2,33945,1030,38980,27469,3639.0833333333335,0.9044243617996047,4,11511,0.197024,0.21764763467674958,674.1490868943301,0.2844532515682054,0,63.0
2034-10-28,34,68805,612,Self-Employed,Bachelor,12,39117,60,Divorced,1,Mortgage,251,0.30970982724113294,2,0,0.6246150887216255,0,Education,0,31,25,2616,761,152288,122016,5733.75,0.906767393444326,8,30272,0.23811699999999997,0.24155545544070334,1128.8509549034238,0.24065418877757555,0,58.0
2034-10-29,52,88493,615,Self-Employed,Bachelor,30,17632,24,Married,0,Rent,360,0.19471934892639184,3,0,0.06161843437683401,0,Auto,0,26,3,4832,839,22366,41117,7374.416666666667,0.8116488344164497,6,8495,0.185132,0.16854121099811623,870.5306003559266,0.16686480517409422,1,40.800000000000004
2034-10-30,41,17638,562,Unemployed,High School,20,12375,60,Divorced,5,Mortgage,536,0.3043952729529445,3,1,0.10289392682333118,0,Home,0,24,18,10378,315,73091,53288,1469.8333333333333,0.9545340352180576,7,19803,0.236375,0.2604258819503301,370.8253801162872,0.6169579635670397,0,55.0
2034-10-31,40,89241,634,Employed,Master,19,13143,48,Married,1,Rent,366,0.11772120234835243,3,1,0.2743376366889217,0,Other,0,28,20,2252,720,39983,18026,7436.75,0.5255152333161586,7,21957,0.191143,0.1772709114278773,384.2038659918148,0.10087791925126094,1,37.6
2034-11-01,37,169296,604,Employed,Bachelor,13,12379,60,Single,0,Mortgage,1000,0.17984762423620032,2,0,0.13184592477291626,0,Debt Consolidation,0,14,11,1644,567,32331,3695,14108.0,0.8126707624744398,4,28636,0.215379,0.19520364173666332,324.6728821628399,0.09389515751083356,1,35.2
2034-11-02,18,31033,424,Employed,Associate,0,7530,36,Single,1,Rent,369,0.08258022102426495,3,3,0.10349808152790715,0,Other,0,30,2,2670,1294,349635,1575,2586.0833333333335,0.8104847617346875,9,348060,0.28052999999999995,0.29086328213460183,315.9037719007361,0.2648421120358596,0,48.0
2034-11-03,30,28308,597,Self-Employed,High School,11,58839,72,Married,1,Rent,433,0.03944481789083864,1,0,0.04136126108083892,0,Auto,0,14,22,1436,1148,33378,29781,2359.0,0.5947008669603883,6,3597,0.275339,0.23293830032988966,1523.9187299921484,0.8295543577753914,0,54.0
2034-11-04,42,16081,576,Employed,Doctorate,15,21242,72,Single,1,Mortgage,502,0.15406902507130862,1,3,0.29460535726814524,0,Debt Consolidation,0,25,21,672,1024,58140,224558,1340.0833333333333,0.9343773565249919,4,10156,0.24824200000000002,0.25695182651556425,581.2941641145421,0.8083782084058521,0,53.0
2034-11-05,50,59392,570,Employed,Associate,25,23314,72,Married,1,Mortgage,242,0.30326180364498007,0,2,0.3119575734967193,0,Debt Consolidation,0,28,15,820,4916,8027,73283,4949.333333333333,0.7563091944459858,1,2470,0.25331400000000004,0.27929901894429227,670.5681711196681,0.18438203888463123,0,54.0
2034-11-06,35,20052,632,Self-Employed,Master,15,26701,48,Single,3,Mortgage,201,0.49566707755883893,1,0,0.4381722736543756,1,Home,0,26,20,700,706,53014,16197,1671.0,0.922455754606713,4,36817,0.20570100000000002,0.18488498642995135,791.1740387970259,0.5937606455996565,0,71.0
2034-11-07,39,34645,404,Unemployed,High School,16,23194,36,Married,5,Mortgage,321,0.2930515671964094,1,1,0.0731365136446291,0,Home,0,16,12,4180,404,93685,31496,2887.0833333333335,0.6080419103110387,3,62189,0.30619399999999997,0.2739082947623766,951.7699292888892,0.4408497373781691,0,52.0
2034-11-08,33,48804,616,Employed,Bachelor,9,27925,48,Married,0,Rent,227,0.11913542780021029,2,1,0.321375329166593,0,Auto,0,18,15,1613,2007,48916,115495,4067.0,0.7508713675501789,5,6594,0.21492500000000003,0.23331055322676442,900.1099917447762,0.2771354786684967,0,51.0
2034-11-09,50,112017,537,Employed,Associate,26,8799,120,Married,0,Other,710,0.12673669690460374,2,1,0.4219247042861708,0,Education,0,17,13,530,488,91368,71528,9334.75,0.8561119657481863,3,19840,0.295299,0.27950777029011364,218.75252113577682,0.09949409691055215,0,54.0
2034-11-10,36,63058,488,Employed,Bachelor,15,20015,72,Widowed,2,Mortgage,212,0.41012770099130563,2,0,0.2962501709182432,0,Debt Consolidation,0,25,28,1725,1638,20280,33628,5254.833333333333,0.660846159870377,2,5844,0.291015,0.280347292195907,577.0078614585126,0.15014897931273036,0,53.0
2034-11-11,41,68192,547,Employed,High School,20,14664,60,Single,1,Mortgage,752,0.4939295671339985,6,1,0.026249223741593202,0,Auto,0,27,29,6465,369,80212,8647,5682.666666666667,0.8149822489074513,7,71565,0.246164,0.23806741405885193,420.21012768164155,0.20627817826401482,1,39.2
2034-11-12,35,141267,578,Employed,Master,10,12551,36,Married,0,Own,294,0.07853344054528684,3,0,0.5183280192614128,0,Education,0,28,17,9135,1417,10552,42137,11772.25,0.8563919338606936,4,1343,0.20855100000000001,0.2114813584866983,473.81491866160815,0.06522244419389735,1,44.0
2034-11-13,41,39474,555,Employed,Associate,15,18948,60,Married,0,Rent,544,0.2035523907426969,1,1,0.054566168168055436,0,Debt Consolidation,0,28,19,1121,1696,16455,75743,3289.5,0.9109184231377194,6,3334,0.246448,0.2188734685519647,522.1102313394858,0.32409491756786313,0,51.0
2034-11-14,47,15010,573,Employed,High School,24,18880,36,Divorced,3,Mortgage,653,0.28994393253841216,3,0,0.2811519186136503,0,Auto,0,28,23,2187,137,56805,10910,1250.8333333333333,0.9645798699510421,5,45895,0.21738000000000002,0.23380484066752566,734.5889009461749,1.1093315663793537,0,54.0
2034-11-15,29,40680,553,Employed,High School,7,15652,60,Single,1,Other,303,0.46355388185157104,2,2,0.3472628441477423,0,Other,0,19,1,1201,8552,22910,34640,3390.0,0.8775199083775046,3,3032,0.24415199999999998,0.2380752202666279,448.5292356851582,0.22169004002512044,0,60.0
2034-11-16,45,31920,602,Employed,Bachelor,21,39719,36,Single,0,Rent,774,0.31704253281554967,0,1,0.20217346249477158,0,Other,0,24,4,1446,1188,27388,60000,2660.0,0.6760582203951317,4,5565,0.223719,0.21459960549708038,1505.812470521662,0.8570723573389707,0,53.0
2034-11-17,32,57877,549,Employed,Bachelor,9,14454,48,Divorced,5,Rent,230,0.20899625451664086,2,1,0.0825892582063141,0,Home,0,16,14,6333,1408,31799,28574,4823.083333333333,0.9215760159736044,9,3225,0.234954,0.22362081437742024,458.2348465879861,0.14269603053122715,0,50.0
2034-11-18,40,91656,611,Employed,Bachelor,18,17990,60,Single,1,Rent,493,0.06450185344217099,2,2,0.21734026382429245,0,Education,0,17,18,5713,5083,28130,2290,7638.0,0.8003139531778747,5,25840,0.21749000000000002,0.19557142046829265,472.20285394878675,0.1263685328553007,1,37.6
2034-11-19,55,54032,638,Employed,Associate,36,9883,96,Married,0,Mortgage,518,0.2672830481284899,4,1,0.5120335444364349,0,Auto,0,24,6,3998,785,141717,142460,4502.666666666667,0.7300875406755137,3,6046,0.225883,0.2082795090220642,212.21174405761485,0.16217317383571545,0,57.0
2034-11-20,52,35268,580,Unemployed,Associate,28,19119,36,Single,2,Rent,337,0.41809608529445036,0,0,0.38841724924347476,0,Auto,0,30,5,10084,677,130197,167419,2939.0,0.8149144854291678,5,5364,0.214119,0.23244257046072783,742.527361028632,0.36731111297333513,0,61.0
2034-11-21,33,59329,604,Employed,Bachelor,10,27314,48,Married,0,Rent,485,0.21078456838242104,3,0,0.1528929642950283,0,Education,0,17,24,1798,653,29018,24702,4944.083333333333,0.762853382281751,6,4316,0.220314,0.23115726253149657,877.1866401633774,0.2755185437469118,0,47.0
2034-11-22,53,138783,617,Employed,Associate,29,32202,84,Divorced,1,Rent,174,0.40760649780610575,1,1,0.06453706830589313,0,Home,0,24,15,785,140,26110,32327,11565.25,0.7727460276365468,7,6708,0.24870200000000003,0.245211027634638,805.2513552135266,0.0846718709248418,1,36.800000000000004
2034-11-23,35,119617,581,Employed,Master,15,9501,36,Divorced,0,Mortgage,539,0.08117058589956669,7,1,0.07825530481792257,0,Home,0,31,28,1987,678,46500,5432,9968.083333333334,0.8658025043400392,6,41068,0.20400100000000002,0.2028896600543235,354.4916483701989,0.08963525067876962,1,38.400000000000006
2034-11-24,34,91505,611,Employed,High School,13,7561,48,Married,0,Mortgage,748,0.5888966258576418,2,2,0.4389132040702226,0,Home,0,26,21,7955,1787,58859,13493,7625.416666666667,0.9328501735128836,0,45366,0.19706100000000001,0.1745647295281408,219.9626933661216,0.12693899044198087,1,42.400000000000006
2034-11-25,48,30063,626,Employed,Bachelor,27,7351,12,Married,3,Own,401,0.17041375405470782,3,1,0.2686811518783145,0,Auto,0,21,11,4365,3613,288877,15359,2505.25,0.7541653185231536,4,273518,0.15935100000000002,0.18287546694582865,674.9460011314515,0.42947649980299424,0,43.0
2034-11-26,30,135897,576,Self-Employed,Doctorate,4,17390,96,Married,1,Mortgage,333,0.3842656679839028,3,0,0.4202792544265316,0,Home,0,27,1,1125,4271,129095,321466,11324.75,0.978923222292036,6,9667,0.26439,0.24453453533859998,414.07796234006577,0.06596860525310191,1,48.800000000000004
2034-11-27,30,25164,603,Employed,Associate,7,29128,72,Divorced,2,Other,279,0.1950731846144643,3,0,0.4623608198195711,0,Education,0,21,13,7463,61,14722,30831,2097.0,0.7387529423426065,7,9906,0.242628,0.2911536,859.7475214709195,0.5430364909255696,0,54.0
2034-11-28,39,22984,594,Employed,Associate,16,32082,24,Married,1,Mortgage,237,0.14129166272558402,2,0,0.5063220934439824,0,Other,0,23,3,1095,350,43608,44291,1915.3333333333333,0.717145313015456,4,6891,0.210082,0.21033002551462396,1649.0745529868273,0.9847239225479433,0,62.0
2034-11-29,42,44836,522,Employed,Bachelor,22,20007,48,Married,4,Rent,514,0.06633337936279153,7,0,0.10573945008627753,0,Other,0,26,5,399,494,72484,7489,3736.3333333333335,0.8189513571089723,5,64995,0.254007,0.24702345596316114,660.057544028803,0.3142271952972084,0,50.0
2034-11-30,36,50184,508,Employed,Associate,13,19696,36,Married,0,Own,672,0.1258449971630991,0,3,0.16274802959269455,0,Debt Consolidation,0,14,28,3037,1586,125277,89903,4182.0,0.7205355439462393,5,35374,0.25069600000000003,0.257234303944736,790.6651512655748,0.34975254693103175,0,49.0
2034-12-01,39,15000,486,Employed,Associate,17,18599,60,Single,1,Own,626,0.11155348018597595,3,0,0.3752817004353305,0,Debt Consolidation,0,8,17,8634,102,32713,10110,1250.0,0.7781162361072381,6,22603,0.280599,0.3284946247913376,634.6951354939324,1.008556108395146,0,55.0
2034-12-02,32,37974,479,Employed,Associate,13,19850,36,Married,5,Mortgage,384,0.30701525315128825,5,0,0.10242255279301479,0,Education,0,23,22,12286,2664,36396,7121,3164.5,0.690158447561374,11,29275,0.26535,0.21228,750.1758171168306,0.3584060095170898,1,40.800000000000004
2034-12-03,64,81009,578,Employed,High School,45,17189,60,Married,0,Mortgage,277,0.3094600189525228,2,1,0.7760812196807693,0,Education,0,21,27,2611,1888,13024,9056,6750.75,0.8682207603193705,2,3968,0.23318900000000004,0.1892732653200016,445.2050657788827,0.10698145624988079,1,45.6
2034-12-04,36,71179,618,Self-Employed,High School,12,40822,36,Married,3,Own,479,0.4100782126142332,5,0,0.24732532223233425,1,Auto,0,19,13,4364,1178,74360,33823,5931.583333333333,0.6355380201291727,5,40537,0.21682200000000001,0.20747483895425844,1532.6840503549292,0.33914790323352606,0,65.0
2034-12-05,19,42631,488,Employed,Bachelor,0,17495,36,Divorced,0,Mortgage,429,0.08236945949215087,4,1,0.3234110506273036,0,Education,1,22,13,2841,199,122711,6189,3552.5833333333335,0.8864911974136537,7,116522,0.25849500000000003,0.24365611356255196,689.7416963766544,0.31490934663788916,0,56.0
2034-12-06,57,30491,625,Unemployed,Bachelor,33,25397,120,Married,2,Mortgage,342,0.24166821948789494,2,1,0.19875851729755994,0,Education,0,18,16,569,221,161899,70105,2540.9166666666665,0.8874582693948939,3,91794,0.26789700000000005,0.2920909185104633,654.7215407865049,0.39226848871595094,0,49.0
2034-12-07,41,48644,505,Employed,Associate,19,29937,84,Married,0,Mortgage,855,0.49845809505209054,4,0,0.07229687363610755,0,Debt Consolidation,0,19,5,3167,3710,95698,10829,4053.6666666666665,0.9553599104648547,8,84869,0.30243699999999996,0.33015586130415825,917.5159366806481,0.43726238056425826,0,52.0
2034-12-08,58,35372,623,Employed,Master,36,9442,60,Single,1,Rent,521,0.2292231340432192,1,1,0.2684322292002934,0,Home,0,27,24,1404,1239,45463,15680,2947.6666666666665,0.8175395396010218,7,29783,0.202942,0.19053120311294397,245.2067454747748,0.25993669981050826,0,50.0
2034-12-09,28,56569,576,Employed,Bachelor,2,20150,24,Married,3,Mortgage,387,0.17021922918345514,2,0,0.1235006158560993,0,Other,0,25,5,3812,468,28960,29888,4714.083333333333,0.7957934096058568,7,2901,0.20715,0.19998878225678318,1025.5393809524633,0.29964242909419575,0,51.0
2034-12-10,45,49603,476,Employed,High School,22,26322,60,Married,4,Rent,345,0.1822273225049843,3,1,0.0821055757895251,0,Home,0,23,23,1144,878,67091,49145,4133.583333333333,0.6489702644048505,5,17946,0.293322,0.3131386667635646,872.9703840027768,0.2946524324745141,0,50.0
2034-12-11,36,19936,513,Employed,High School,13,28987,12,Divorced,3,Rent,635,0.47676460229271744,2,0,0.28811127792140345,0,Education,0,21,17,5911,423,46922,14983,1661.3333333333333,0.8367029601247514,8,31939,0.237487,0.2550900848606312,2762.211311384017,2.044870372020877,0,55.0
2034-12-12,18,76379,546,Employed,High School,0,26722,36,Single,3,Own,277,0.24424185229355297,3,1,0.1269502039688403,0,Other,0,23,23,2065,764,216072,73532,6364.916666666667,0.9556451625320093,6,142540,0.238722,0.25829917246183315,1074.226343959832,0.2122928570355462,0,46.0
2034-12-13,53,111392,604,Employed,Bachelor,30,68625,24,Single,0,Rent,418,0.2733760411993729,2,0,0.09428237321147101,0,Home,0,26,29,7749,2907,12573,9899,9282.666666666666,0.9397478800454157,7,2674,0.241625,0.26072946433849364,3699.667414429935,0.44358669359701974,0,46.0
2034-12-14,34,204218,570,Employed,Master,10,14780,96,Single,1,Mortgage,803,0.10306369033915626,1,0,0.15908790221502586,0,Other,0,27,29,886,1686,40774,72551,17018.166666666668,0.6182356564764797,3,3945,0.26478,0.25177712966108884,359.0158506879219,0.06828090671858045,1,37.6
2034-12-15,32,27957,576,Employed,High School,12,19382,48,Married,1,Own,209,0.15048655263008606,4,0,0.28633950875486086,0,Education,0,23,25,1399,2523,9166,10068,2329.75,0.7932567374674571,6,1218,0.22638200000000003,0.24581189873722972,638.13236520252,0.36361513690418285,0,53.0
2034-12-16,29,85537,523,Employed,High School,6,11756,48,Married,5,Mortgage,450,0.15711558668292522,2,1,0.1645234807271534,0,Auto,0,19,10,10262,3235,84118,3609,7128.083333333333,0.9457763425199807,2,80509,0.245256,0.2649670022639183,399.67285160567945,0.11920074610131468,0,46.0
2034-12-17,18,71921,587,Self-Employed,Associate,0,15544,36,Married,0,Mortgage,810,0.5604185270598615,1,0,0.1176781045227179,0,Home,0,29,3,1921,2970,137593,8054,5993.416666666667,0.8531322559860735,9,129539,0.207044,0.19560734063071344,574.1976004680295,0.23095300684940914,0,53.0
2034-12-18,19,24511,602,Employed,Bachelor,0,11885,60,Single,2,Rent,504,0.21200800154258542,1,2,0.03301302201942035,0,Auto,1,24,7,10022,900,25843,22169,2042.5833333333333,0.6823296203519863,5,3674,0.215885,0.22764741634877758,333.43926602882095,0.40999025712316317,0,56.0
2034-12-19,37,70696,506,Self-Employed,Bachelor,15,73573,60,Married,4,Rent,325,0.2895468632028,3,0,0.44883458887288896,0,Debt Consolidation,0,26,7,3396,3234,22914,188227,5891.333333333333,0.6692703024286265,7,6808,0.32557299999999995,0.3279082291223779,2507.98124780586,0.4808726798357803,0,60.0
2034-12-20,32,110490,619,Employed,Bachelor,8,16649,36,Married,3,Own,512,0.6711208673975251,2,0,0.1984765693063654,0,Education,1,25,12,3072,5683,33550,60082,9207.5,0.7699960381160464,7,8502,0.19214900000000001,0.17337643780275558,596.3837264376007,0.12037835747353795,1,43.2
2034-12-21,49,37224,600,Employed,Associate,24,7812,84,Married,0,Mortgage,738,0.40947877981440983,4,1,0.3908531516748562,0,Education,0,25,8,4581,2390,97387,55142,3102.0,0.7163134080750815,2,42245,0.23281200000000002,0.22603177860343854,185.92385500760747,0.2978477933615756,0,54.0
2034-12-22,32,15000,544,Employed,High School,9,16445,60,Divorced,1,Mortgage,278,0.037078958295428524,5,1,0.18304965460714506,0,Other,0,24,29,9932,340,125143,54817,1250.0,0.9141729322146058,5,70326,0.24944499999999997,0.2677717927027297,499.96566036537973,0.6223725282923038,0,49.0
2034-12-23,26,83050,539,Employed,Associate,4,35604,96,Widowed,0,Rent,211,0.32007666630631915,3,0,0.06243305500035611,0,Education,1,21,8,12868,568,76232,14683,6920.833333333333,0.9008161639524511,5,61549,0.301104,0.30159304442118423,985.7962325499791,0.17292660795424142,0,54.0
2034-12-24,36,67272,593,Employed,Bachelor,11,24014,60,Single,0,Rent,458,0.5107127350715145,4,1,0.17593788548344222,0,Home,0,28,29,1235,823,165610,36996,5606.0,0.702741942848897,6,128614,0.232514,0.23182139179494818,679.4813055114325,0.20290426427246389,1,37.6
2034-12-25,22,29158,562,Employed,High School,0,39708,96,Married,3,Rent,565,0.30407555321531626,4,2,0.29356273045796455,1,Debt Consolidation,0,29,29,1104,1359,55291,23084,2429.8333333333335,0.7339159557099076,5,32207,0.29370799999999997,0.24785943888361028,954.2173551659534,0.6252352103021963,0,66.0
2034-12-26,43,90704,607,Employed,Bachelor,19,39279,72,Divorced,3,Mortgage,262,0.3980056583012257,8,2,0.6743900544598959,0,Debt Consolidation,0,25,29,4951,1112,74600,79858,7558.666666666667,0.6799319108104495,4,7203,0.250779,0.2675616493168312,1100.7832543152367,0.18029413313396145,0,54.0
2034-12-27,29,39525,504,Employed,Bachelor,6,19030,60,Divorced,1,Own,1106,0.35449809909355656,1,2,0.05306608812254089,0,Auto,0,17,28,1612,640,796679,26828,3293.75,0.7480418369925749,4,769851,0.27203,0.326436,646.9399591842543,0.5322018851413296,0,43.0
2034-12-28,43,79984,607,Employed,High School,23,13226,24,Married,0,Own,1100,0.08293722336605228,3,1,0.42452741022437046,0,Other,0,36,2,17029,286,36192,117960,6665.333333333333,0.927905947242539,6,3782,0.18472599999999997,0.21320130527123235,681.7080859717505,0.26730967483072876,0,56.0
2034-12-29,38,49117,601,Employed,High School,14,19648,12,Married,0,Mortgage,913,0.391275005653413,3,1,0.5762198243016464,0,Debt Consolidation,0,19,14,2683,304,40207,87723,4093.0833333333335,0.9575602284784157,4,1067,0.184148,0.16774650845451872,1789.8904154327868,0.6603555792331257,0,56.0
2034-12-30,31,47905,570,Employed,High School,8,12863,96,Married,0,Rent,509,0.09169477190112238,2,0,0.3106535359917106,0,Other,0,29,12,816,398,64113,74260,3992.0833333333335,0.772078381821507,2,9993,0.262863,0.2586625753195086,318.3588578712723,0.20724989655474932,0,54.0
2034-12-31,50,85512,633,Employed,High School,28,17173,24,Single,1,Rent,206,0.43126506187330826,2,0,0.21437920816942138,0,Debt Consolidation,0,30,8,6200,4600,12000,2033,7126.0,0.8813311205166425,6,9967,0.175673,0.1879194455069436,863.9322593360005,0.15014485817232676,1,40.0
2035-01-01,51,18784,610,Employed,Associate,31,24978,60,Married,0,Rent,1268,0.22342585016343125,2,0,0.3224470263641617,0,Other,0,18,9,7789,2467,128478,4542,1565.3333333333333,0.7626989279620687,7,123936,0.224978,0.2284388343234047,701.9029920753926,1.2584559148692884,0,50.0
2035-01-02,54,300000,682,Employed,Doctorate,33,20475,36,Married,0,Rent,249,0.5227087714452593,5,4,0.22847220450432698,0,Auto,0,28,12,336,4562,44485,8106,25000.0,0.7161701510024672,7,36379,0.164475,0.19140819140253418,751.9905827762358,0.04003962331104943,1,36.0
2035-01-03,38,80535,590,Unemployed,Bachelor,13,23360,84,Married,0,Other,756,0.15691832621847437,1,1,0.30087516437654477,0,Auto,0,21,15,13483,7058,547345,106907,3422.1666666666665,0.49068487749260686,3,440438,0.25336000000000003,0.2741544645519046,627.826751409878,0.40437152430035883,0,49.0
2035-01-04,47,144379,605,Employed,High School,25,13728,36,Single,3,Own,724,0.7686917491727635,2,0,0.2768899623027782,0,Auto,0,31,24,2835,162,161753,7259,12031.583333333334,0.5287667788937064,6,154494,0.19622799999999999,0.158610727783787,481.69469288946385,0.10021080846018857,1,36.0
2035-01-05,34,22734,638,Employed,Doctorate,10,17289,36,Married,0,Mortgage,336,0.247990326383208,3,1,0.19056912376645285,0,Other,0,26,23,2585,347,19671,30641,1894.5,0.8974293529758773,4,1661,0.183289,0.1906817160615071,634.3419944731696,0.5121889651481497,0,49.0
2035-01-06,50,66970,432,Employed,High School,28,22236,24,Married,3,Mortgage,588,0.5905818691469145,3,4,0.032722163164316996,1,Debt Consolidation,0,32,17,8469,6606,170302,15797,5580.833333333333,0.7164724305721856,5,154505,0.281236,0.3039526742146153,1247.8061559799537,0.3289483928887479,0,59.0
2035-01-07,33,60757,597,Employed,High School,6,5547,48,Single,1,Other,507,0.5407160210823216,2,0,0.4254269318796702,0,Auto,0,18,22,8150,4026,44791,22943,5063.083333333333,0.7144559522630647,8,21848,0.202047,0.17798979914952137,162.36103468117815,0.13220423023148178,1,45.6
2035-01-08,48,34164,573,Employed,Bachelor,23,18644,108,Widowed,2,Rent,438,0.21593590171769617,0,0,0.5291581689203982,0,Home,0,26,19,697,505,34932,59840,2847.0,0.7735681813138635,4,7940,0.277144,0.23504873404012783,416.4393247933331,0.3001191867907738,0,59.0
2035-01-09,30,38701,615,Employed,Associate,9,27685,84,Married,0,Rent,548,0.3326859682144266,4,2,0.09668263652416012,0,Debt Consolidation,0,26,6,1377,1330,22134,15159,3225.0833333333335,0.6645935572595155,4,6975,0.245185,0.24788400749818593,697.0114910843296,0.3860400995584598,0,50.0
2035-01-10,34,47311,465,Employed,High School,13,16486,36,Married,0,Rent,1055,0.37706123648908096,2,0,0.07861637979443913,0,Auto,0,24,6,989,4202,41473,80022,3942.5833333333335,0.9368906644617653,1,3507,0.268986,0.2430784839787705,649.4605641798721,0.43232074507320634,0,53.0
2035-01-11,30,15000,594,Employed,High School,7,32852,48,Single,4,Own,457,0.2463968791100159,2,2,0.23327152049681255,0,Auto,0,21,17,12133,1632,79639,28559,1250.0,0.8240426035598968,5,51080,0.230852,0.24400512480703496,1078.3224797843811,1.228257983827505,0,52.0
2035-01-12,52,87612,521,Employed,Associate,25,22510,84,Married,3,Mortgage,386,0.00908777202410848,2,1,0.2726241636445099,1,Debt Consolidation,0,16,16,5653,736,32312,5021,7301.0,0.8261763889006533,6,27291,0.28701,0.2559114139889823,578.3003383530827,0.13207784390536675,0,62.0
2035-01-13,51,20040,521,Employed,Associate,30,31872,48,Married,4,Own,868,0.542934049811713,1,0,0.19756635387232302,0,Home,0,24,23,921,256,53192,18140,1670.0,0.9115948026963581,9,35052,0.266372,0.28679840280312713,1123.2409449544211,1.1923598472780965,0,53.0
2035-01-14,46,54351,635,Employed,Master,25,40582,84,Married,4,Mortgage,482,0.42860132845489085,2,2,0.2365907264150377,0,Home,0,30,14,3644,2894,110727,12902,4529.25,0.9758621873017558,7,97825,0.24808200000000002,0.25348626502818145,1036.2599246707523,0.33521221497394765,0,48.0
2035-01-15,20,48565,528,Self-Employed,Associate,0,52507,72,Married,0,Mortgage,475,0.3332898928773986,5,2,0.13993138284671558,1,Debt Consolidation,0,27,7,10660,4827,36277,44855,4047.0833333333335,0.469610489754059,8,3510,0.30350699999999997,0.24280559999999998,1391.2992883196498,0.46114674065347055,0,67.0
2035-01-16,52,55193,578,Employed,High School,31,11193,36,Single,0,Own,411,0.237363310958423,5,3,0.43506391593533267,0,Home,0,16,6,3404,697,165983,100617,4599.416666666667,0.7569476761456729,4,65366,0.20719300000000002,0.22163360723868786,428.4122589616892,0.18250406949323772,0,56.0
2035-01-17,39,42789,599,Employed,High School,16,29256,72,Married,2,Own,146,0.38252699538272966,4,0,0.4338825412001568,1,Debt Consolidation,0,29,11,2454,6196,31163,42465,3565.75,0.8517970635838433,3,5761,0.244756,0.2229135003014182,740.1579529126784,0.2485193726180126,0,69.0
2035-01-18,37,96801,563,Employed,Bachelor,16,10204,108,Married,0,Mortgage,410,0.16207367089030442,3,2,0.4148712696707455,0,Home,0,26,8,27067,3217,30284,11047,8066.75,0.8080663513181429,5,19237,0.27370399999999995,0.3284447999999999,295.27214005310003,0.08742952738749805,0,55.0
2035-01-19,18,48891,576,Employed,High School,0,14640,36,Single,1,Mortgage,482,0.24932724564254138,4,1,0.6052411489694349,0,Auto,0,28,9,7013,3449,195421,53218,4074.25,0.9125190877531713,2,142203,0.21164000000000002,0.20030783781728165,544.3045183230786,0.25190023153293944,0,56.0
2035-01-20,45,42982,554,Employed,High School,20,24765,36,Married,1,Own,296,0.031043371400503096,4,0,0.26502149390943697,0,Debt Consolidation,0,24,12,1283,291,44342,20050,3581.8333333333335,0.9197695874396432,3,24292,0.232765,0.2173241638538523,942.3618193365975,0.3457340708212547,0,52.0
2035-01-21,29,41905,515,Employed,Bachelor,10,15662,48,Single,0,Mortgage,1021,0.11850974962235436,3,0,0.05361911250946046,0,Auto,0,28,2,2881,1496,22534,12062,3492.0833333333335,0.9100629479726758,9,10472,0.253162,0.27648135400834134,542.7055793727219,0.4477858716733722,0,54.0
2035-01-22,44,49620,523,Employed,High School,22,10041,48,Married,0,Mortgage,229,0.33515279468909354,1,0,0.27395270827509943,0,Other,0,30,7,1029,762,54094,113796,4135.0,0.5711133289173931,6,9220,0.243541,0.22609242911201657,319.6829601642117,0.1326923724701842,0,54.0
2035-01-23,41,72681,550,Employed,Master,19,47491,72,Single,1,Mortgage,603,0.38145116324015577,3,2,0.2481025000523716,0,Education,0,18,19,26197,856,27053,33031,6056.75,0.7888390114878826,6,9789,0.287491,0.257912897807139,1302.4291278971045,0.3145959677875271,0,52.0
2035-01-24,31,34851,535,Employed,High School,8,15077,60,Married,1,Own,241,0.12471281870707579,4,1,0.17610045367585347,0,Debt Consolidation,0,13,20,4154,516,63709,77757,2904.25,0.6182614103183074,9,8634,0.252577,0.23639553012602962,430.5860027241295,0.23124249039308925,0,50.0
2035-01-25,43,88433,611,Employed,Associate,25,32058,60,Married,2,Own,261,0.18014869997292993,4,1,0.13833933894117925,0,Auto,0,25,27,1171,41,104771,9406,7369.416666666667,0.927048083265996,6,95365,0.23155799999999999,0.2602808976542741,960.3647461191448,0.16573425026211638,0,43.0
2035-01-26,39,34726,601,Employed,High School,14,16507,72,Married,4,Rent,578,0.33742897814467027,4,1,0.4737741780806429,0,Debt Consolidation,0,24,29,847,13131,46423,36925,2893.8333333333335,0.9977243658088962,3,9498,0.231007,0.22335265962716697,418.04831264251277,0.34419684823216473,0,54.0
2035-01-27,38,53614,641,Employed,Bachelor,14,30864,12,Divorced,3,Own,206,0.14215045147750033,4,2,0.3068715953421184,0,Debt Consolidation,0,33,20,5722,774,49376,13820,4467.833333333333,0.7000780883887455,2,35556,0.17536400000000002,0.1856823312945211,2837.9645430396918,0.6813066459595685,0,50.0
2035-01-28,51,38336,580,Employed,High School,29,59106,72,Widowed,0,Rent,717,0.03950336638379899,1,1,0.09136970988046048,0,Education,1,28,26,3555,2189,63258,20870,3194.6666666666665,0.9560181257010205,5,42388,0.28410599999999997,0.253484518686081,1604.809978360054,0.7267769130926712,0,56.0
2035-01-29,35,125208,469,Employed,Associate,14,21932,48,Married,4,Rent,528,0.13619227420224161,5,3,0.07098655534462224,0,Home,0,22,29,12878,3955,20129,6353,10434.0,0.7979223835790613,2,13776,0.282432,0.26481886779940667,745.4463368795259,0.12204776086635288,1,37.6
2035-01-30,43,87571,645,Employed,Master,21,36008,36,Widowed,2,Mortgage,393,0.19495870403432394,2,3,0.02948214672694671,0,Debt Consolidation,0,15,14,41358,5220,46578,73666,7297.583333333333,0.8929814286303577,5,4092,0.198508,0.1878433207405527,1315.9869190010168,0.23418532422847976,0,45.0
2035-01-31,30,41501,483,Employed,Bachelor,7,20008,60,Married,1,Rent,434,0.3121275401284352,4,0,0.6599467205709455,0,Home,0,15,6,713,1116,61592,49052,3458.4166666666665,0.6657852146996626,2,12540,0.283508,0.2793297045883376,622.1566682605521,0.3053873405249663,0,61.0
2035-02-01,44,15000,547,Employed,High School,21,39662,24,Married,3,Mortgage,487,0.1600412973146613,5,1,0.2956642141985173,0,Home,0,33,2,1380,1461,204058,11722,1250.0,0.9000945591160487,7,192336,0.241162,0.2641679483112659,2145.1195427857065,2.105695634228565,0,53.0
2035-02-02,63,124987,561,Employed,Bachelor,40,11769,48,Single,0,Mortgage,257,0.3296217235924953,4,2,0.07430957162119653,1,Debt Consolidation,0,18,6,1455,1364,17153,29861,5232.0,0.5442673532001385,4,2824,0.226269,0.2488100709490151,389.4455707966928,0.1235561106262792,0,62.0
2035-02-03,39,35339,592,Employed,Bachelor,18,44978,72,Married,0,Mortgage,218,0.16153492355478735,3,0,0.13407911134937592,0,Debt Consolidation,0,24,14,929,1452,45298,25258,2944.9166666666665,0.9004571882250049,6,20040,0.263978,0.23486842809231098,1170.1562831016893,0.47137370602507916,0,50.0
2035-02-04,29,24176,468,Employed,Master,10,12657,36,Married,0,Own,482,0.3705010788769719,2,1,0.3049535619758904,0,Auto,1,20,9,3789,116,1199685,26841,2014.6666666666667,0.7040887435200975,5,1172844,0.26365700000000003,0.26748042753348206,515.0153960700188,0.49487858838683924,1,44.0
2035-02-05,45,64704,623,Unemployed,Doctorate,24,36462,108,Single,2,Own,475,0.24893632616608646,6,0,0.736826180027516,0,Debt Consolidation,0,28,6,1176,516,56050,33506,5392.0,0.9084809385170457,6,22544,0.26996200000000004,0.30411291089302894,990.4150532811906,0.2717757888132772,0,60.0
2035-02-06,37,37799,616,Employed,Bachelor,15,37224,60,Single,2,Rent,582,0.2623737989486383,4,0,0.39914517013755346,0,Education,0,25,18,3667,917,47944,83468,3149.9166666666665,0.848140198969501,7,9924,0.23422400000000004,0.28106880000000006,1161.40113686442,0.5534753205739051,0,52.0
2035-02-07,27,66606,503,Self-Employed,Bachelor,3,31569,60,Married,1,Mortgage,257,0.31507754531072035,2,2,0.05808407583345274,0,Debt Consolidation,0,19,27,3622,2394,39353,12229,5550.5,0.8314998477235889,4,27124,0.28506899999999996,0.2552791524535654,936.3878703203786,0.21500547163685768,0,53.0
2035-02-08,35,26442,458,Employed,Associate,10,32475,24,Married,0,Mortgage,433,0.04997110099345066,2,1,0.30992982023732685,0,Debt Consolidation,0,22,27,2130,1035,73792,2352,2203.5,0.8341003016713088,3,71440,0.27847500000000003,0.2950985227683418,1807.5853927417409,1.0168302213486458,0,53.0
2035-02-09,26,15000,584,Employed,Bachelor,3,14238,48,Married,2,Mortgage,474,0.5414080350309127,1,2,0.8758928335498947,0,Debt Consolidation,0,27,9,4357,797,28416,3951,1250.0,0.7599442593583499,7,24465,0.21723800000000001,0.20960613742650086,440.5879963740303,0.7316703970992243,0,62.0
2035-02-10,36,80397,582,Employed,High School,9,23597,108,Married,2,Rent,108,0.13611295173030893,5,4,0.15074187512876094,0,Home,0,18,1,671,1291,59381,26149,6699.75,0.7166197358289367,7,33232,0.277597,0.24650468750176396,545.401541775591,0.09752625721490966,0,52.0
2035-02-11,54,58487,625,Unemployed,High School,30,29570,96,Married,1,Own,924,0.46541090406289226,1,2,0.26294570789078964,0,Home,0,24,6,7821,1684,22538,6038,4873.916666666667,0.8656677981528571,5,16500,0.25207,0.2598440484249788,734.1973192861457,0.34021864399667867,0,55.0
2035-02-12,29,103431,584,Self-Employed,Bachelor,9,8652,36,Married,3,Mortgage,545,0.47430385716100676,2,0,0.11858069652832806,0,Debt Consolidation,0,29,1,11891,1586,13477,13463,8619.25,0.7309862302917535,3,3235,0.201652,0.1922954254073857,318.1528992309067,0.10014246010162216,1,45.6
2035-02-13,34,56616,583,Employed,Bachelor,10,25703,48,Single,0,Rent,1041,0.4923347054130829,1,3,0.07809148968867595,0,Home,0,28,17,2319,139,20148,13232,4718.0,0.6853322902635754,10,6916,0.22920300000000002,0.2680875322320942,878.3716746219766,0.4068189221326784,0,51.0
2035-02-14,34,34639,518,Employed,Master,11,9737,72,Married,4,Own,458,0.3890830633716937,2,2,0.5352172395517446,0,Debt Consolidation,0,24,24,1487,785,15031,17124,2886.5833333333335,0.9100030558245099,8,3531,0.265737,0.24741490432779387,260.74486601811105,0.24899501695249088,0,59.0
2035-02-15,36,104584,543,Employed,High School,10,19111,48,Divorced,0,Other,383,0.07285950023198128,4,0,0.4148209656295243,0,Debt Consolidation,0,28,19,17735,9571,33921,10156,8715.333333333334,0.8291860627869742,4,23765,0.242611,0.2586318556546327,642.9012913917314,0.11771222650406157,1,43.2
2035-02-16,37,59694,580,Employed,Bachelor,15,7235,36,Single,0,Own,269,0.6337386005507124,2,0,0.22435238968958846,0,Home,0,13,15,4877,1682,64328,6068,4974.5,0.6596611896900889,4,58260,0.202235,0.2037578810262902,270.2658423242801,0.10840603926510807,1,41.6
2035-02-17,47,40029,603,Employed,High School,26,17484,36,Married,0,Mortgage,330,0.08225378064730134,4,1,0.38893278779381896,0,Home,1,27,18,12894,1482,33726,19436,3335.75,0.8095761831830199,3,14290,0.200984,0.1965824658586125,646.7275640545007,0.2928059848773142,0,57.0
2035-02-18,31,53506,567,Employed,High School,7,15814,84,Married,0,Own,181,0.2800951710247057,4,1,0.14299094840319873,0,Other,1,37,16,1785,13658,21476,3634,4458.833333333333,0.9141083529104402,7,17842,0.257314,0.2549915743550104,405.3390156132994,0.131500545496946,0,56.0
2035-02-19,40,85514,587,Employed,Associate,18,11311,108,Single,0,Mortgage,1213,0.13101154829218997,3,2,0.301281596678706,0,Home,0,25,17,3359,355,219373,42455,7126.166666666667,0.772491282653196,3,176918,0.262811,0.2859492028603741,292.52390152157,0.211267006785542,1,38.400000000000006
2035-02-20,19,150253,622,Self-Employed,Bachelor,1,10873,60,Single,0,Mortgage,283,0.05151098326933493,3,0,0.42425671479013216,0,Debt Consolidation,0,30,12,3032,882,17907,2161,7424.916666666667,0.469349743395989,5,15746,0.20487300000000003,0.18701399817148448,280.2681759857074,0.07586188522686549,1,42.400000000000006
2035-02-21,39,68728,467,Employed,Master,15,43523,48,Divorced,1,Mortgage,343,0.29372022882963567,2,0,0.13384285053111084,0,Home,0,28,2,7042,512,133716,6777,5727.333333333333,0.7450642874713815,6,126939,0.305023,0.27875977603684193,1513.7829147742837,0.3241967608149721,0,50.0
2035-02-22,20,103101,525,Employed,Associate,0,29572,72,Divorced,0,Own,1615,0.16217252332640178,2,1,0.3740100344659065,1,Education,0,27,2,9158,447,98851,26056,8591.75,0.929312892357559,10,72795,0.282072,0.2507365548427452,797.9232752219385,0.2808418861375085,0,66.0
2035-02-23,43,87742,490,Self-Employed,High School,19,11186,48,Divorced,1,Mortgage,531,0.6553307182181589,2,2,0.11245389036276156,0,Other,0,14,21,5595,2186,31166,5304,7311.833333333333,0.7373750939697622,3,25862,0.261186,0.2717507552765364,384.59418823511703,0.12522087778739263,1,43.2
2035-02-24,54,29658,586,Employed,Associate,30,34650,84,Single,2,Own,190,0.3188795837973793,3,1,0.2151332038161207,0,Other,0,26,11,2870,2678,141327,17110,2471.5,0.9260238881859002,5,124217,0.26665,0.2736552571239263,930.1241974567589,0.453216345319344,0,50.0
2035-02-25,35,51901,520,Employed,High School,13,44795,36,Married,0,Other,195,0.19348406021426445,4,0,0.29086891038933393,0,Debt Consolidation,0,19,23,5042,1227,223466,43026,4325.083333333333,0.9648651387160829,5,180440,0.269795,0.30806454916859255,1921.4587717797665,0.48934520069665716,0,47.0
2035-02-26,41,51369,579,Employed,Master,16,26108,48,Single,1,Own,368,0.0833730560479531,6,1,0.10240231680484309,0,Debt Consolidation,0,22,10,2537,479,58918,110618,4280.75,0.9022695704149333,4,6703,0.231608,0.2374735971319372,847.5263672556547,0.2839517297799813,0,49.0
2035-02-27,36,15516,627,Employed,Bachelor,10,23483,84,Single,1,Own,385,0.3475956383379231,3,0,0.4220310102721086,0,Auto,0,32,2,7478,560,164955,18941,1293.0,0.7978795027770257,9,146014,0.23498300000000003,0.21769618262485194,546.7753798310773,0.7206306108515679,0,55.0
2035-02-28,34,46387,517,Employed,High School,14,31289,36,Married,0,Other,357,0.1010371031374249,4,0,0.39151415959488806,0,Auto,0,23,3,1400,2356,36577,20192,3865.5833333333335,0.8238166654884161,3,16385,0.25778900000000005,0.2541660307183185,1250.949658622592,0.415965591727663,0,57.0
2035-03-01,41,46134,635,Employed,Doctorate,18,13478,84,Divorced,1,Mortgage,817,0.006608935844538226,3,1,0.5841937032894734,0,Debt Consolidation,0,21,19,2327,250,29546,13004,3844.5,0.8910271841887988,9,16542,0.220978,0.19683539683539306,296.73222724117716,0.2896949479103075,0,55.0
2035-03-02,45,138804,563,Employed,Associate,22,8269,48,Widowed,3,Mortgage,671,0.3434575265371939,3,1,0.4539774671946391,0,Other,0,28,11,2863,356,24756,12966,6174.75,0.8790625505446834,6,11790,0.221769,0.19793371767133264,250.71922727632878,0.14927231503726124,1,43.2
2035-03-03,18,44929,568,Employed,Bachelor,0,30550,24,Single,4,Mortgage,666,0.22584476441805634,3,1,0.20066728628278455,0,Other,0,24,14,953,335,118713,36708,3744.0833333333335,0.7100295843149277,4,82005,0.22154999999999997,0.2029846932292835,1559.3248176284715,0.5943577157635749,0,51.0
2035-03-04,18,29759,560,Employed,Associate,0,14294,24,Single,1,Mortgage,268,0.19891146126115175,0,1,0.2859521892038469,0,Other,0,27,10,2037,2032,194193,6458,2479.9166666666665,0.9745376485733958,5,187735,0.20929399999999998,0.19131812168655585,721.4565099902188,0.39898780603792555,0,49.0
2035-03-05,23,47953,542,Employed,High School,1,25682,36,Married,0,Mortgage,263,0.39099093934883505,1,0,0.32450855723669064,0,Other,1,38,10,2430,122,97813,26788,3996.0833333333335,0.8257063005770575,6,71025,0.239682,0.25999619778825306,1034.738515167424,0.3247526157280898,0,59.0
2035-03-06,22,163801,582,Employed,High School,1,11769,24,Divorced,0,Mortgage,174,0.12780195115999127,1,3,0.4634439957345566,0,Other,0,29,21,7403,390,141792,98107,6842.333333333333,0.8541359350049829,6,43685,0.195769,0.2037190311249201,601.1330763539289,0.11328490422671539,1,42.400000000000006
2035-03-07,54,35676,504,Employed,High School,31,15652,60,Married,0,Mortgage,669,0.29306958890374746,4,2,0.42426115790530683,0,Home,0,22,19,2311,859,45305,10211,2973.0,0.7426791399142022,4,35094,0.268652,0.2686419583595838,476.66930842404247,0.38535799139725607,0,57.0
2035-03-08,40,49855,622,Employed,Doctorate,16,29928,12,Divorced,2,Own,492,0.29864810286913746,2,1,0.34138878210489165,0,Auto,0,23,12,1922,1044,29405,5745,4154.583333333333,0.7666799314990468,4,23660,0.18392800000000004,0.19586925964719648,2766.452255500932,0.7843030200784513,0,52.0
2035-03-09,46,122457,625,Employed,Doctorate,24,16450,96,Married,0,Own,442,0.10219945131939488,6,1,0.2579756311287902,0,Home,0,19,17,555,3452,27959,10419,10204.75,0.8867668630821487,3,17540,0.23895,0.2443671671377511,391.51389606370736,0.08167901183896786,1,36.800000000000004
2035-03-10,43,61912,502,Unemployed,High School,21,21825,48,Married,0,Rent,336,0.21594800078179924,2,0,0.27554243855124916,0,Auto,1,28,3,2372,9317,210977,6744,5159.333333333333,0.9213410695980341,6,204233,0.265825,0.258200777236595,733.6726862549102,0.20732769471280083,0,60.0
2035-03-11,39,15000,523,Employed,High School,16,13337,96,Single,1,Other,272,0.49637849447824955,2,0,0.3138826650822318,0,Debt Consolidation,0,21,20,3131,1327,16022,16202,1250.0,0.854441475875981,9,5719,0.286837,0.2856585796893821,354.53770263495613,0.5012301621079649,0,57.0
2035-03-12,45,58766,548,Employed,Bachelor,21,21187,72,Married,1,Rent,296,0.18019561576278909,7,1,0.7557570781869151,1,Debt Consolidation,0,27,18,4615,2701,48506,27687,4897.166666666667,0.9581090553385576,4,20819,0.262187,0.26950014119373766,596.3287889267729,0.18221327752648256,0,69.0
2035-03-13,24,52215,486,Employed,Associate,0,18214,48,Married,0,Mortgage,560,0.41150782102249706,4,0,0.39479529742619,0,Other,0,27,16,2933,600,14984,15704,4351.25,0.8807633561894497,6,2345,0.270214,0.2688298442147526,623.2095478775814,0.27192405581788714,0,55.0
2035-03-14,25,22398,521,Employed,High School,3,35086,72,Married,2,Own,576,0.2900204415727067,0,1,0.08408746801160222,0,Debt Consolidation,0,20,7,1618,1328,40483,56966,1866.5,0.9074667024404989,7,1745,0.289586,0.2390706616568819,921.7247830238014,0.8024242073526929,0,53.0
2035-03-15,56,17538,590,Self-Employed,Bachelor,32,14049,48,Married,5,Rent,427,0.2143868100560121,1,1,0.20032504037393456,0,Auto,0,25,7,715,493,37179,51372,1461.5,0.5663225509274857,1,3800,0.21404900000000002,0.23698947402130735,455.68811767316333,0.6039603952604607,0,58.0
2035-03-16,35,32134,528,Employed,Bachelor,11,28850,72,Married,1,Own,262,0.5689994936754678,3,0,0.3103769319037852,0,Auto,0,28,2,760,1523,56344,45923,2677.8333333333335,0.6705737845515477,8,10421,0.27985,0.27764374198900116,826.7806576681637,0.4065901503708833,0,60.0
2035-03-17,69,22749,540,Employed,Master,47,39039,12,Married,2,Mortgage,631,0.2632853586969676,4,2,0.8054726589852431,0,Home,0,28,6,396,269,104109,84856,1895.75,0.7955713931856587,5,19253,0.234039,0.22645032212693494,3665.96099473505,2.266628508366108,0,62.0
2035-03-18,50,15000,516,Employed,High School,27,9935,24,Widowed,3,Rent,447,0.46784293450593045,4,0,0.314330325750113,0,Auto,0,22,9,694,1755,16011,12144,1250.0,0.7955018011085658,6,3867,0.226935,0.22436778490416245,517.5548925332573,0.7716439140266058,0,58.0
2035-03-19,39,56878,640,Self-Employed,Doctorate,19,11929,84,Married,0,Rent,739,0.5645704909214925,6,0,0.11747604838551134,0,Home,0,21,12,2011,2041,11142,21432,4739.833333333333,0.9603537131680997,6,4813,0.216929,0.20017854082012917,265.0260085839603,0.21182728125123113,1,40.800000000000004
2035-03-20,52,69621,656,Employed,Bachelor,33,23450,48,Married,4,Rent,388,0.48309178321350277,3,2,0.43195179817054846,0,Education,0,27,20,7581,178,77923,17181,5801.75,0.6039409684527859,4,60742,0.19045,0.1976426878541987,710.6500804183057,0.18936529157897283,1,39.2
2035-03-21,60,61336,565,Employed,Bachelor,36,20554,60,Married,3,Mortgage,685,0.1301528097394735,3,2,0.43175841160003875,0,Other,1,26,14,874,2595,41345,11898,5111.333333333333,0.9091094970504119,3,29447,0.243054,0.28198858865338094,642.433745712836,0.25970400659570286,0,61.0
2035-03-22,41,20259,568,Employed,High School,17,18108,36,Married,0,Rent,136,0.2317017133450665,1,1,0.5953974826711019,0,Auto,0,19,21,1989,1307,14108,23912,1688.25,0.765907108177502,9,10858,0.219108,0.19981823335657795,672.7904720280635,0.4790703225399458,0,60.0
2035-03-23,39,32698,555,Employed,Associate,16,12195,48,Married,2,Rent,348,0.42806719228093215,4,1,0.3770332654342046,0,Education,0,23,16,629,660,67773,16983,2724.8333333333335,0.7473996902340053,3,50790,0.229695,0.2213447193160593,385.1074569177059,0.2690467148759089,0,54.0
2035-03-24,36,20860,654,Employed,Doctorate,15,32986,48,Single,2,Mortgage,253,0.03373544166257812,0,0,0.31401485636986953,0,Auto,0,20,4,4042,1409,75387,16353,1738.3333333333333,0.6205742261198619,9,59034,0.20098600000000003,0.21089212043633696,1023.0178760099222,0.7340467167842314,0,50.0
2035-03-25,35,105369,501,Employed,High School,13,11667,48,Married,4,Rent,1426,0.5023034801826585,5,0,0.4529744964053166,0,Auto,0,20,26,852,845,19444,32677,8780.75,0.82865497336657,4,10553,0.256167,0.23029276254687658,374.13168251581806,0.20500887538260604,1,44.800000000000004
2035-03-26,21,71489,587,Unemployed,Master,0,21313,36,Married,0,Own,365,0.47498902062401305,3,0,0.2670334808179886,0,Other,1,19,12,187,1221,25914,11349,5957.416666666667,0.942311641148465,4,14565,0.212813,0.1982718632707699,790.1920226725728,0.19390821346040474,0,62.0
2035-03-27,43,15000,633,Employed,Bachelor,20,14578,12,Widowed,1,Rent,1367,0.23715682468493088,4,0,0.1887060480595716,0,Home,0,29,12,5436,357,69096,43391,1250.0,0.9088635016384374,2,25705,0.16307800000000003,0.17729311373326673,1334.6336533516098,2.1613069226812875,0,49.0
2035-03-28,44,52528,553,Employed,Master,25,30761,36,Married,3,Mortgage,636,0.44088639612329455,5,3,0.3096785184292573,1,Education,0,22,23,4194,2141,36956,7004,4377.333333333333,0.8639611291577779,5,29952,0.239261,0.23866470813681628,1204.686171330042,0.42050399893315005,0,67.0
2035-03-29,37,61421,604,Employed,High School,12,32240,72,Divorced,0,Rent,526,0.31943587294268716,2,0,0.7082348421539402,0,Education,0,19,7,2349,6242,138928,2979,5118.416666666667,0.8794189183958381,2,135949,0.24523999999999999,0.2847180886638837,938.3759252083864,0.2860993976408824,0,52.0
2035-03-30,50,26819,518,Unemployed,Bachelor,27,20113,36,Married,2,Own,172,0.1304419364252443,6,0,0.37096126918510924,0,Education,0,32,4,10248,1397,329637,1718,2234.9166666666665,0.7957318207863446,6,327919,0.246113,0.25216323708913335,801.9923225482369,0.43580699767250247,0,55.0
2035-03-31,30,43187,582,Employed,High School,5,17007,36,Married,0,Mortgage,430,0.10050101937641064,2,2,0.18897845339703967,0,Debt Consolidation,0,28,24,608,1244,20243,60726,3598.9166666666665,0.8816099861919263,2,2893,0.211007,0.20098444075342567,632.894454476859,0.2953373342376713,0,50.0
2035-04-01,49,80317,653,Employed,Bachelor,26,17307,48,Single,3,Own,322,0.08035262056145275,4,1,0.4717260181241783,0,Home,0,27,9,834,8383,105109,34352,6693.083333333333,0.9567983489276453,3,70757,0.185807,0.18540736394509633,513.2964009642777,0.12479994038088242,1,37.6
2035-04-02,45,35364,614,Employed,High School,26,59701,36,Married,2,Own,475,0.4989731591490235,6,1,0.2517153594446412,0,Education,0,21,6,4645,1599,68515,20663,2947.0,0.8533354092211691,6,47852,0.237701,0.21974602845751706,2279.2239252588674,0.9345856549911324,0,53.0
2035-04-03,54,88662,553,Employed,Master,34,12896,60,Single,4,Other,331,0.38351012684775015,6,2,0.12860044575749016,0,Home,0,19,26,8945,2605,48321,29190,7388.5,0.452961149472594,7,19131,0.241396,0.23283105772950438,365.6449817719986,0.09428774200067654,1,39.2
2035-04-04,21,44276,617,Employed,Bachelor,0,16120,24,Divorced,1,Own,443,0.3663518085950585,2,1,0.07816035289671432,0,Debt Consolidation,0,21,22,1006,407,140119,13453,3689.6666666666665,0.7291976435688436,7,126666,0.18262,0.1842289821759976,808.0742619146533,0.3390751455184714,0,44.0
2035-04-05,43,23852,578,Employed,Bachelor,22,15704,36,Single,0,Mortgage,592,0.1541272824249047,6,3,0.49857305212137426,0,Auto,0,22,24,6842,1720,184425,31898,1987.6666666666667,0.9621095442157545,4,152527,0.211704,0.24909636861689963,623.6380264626613,0.6115904879067556,0,53.0
2035-04-06,32,45698,575,Employed,Bachelor,12,22958,48,Divorced,0,Mortgage,586,0.14801303375487462,5,1,0.09308100892345231,0,Home,1,37,21,268,1376,50604,34086,3808.1666666666665,0.9260576586908957,5,16518,0.23045800000000002,0.23588151935175727,743.2553750083233,0.3490538863867102,0,56.0
2035-04-07,36,70577,608,Employed,Bachelor,14,12931,36,Single,5,Other,228,0.20194694514856387,1,5,0.040216374469792766,0,Home,0,37,8,8542,2801,243339,15052,5881.416666666667,0.8022399347282693,7,228287,0.193931,0.19520671991647495,477.4099811348284,0.1199387870498596,1,35.2
2035-04-08,35,79267,609,Employed,Doctorate,17,21108,36,Married,0,Mortgage,244,0.07163773788054746,0,2,0.527107605495323,0,Other,0,22,14,2378,1542,212076,19839,6605.583333333333,0.9567103428150472,3,192237,0.20160799999999998,0.16926451191773745,751.7853608454687,0.15074904222621804,1,40.0
2035-04-09,27,32128,506,Employed,High School,4,12409,24,Married,4,Mortgage,545,0.1966800709359244,1,0,0.4067163655216705,0,Auto,0,35,28,3074,2802,38413,93307,2677.3333333333335,0.8996614859048886,3,7072,0.23440899999999998,0.23794567920556514,654.8058044133741,0.44813463810260484,0,56.0
2035-04-10,46,138315,597,Employed,Associate,22,9957,36,Married,0,Rent,334,0.24305644908070376,5,2,0.44775847649859624,0,Home,0,26,5,2994,1035,18136,27209,11526.25,0.9551866526215629,5,1504,0.196457,0.18290900596692322,361.4240938561241,0.06033394155567717,1,44.800000000000004
2035-04-11,34,66904,643,Employed,Master,11,12265,24,Married,4,Mortgage,491,0.28654973939142525,3,2,0.08636376932477906,0,Home,0,22,13,1233,1409,33782,67757,5575.333333333333,0.8973724332905489,3,3934,0.165765,0.17370285254502732,608.5938252879146,0.19722476837640462,1,37.6
2035-04-12,48,43780,566,Employed,High School,22,9929,108,Single,1,Other,379,0.42594272593334237,5,1,0.6147866406933147,0,Education,0,19,23,9055,5747,36372,18516,3648.3333333333335,0.9579882174110921,6,17856,0.271929,0.2834587759789881,255.0279364303873,0.1737856381261911,0,60.0
2035-04-13,33,157259,594,Self-Employed,Bachelor,12,13477,36,Single,1,Mortgage,217,0.28688390818755427,2,0,0.7175380663571651,0,Education,0,26,8,2770,403,40203,36031,13104.916666666666,0.8513137306946137,2,4172,0.201477,0.20868492277755274,506.837355804494,0.055234029655879334,1,48.0
2035-04-14,47,56997,507,Employed,Bachelor,23,29540,96,Single,1,Own,176,0.13949692250263845,4,2,0.2917560248148788,0,Auto,1,24,8,17523,326,80452,29731,4749.75,0.9498954261107799,8,50721,0.31104000000000004,0.267841103953025,749.3571346981671,0.19482228216183317,0,56.0
2035-04-15,55,37370,617,Employed,Bachelor,31,20526,12,Divorced,2,Mortgage,202,0.06707771402889036,4,1,0.17427369848712015,0,Education,0,22,4,2724,865,20656,2772,3114.1666666666665,0.5508881164608352,5,17884,0.17702600000000002,0.1759420313509398,1877.861740239429,0.6678710431595706,0,50.0
2035-04-16,40,42029,608,Employed,Master,19,12656,48,Single,2,Mortgage,631,0.23890078427965447,3,0,0.13820918205325847,0,Debt Consolidation,0,25,7,2203,3730,63020,14334,3502.4166666666665,0.7540654994049778,1,48686,0.203656,0.18938320226984928,378.0040965838866,0.28808796685637633,0,49.0
2035-04-17,30,30774,495,Employed,Associate,8,15960,48,Married,1,Mortgage,484,0.2854961979787522,1,2,0.2001769965875655,0,Other,0,28,25,23208,1353,64627,3802,2564.5,0.9575758625964825,11,60825,0.26345999999999997,0.2489288449683742,528.2347170551358,0.3947103595457734,0,51.0
2035-04-18,29,119447,557,Self-Employed,Bachelor,10,56199,36,Single,3,Rent,302,0.4581500637415421,4,2,0.15967689009186314,0,Education,0,29,25,3241,921,94860,9772,9953.916666666666,0.9078880315248277,6,85088,0.262699,0.28105907114046974,2327.808971394751,0.2641984114857386,0,51.0
2035-04-19,45,26349,601,Employed,Master,22,12444,48,Married,1,Mortgage,313,0.5325854543647726,6,1,0.19337286105253568,0,Auto,0,23,9,12725,423,61629,20692,2195.75,0.720121972974851,8,40937,0.20694400000000002,0.24833280000000002,411.45102010490643,0.3299332893566692,0,51.0
2035-04-20,18,52163,526,Employed,Master,0,14000,72,Married,5,Own,266,0.23538901683241012,4,0,0.5166130958803664,0,Education,0,19,20,4442,357,119848,7456,4346.916666666667,0.8251027076455768,9,112392,0.266,0.2619189244643259,387.42391850081196,0.1503189429674241,0,54.0
2035-04-21,28,127129,525,Self-Employed,Bachelor,2,35553,120,Single,3,Rent,324,0.12517125492296352,5,2,0.23412420707177403,0,Home,0,24,26,7085,2302,29352,24217,10594.083333333334,0.965855567951346,4,5135,0.32805300000000004,0.30758368227822314,957.2158655697856,0.1209369253816,0,52.0
2035-04-22,27,213335,607,Self-Employed,Bachelor,3,37799,60,Married,0,Mortgage,285,0.190223125228572,1,0,0.16110495922496088,0,Home,0,17,5,2884,3400,163477,31359,17777.916666666668,0.8439814419788236,6,132118,0.23929899999999998,0.22546827879882755,1055.7531604736514,0.07541677608307974,1,36.0
2035-04-23,35,60772,618,Employed,Associate,13,24162,84,Married,1,Rent,553,0.029366725647177974,3,0,0.29574617190900265,0,Debt Consolidation,0,20,5,2700,1233,202214,19619,5064.333333333333,0.8491418411105964,6,182595,0.24016200000000001,0.24316094742673983,601.0544303537505,0.2278788449326171,0,46.0
2035-04-24,32,18444,571,Employed,High School,8,40429,96,Married,0,Mortgage,463,0.3157477127313065,3,1,0.3031434315630317,0,Home,0,29,29,29602,745,73325,5859,1537.0,0.45439434905847065,10,67466,0.289929,0.2463911350505906,967.618974506144,0.9307865806806402,0,54.0
2035-04-25,44,42822,513,Employed,Associate,20,33223,72,Single,1,Own,686,0.3098048556141871,7,2,0.35955896957067746,0,Auto,0,22,11,4620,376,43616,7905,3568.5,0.7955146195477822,4,35711,0.291723,0.275295694091712,947.183720434893,0.4576667284390901,0,55.0
2035-04-26,43,32961,583,Unemployed,Bachelor,18,14034,36,Single,0,Rent,261,0.10376849171158953,4,0,0.3453946754747859,0,Other,0,25,26,1107,2751,20095,3629,2746.75,0.8255836716772805,6,16466,0.207534,0.2149947769532239,532.3377515863153,0.2888277970642815,0,57.0
2035-04-27,43,148191,519,Employed,Bachelor,18,27538,36,Single,2,Mortgage,311,0.4094867800603355,2,0,0.15187038899628974,1,Home,0,20,1,20044,2646,66117,25580,12349.25,0.9532454581514302,5,40537,0.253038,0.2522968987011835,1098.2541794564927,0.11411658031511976,1,52.0
2035-04-28,29,16357,487,Employed,Associate,7,12608,60,Married,3,Rent,514,0.13415311829035276,3,0,0.07807110550659757,0,Debt Consolidation,0,32,20,12328,1883,162951,3918,1363.0833333333333,0.8958999609014628,4,159033,0.274108,0.26905164026407646,384.2750769518451,0.6590023184827378,0,47.0
2035-04-29,49,36745,646,Employed,Doctorate,25,46687,48,Married,3,Mortgage,650,0.4456362218618802,2,3,0.6342796900853381,0,Home,0,22,22,1822,647,182395,33318,3062.0833333333335,0.793225567641193,10,149077,0.21868700000000002,0.20238858864936862,1426.6506147415832,0.6781822663464143,0,53.0
2035-04-30,31,15000,538,Employed,High School,7,37601,60,Single,0,Mortgage,210,0.13537193194810268,1,2,0.3968423507028188,0,Auto,1,27,16,3124,695,48742,11389,1250.0,0.9347014233679811,6,37353,0.273601,0.267538741714375,1142.6339173609829,1.0821071338887862,0,61.0
2035-05-01,33,50600,486,Unemployed,Bachelor,10,38963,36,Married,0,Other,422,0.3915565837064938,5,2,0.37882791928276033,0,Other,0,26,28,15316,4291,42461,39529,4216.666666666667,0.7155587234994334,5,2932,0.28096299999999996,0.22477039999999998,1497.6473990643806,0.4552523476042009,0,57.0
2035-05-02,62,27463,528,Employed,Bachelor,38,55416,36,Divorced,2,Rent,410,0.12902714983686525,5,0,0.1906549392622116,0,Education,0,16,14,3430,798,146173,47924,2288.5833333333335,0.8462616384116786,7,98249,0.276416,0.26674117402521746,2252.6927623181878,1.1634676891751903,0,49.0
2035-05-03,47,36697,547,Employed,Associate,26,11042,36,Married,0,Own,314,0.2682727133153505,8,2,0.6707398901173695,0,Other,1,23,23,876,1900,17949,70164,3058.0833333333335,0.9696437243210723,2,6464,0.222542,0.22523717515459393,424.69652223117834,0.24155539326849984,0,65.0
2035-05-04,32,23764,532,Employed,High School,8,24337,60,Single,1,Rent,531,0.1832322574184315,4,1,0.6036146504164315,1,Home,0,19,4,9944,409,109483,9374,1980.3333333333333,0.7631225790695523,6,100109,0.263337,0.23191288626698275,688.7488392623079,0.6159310752039933,0,70.0
2035-05-05,29,22940,607,Employed,Bachelor,6,70993,36,Single,1,Mortgage,709,0.7104096076100349,2,0,0.3763738535102941,0,Home,0,21,27,13568,940,16565,114916,1911.6666666666667,0.7269284431647846,2,1596,0.25249299999999997,0.222293178489314,2719.6842059708347,1.7935575619725377,0,55.0
2035-05-06,49,44152,604,Employed,High School,25,28747,24,Single,0,Rent,273,0.39626687572613445,3,1,0.07283827213256663,0,Other,0,27,17,1649,3554,59841,12399,3679.3333333333335,0.8129458014317102,3,47442,0.20174699999999998,0.24209639999999996,1522.8949827087513,0.4881033654761962,0,48.0
2035-05-07,38,68654,611,Employed,Bachelor,16,13707,60,Married,3,Rent,466,0.33266513961491256,2,1,0.24421869850713038,0,Auto,0,28,25,9822,518,17395,15900,5721.166666666667,0.9829363161505783,3,1495,0.21320699999999998,0.20288910604397717,365.35863425734885,0.1453127801888919,1,39.2
2035-05-08,56,26913,633,Employed,High School,31,25192,48,Married,0,Own,175,0.28412749068537835,2,0,0.20574844942848997,0,Debt Consolidation,0,19,9,17109,1554,34408,79111,2242.75,0.8598457889829947,7,2308,0.203692,0.18805543918575485,750.6612181940109,0.41273490946115743,0,52.0
2035-05-09,36,15674,556,Employed,High School,11,26195,72,Single,1,Own,223,0.14343556432346885,3,0,0.15116412675957652,0,Education,0,19,1,3854,232,49988,33646,1306.1666666666667,0.9197618037175959,4,16342,0.26319499999999996,0.2400844334517964,689.7656006068697,0.6988125052496131,0,55.0
2035-05-10,64,31806,563,Employed,Bachelor,43,15163,48,Widowed,3,Mortgage,281,0.2116615815324381,1,1,0.10776099799387062,0,Auto,0,17,29,1311,705,55575,16162,2650.5,0.8924736379685154,8,39413,0.228663,0.260966995058403,512.0807927775608,0.2992193143850446,0,51.0
2035-05-11,71,80957,643,Employed,Associate,47,13206,60,Married,0,Other,1104,0.6519460460358937,5,2,0.707401651339524,0,Home,0,23,13,3516,5566,262253,117841,6746.416666666667,0.91198483736853,4,144412,0.196706,0.17075351521719623,328.7384091817044,0.212370281880263,1,41.6
2035-05-12,44,46474,579,Employed,High School,23,45610,72,Divorced,2,Rent,501,0.052041407852022194,4,2,0.4799179534896985,1,Debt Consolidation,1,14,6,2219,1174,35561,7499,3872.8333333333335,0.9029581248078107,7,28062,0.27111,0.2839910661560326,1325.4159570827098,0.471596838769904,0,76.0
2035-05-13,37,53493,588,Self-Employed,Bachelor,17,25364,60,Married,4,Own,901,0.3324125467524492,2,0,0.10302812420113863,0,Education,0,20,6,6312,4143,41766,54858,4457.75,0.8568870707409373,7,5011,0.23636400000000002,0.18909120000000001,656.688444962533,0.34943378272952347,0,55.0
2035-05-14,31,49048,578,Employed,Bachelor,11,17190,60,Married,2,Rent,228,0.3000040612285061,6,1,0.35038367623914035,0,Other,0,23,7,3568,640,49031,41034,4087.3333333333335,0.6460997958044766,6,7997,0.23319,0.21592738534900138,470.79723460795225,0.17096653921251484,0,56.0
2035-05-15,36,51858,579,Employed,High School,11,19245,60,Divorced,3,Rent,430,0.24500046505410902,2,0,0.36003506326545337,0,Auto,0,28,28,1511,1643,99698,10069,4321.5,0.7535030835592462,2,89629,0.23474500000000004,0.23534569254451285,548.4526357005315,0.22641504933484471,0,52.0
2035-05-16,53,60086,561,Employed,High School,31,29353,48,Married,2,Rent,313,0.17795302535579713,5,1,0.0692558252446205,0,Debt Consolidation,0,23,11,2745,455,61554,44032,5007.166666666667,0.7436603539280846,4,17522,0.243853,0.22392701022802908,931.0671568794723,0.24845730923266096,0,49.0
2035-05-17,36,144612,549,Employed,Associate,18,49782,36,Single,0,Own,415,0.5074026087262175,1,1,0.2103099409317009,0,Home,0,23,13,1595,980,7847,32910,12051.0,0.6634062516330761,8,3710,0.260282,0.2556578469886056,1994.250658849883,0.19992122303957205,1,40.800000000000004
2035-05-18,37,30294,492,Employed,Associate,16,18204,96,Married,1,Rent,542,0.12983494820700703,2,1,0.14400110572642238,0,Home,0,27,14,907,733,180921,71049,2524.5,0.7735353135651986,5,109872,0.307204,0.3217119281187579,529.831218116494,0.424571684736183,0,46.0
2035-05-19,53,40373,605,Employed,Bachelor,28,29854,60,Married,0,Mortgage,467,0.43583553032693356,4,3,0.08748902331244875,0,Debt Consolidation,0,27,1,603,1367,70063,7674,3364.4166666666665,0.6649598241119389,6,62389,0.232354,0.2620399789463324,897.45177556947,0.40555374400796673,0,51.0
2035-05-20,61,170063,647,Employed,Doctorate,39,22348,36,Single,0,Rent,662,0.16331437605052712,2,1,0.09119915583360443,0,Auto,0,22,7,3159,321,57292,13104,14171.916666666666,0.7203471651630896,7,44188,0.183848,0.18264621739480028,810.9034659786774,0.10393114076397647,1,36.0
2035-05-21,20,108360,556,Employed,Bachelor,1,20032,36,Married,0,Mortgage,246,0.2908942373822964,2,0,0.6388382301752974,0,Home,0,21,2,537,1821,69492,9122,9030.0,0.8795920523286829,9,60370,0.22703199999999998,0.2498350148591135,796.2940464867512,0.1154256972853545,1,47.2
2035-05-22,23,210684,500,Employed,Bachelor,1,30335,96,Married,2,Mortgage,332,0.31491274264942853,2,0,0.08332417049746192,0,Auto,0,20,17,1826,1435,68588,118752,17557.0,0.5420192350912082,5,4708,0.315335,0.28245278060525375,799.7138363665649,0.06445940857587087,1,38.400000000000006
2035-05-23,61,118242,673,Unemployed,Bachelor,42,10053,12,Married,3,Own,759,0.33057406091806285,1,4,0.06645600439306952,0,Home,1,19,28,4063,516,12096,44185,9853.5,0.7573004632581503,6,3170,0.138553,0.14331920956072736,904.200669692487,0.16879288270081566,1,41.6
2035-05-24,38,15400,603,Employed,High School,17,34826,48,Married,1,Rent,336,0.40245762885676595,2,0,0.135763980745462,0,Debt Consolidation,1,29,13,539,1736,18015,33115,1283.3333333333333,0.6878770591500978,7,5738,0.228326,0.21839867900126367,1094.2053099605794,1.1144456960731788,0,56.0
2035-05-25,28,52847,624,Employed,Bachelor,6,5945,36,Married,5,Mortgage,455,0.20667316871175676,4,1,0.12908676260149868,0,Home,0,22,23,960,1594,13567,24653,4403.916666666667,0.856326656742312,4,10322,0.17894500000000002,0.18185986888396746,215.48106763337128,0.15224653833898716,1,37.6
2035-05-26,39,72547,571,Employed,High School,14,40429,60,Single,0,Mortgage,400,0.17317962543243495,1,2,0.38734777687102256,0,Auto,1,15,22,4007,1087,140474,17508,6045.583333333333,0.7685711491225654,1,122966,0.259929,0.23522016670578186,1151.870604348346,0.2566949322808683,0,55.0
2035-05-27,52,53775,630,Self-Employed,Master,26,11643,48,Single,5,Mortgage,240,0.1667143179625404,4,3,0.2913678608295467,0,Education,0,23,12,1845,1126,62995,14443,4481.25,0.8342175267521903,5,48552,0.19164300000000004,0.20321066635829943,356.2954417074409,0.13306453371435223,1,40.800000000000004
2035-05-28,35,51428,579,Employed,Doctorate,13,13032,12,Married,2,Rent,283,0.3054300263460031,2,1,0.06250160069598537,0,Auto,0,27,28,401,1687,23946,42004,4285.666666666667,0.8287464701854723,1,10598,0.188532,0.17457589519891425,1191.4121596759885,0.34403332651691415,1,40.0
2035-05-29,48,51634,619,Employed,Bachelor,29,19168,60,Divorced,3,Mortgage,444,0.3819880617069714,2,1,0.23121706750261917,0,Auto,1,26,14,1410,1516,25509,18234,4302.833333333333,0.8832245524097644,11,7275,0.21466800000000003,0.1790768561958714,485.7791346018393,0.21608532391877586,0,55.0
2035-05-30,40,100460,586,Unemployed,Associate,17,45551,60,Married,1,Mortgage,183,0.46812693857634136,7,1,0.249181445497652,0,Auto,1,18,18,8337,319,13985,83255,8371.666666666666,0.8710225071426017,4,5766,0.25755100000000003,0.26546555228993024,1378.5959675928314,0.18653346218508837,0,61.0
2035-05-31,42,22603,528,Employed,High School,18,31415,36,Single,2,Rent,147,0.0627116643464886,3,0,0.42624321823868233,0,Education,0,18,28,644,791,37996,95722,1883.5833333333333,0.7783357724792891,1,9283,0.252415,0.2783740711714281,1296.6791266892617,0.7664535468863045,0,57.0
2035-06-01,55,51639,449,Employed,High School,32,17278,48,Married,2,Rent,688,0.557267637076673,0,0,0.6330114508660167,0,Home,0,17,15,2214,1687,680064,14293,4303.25,0.9370103015432824,3,665771,0.287778,0.3051838186461036,627.331638106609,0.30566005649372197,1,40.800000000000004
2035-06-02,47,70669,559,Employed,Bachelor,25,12894,120,Married,1,Mortgage,396,0.17088828920705962,4,1,0.23376670191590676,0,Auto,0,27,9,3942,1666,24826,155413,5889.083333333333,0.6922825348230124,2,9689,0.288394,0.24361292424378192,287.5432019617508,0.11606954143317452,1,41.6
2035-06-03,33,95093,503,Employed,Bachelor,12,21685,24,Divorced,3,Own,355,0.20186563298538637,4,1,0.4443984747251403,0,Debt Consolidation,0,24,4,3416,1650,190303,966,7924.416666666667,0.9205079602412071,3,189337,0.245185,0.23319604024485535,1139.158923796361,0.18855128227689033,1,43.2
2035-06-04,39,29393,510,Self-Employed,Associate,15,12332,72,Single,3,Rent,674,0.3675429098387612,4,1,0.6709082097815782,0,Auto,0,25,6,2220,1071,8774,12982,2449.4166666666665,0.6544936248119131,7,6820,0.272332,0.2950328917497757,367.05804376729645,0.42502284643308136,0,65.0
2035-06-05,37,18126,601,Employed,Associate,14,24046,48,Single,1,Other,407,0.3529348128704978,6,2,0.40293874180994776,0,Home,0,19,4,2250,3576,31298,16293,1510.5,0.9097117475573704,5,15005,0.21854600000000002,0.22519976009525874,764.3994160495043,0.7755044131410158,0,58.0
2035-06-06,62,93696,647,Unemployed,High School,39,21363,24,Married,2,Other,279,0.08654978317608811,6,0,0.2427872004972858,0,Other,0,21,19,1775,1897,129645,9930,7808.0,0.6235872013490512,5,119715,0.172863,0.1824803090040057,1069.090555535122,0.1726550404117728,1,36.800000000000004
2035-06-07,37,32622,545,Self-Employed,Associate,12,10853,72,Single,3,Mortgage,380,0.17702843456384407,3,1,0.6732511759042337,0,Debt Consolidation,0,21,21,1735,599,132739,33858,2718.5,0.9229749651385573,4,98881,0.253353,0.25009477689734383,292.412304399905,0.2473468105204727,0,59.0
2035-06-08,33,23514,545,Employed,Bachelor,13,18323,48,Married,1,Mortgage,491,0.47040265330510145,4,2,0.5997738789858466,0,Home,0,20,7,2033,299,45139,19363,1959.5,0.5914519487638118,2,25776,0.240823,0.2639345726920396,621.8650874120716,0.5679331908201438,0,62.0
2035-06-09,38,23822,592,Employed,Associate,13,12898,72,Married,2,Mortgage,293,0.4868911302813043,0,1,0.38267736522062273,0,Education,0,33,3,2500,937,61577,48142,1985.1666666666667,0.8667551444451027,6,13435,0.231898,0.18846488667444197,300.38045144544554,0.298907120197521,0,60.0
2035-06-10,35,36892,558,Employed,Bachelor,14,16368,36,Single,0,Mortgage,393,0.19330543337753264,2,0,0.027982616501125775,0,Home,0,27,10,8838,979,36440,9718,3074.3333333333335,0.6532498764563981,4,26722,0.22236799999999998,0.22073008445534673,625.7197179245234,0.3313628053533091,0,50.0
2035-06-11,31,63837,500,Employed,High School,10,18567,48,Married,0,Own,494,0.2172405277409388,2,1,0.58202506344169,0,Home,0,22,4,9317,529,235671,26781,5319.75,0.7580649540680792,7,208890,0.263567,0.26942126566544033,635.9104094218773,0.2123991558667,0,57.0
2035-06-12,33,74279,648,Employed,Bachelor,13,31665,12,Divorced,4,Mortgage,400,0.10721657846720949,4,1,0.34649178723910745,0,Auto,1,25,6,698,2093,62864,27759,6189.916666666667,0.8126669148959751,7,35105,0.172665,0.1511649953233543,2859.7704608416807,0.5266259040926798,0,58.0
2035-06-13,43,26784,556,Employed,Bachelor,23,21998,96,Divorced,2,Rent,1826,0.46238612166349335,3,3,0.20132215589959399,0,Home,0,31,13,3143,145,249293,7095,2232.0,0.7551923415876848,8,242198,0.27899799999999997,0.2645755575752928,553.1867214917144,1.0659438716360727,0,51.0
2035-06-14,27,108873,530,Employed,High School,4,6339,36,Single,0,Mortgage,327,0.13889448502232865,1,2,0.39021491356920307,0,Education,1,30,1,4599,468,160111,7552,9072.75,0.7354367262138514,1,152559,0.226339,0.21105237941523014,239.16490503329288,0.062402789124939274,1,46.400000000000006
2035-06-15,33,94980,551,Employed,Master,9,30113,96,Married,3,Rent,678,0.3272996395625846,6,1,0.2588188592009568,0,Debt Consolidation,0,20,26,3872,2145,97787,8534,7915.0,0.7475244012453812,5,89253,0.289613,0.2819030851783746,792.7260003574145,0.18581503478931327,1,39.2
2035-06-16,43,28982,610,Self-Employed,Associate,22,26789,48,Married,2,Mortgage,538,0.27067550799135554,3,1,0.20090908318139103,0,Debt Consolidation,0,20,21,2002,768,86853,60691,2415.1666666666665,0.894843353251341,3,26162,0.216789,0.19956134150367144,814.5730091511961,0.5600329897803585,0,54.0
2035-06-17,31,179117,647,Employed,Bachelor,8,10251,108,Single,3,Own,510,0.6164876231684516,5,0,0.17368684500074769,0,Education,0,28,19,7639,462,169080,99117,14926.416666666666,0.6631444765023429,5,69963,0.231751,0.2781012,259.41534730535716,0.0515472242593628,1,36.0
2035-06-18,43,80445,574,Employed,Associate,21,12802,48,Married,3,Own,260,0.14267134317685898,3,2,0.4408120701199689,1,Other,0,26,12,2364,5215,91605,46166,6703.75,0.6432335720551435,3,45439,0.22080200000000003,0.23004562422430633,410.3549403482944,0.09999700769692998,0,66.0
2035-06-19,32,24102,542,Employed,High School,8,33350,12,Divorced,3,Other,909,0.34934606684908215,1,0,0.44524249684174577,0,Debt Consolidation,0,22,15,3939,7187,75424,46723,2008.5,0.8852355023017169,4,28701,0.22735,0.21555039284926267,3114.235133447143,2.0031043731377363,0,58.0
2035-06-20,43,78492,591,Unemployed,Associate,22,33411,60,Married,0,Rent,412,0.34822098699024373,1,1,0.5989386863033723,0,Home,0,21,12,923,169,122746,8575,6541.0,0.7954380687911494,3,114171,0.242911,0.29149319999999995,1063.5669257633724,0.22558736061204288,0,57.0
2035-06-21,26,29139,573,Employed,High School,3,17857,60,Single,2,Mortgage,386,0.4176258282321803,3,0,0.3074457822771155,0,Auto,0,21,26,23110,2555,31327,79926,2428.25,0.92822402041869,5,1053,0.23635700000000004,0.23542391518286432,508.9774874345548,0.36856892306581074,0,57.0
2035-06-22,66,123811,550,Employed,High School,46,30879,108,Married,0,Mortgage,366,0.34257560686743854,4,0,0.19168946142690835,0,Home,0,21,24,489,924,42240,13487,10317.583333333334,0.9846255257903272,7,28753,0.300879,0.3165645399354055,866.665266199774,0.11947228593903036,0,48.0
2035-06-23,48,27148,514,Employed,Bachelor,26,36796,24,Married,1,Mortgage,260,0.34454734012369254,2,1,0.33188656809636713,0,Auto,0,17,5,6070,151,39990,8102,2262.3333333333335,0.6317512373759634,9,31888,0.254796,0.29443837333990897,2046.8487467803984,1.0196767703464262,0,58.0
2035-06-24,33,15000,592,Employed,High School,14,48494,36,Single,0,Rent,648,0.39697964990896645,5,3,0.21828511214489793,0,Debt Consolidation,0,24,16,2138,489,33699,2505,1250.0,0.711004876888502,10,31194,0.237494,0.25833036478209465,1949.5428089893473,2.078034247191478,0,54.0
2035-06-25,26,36302,588,Unemployed,Associate,4,7745,24,Single,3,Other,461,0.2494309754291678,3,1,0.23421880035758758,0,Home,0,30,24,7008,429,250654,6739,3025.1666666666665,0.5354226702624445,3,243915,0.188745,0.17671872593224847,385.43536420793015,0.27979792767602785,1,41.6
2035-06-26,40,55466,600,Employed,Master,16,28370,60,Divorced,2,Other,1038,0.06369974542483778,1,0,0.2759358212848574,0,Debt Consolidation,0,32,10,6194,1947,62484,21078,4622.166666666667,0.8097057765776325,3,41406,0.23337000000000002,0.25104022250430535,834.428063313569,0.40509747881157515,0,48.0
2035-06-27,57,138267,639,Self-Employed,Bachelor,34,6595,60,Married,1,Own,640,0.037870601472819156,3,1,0.22559465511772436,0,Debt Consolidation,0,22,12,8645,2582,96850,2156,11522.25,0.7265238057153699,6,94694,0.19209500000000002,0.22063273978793876,182.38406270122817,0.0713735652933436,1,37.6
2035-06-28,23,35486,575,Employed,Bachelor,2,13868,12,Widowed,3,Mortgage,107,0.2668386023463039,4,1,0.2440911155487392,0,Home,0,18,8,10076,5841,52082,108767,2957.1666666666665,0.8183468083318288,5,9048,0.191368,0.21984583705591856,1297.8639659502069,0.4750709460463981,0,54.0
2035-06-29,67,18530,545,Employed,High School,44,13078,24,Married,1,Rent,434,0.20533362058468327,1,1,0.5363830573317555,0,Auto,0,27,5,2444,3125,39450,58123,1544.1666666666667,0.896522937619402,8,10947,0.215578,0.21261167482701712,673.7003669908277,0.7173450838580643,0,62.0
2035-06-30,55,35075,660,Employed,Doctorate,35,21469,60,Divorced,1,Rent,1112,0.16151329374178858,1,1,0.6781429276265691,0,Other,0,27,19,1968,1225,5779,35379,2922.9166666666665,0.718015714689998,6,10317,0.196469,0.17776245473788602,542.5616167239866,0.5660652715805514,0,52.0
2035-07-01,63,38788,622,Employed,High School,37,28313,60,Widowed,1,Rent,184,0.20378684788527893,1,0,0.22063400231850483,0,Debt Consolidation,0,24,2,5935,1346,31861,29373,3232.3333333333335,0.6587479712038963,3,2488,0.22231300000000004,0.20417869779787068,756.7195258903971,0.29103419384048584,0,54.0
2035-07-02,49,25861,550,Employed,Associate,23,14212,24,Married,1,Rent,402,0.5051130629678159,1,1,0.6340071837654259,0,Debt Consolidation,0,18,17,6162,796,21420,25370,2155.0833333333335,0.8390987506827727,7,10688,0.21421199999999999,0.18866946548395794,715.4888799386371,0.5185362731241501,0,61.0
2035-07-03,66,28809,607,Employed,Bachelor,44,19705,60,Married,0,Mortgage,553,0.1979178552667287,4,0,0.353751033244421,0,Other,1,23,11,3350,710,47996,132785,2400.75,0.7566676052956282,6,8560,0.22120499999999998,0.25542808907155,584.655302681732,0.47387495686003617,0,58.0
2035-07-04,33,92395,552,Employed,Associate,8,16308,48,Single,0,Mortgage,206,0.18388299601496882,4,2,0.29634222771913726,0,Auto,0,23,29,748,1764,233344,90621,7699.583333333333,0.9178411576392248,4,142723,0.235308,0.2196640114668888,513.5036949943308,0.09344709497193539,1,36.800000000000004
2035-07-05,65,30043,663,Employed,High School,41,22489,36,Married,0,Other,652,0.2947487116584157,2,1,0.3537322912393378,0,Debt Consolidation,0,25,11,1690,836,10693,38792,2503.5833333333335,0.7978752603864245,4,2570,0.175989,0.1836423215354776,817.1462391139492,0.5868173907188826,0,49.0
2035-07-06,35,38916,511,Employed,Doctorate,10,32187,24,Married,2,Mortgage,279,0.11678167215126557,3,0,0.1986591367637476,0,Debt Consolidation,0,28,6,5761,2367,33692,11441,3243.0,0.9227188657771996,4,22251,0.251687,0.23855118312294746,1699.4354004642626,0.6100633365600563,0,52.0
2035-07-07,43,63294,564,Employed,High School,20,28710,36,Married,2,Own,500,0.27490947845542063,1,2,0.28875050193290125,0,Education,0,30,22,4394,1579,90154,13032,5274.5,0.9169721809999832,6,77122,0.23171,0.23445675032686228,1118.0360763078897,0.3067657742549796,0,50.0
2035-07-08,36,15000,552,Employed,High School,13,24404,36,Divorced,1,Rent,610,0.6261161076870517,4,2,0.5056430171990031,0,Debt Consolidation,0,22,11,2585,956,6746,70376,1250.0,0.9127051558803162,4,9926,0.233404,0.28008479999999997,1009.5488001887686,1.295639040151015,0,62.0
2035-07-09,45,51467,540,Employed,Associate,25,17823,36,Married,0,Mortgage,486,0.06282790255456398,3,3,0.4192903795643652,0,Home,0,25,12,2186,714,62646,23018,4288.916666666667,0.933815648588609,3,39628,0.232823,0.2714412463013003,729.0066006965782,0.28328985968404874,0,55.0
2035-07-10,36,26078,594,Employed,Bachelor,14,16128,84,Married,0,Own,981,0.568205572934961,1,3,0.2938401461258608,0,Debt Consolidation,1,33,4,5468,346,48685,5342,2173.1666666666665,0.8052575328844352,9,43343,0.244128,0.2910948089674755,451.52943090543096,0.6591898600684551,0,64.0
2035-07-11,35,30925,594,Employed,Bachelor,10,28431,60,Single,0,Other,260,0.1677180205894836,8,0,0.4882471775951335,0,Auto,0,26,9,3628,928,123925,3158,2577.0833333333335,0.9431428295637784,4,120767,0.236431,0.2384685395042222,815.3767081476966,0.4172844138325743,0,53.0
2035-07-12,49,40858,543,Unemployed,High School,27,34488,24,Married,3,Mortgage,286,0.21091618893301287,2,1,0.1915402567944364,0,Education,0,22,18,2389,497,165701,18063,3404.8333333333335,0.9548343988342248,4,147638,0.23798799999999998,0.2364455043794034,1817.3056947072143,0.6177411605190312,0,50.0
2035-07-13,37,60429,626,Employed,Bachelor,14,28141,12,Single,0,Mortgage,301,0.16342060653145346,5,0,0.18235489485568743,0,Home,1,20,2,1167,1925,177348,34080,5035.75,0.9642861284723402,9,143268,0.18014100000000002,0.21153384353491786,2622.3867461996874,0.5805265841631708,0,52.0
2035-07-14,18,27841,499,Employed,Bachelor,0,26978,72,Divorced,2,Own,317,0.21312452979975374,3,1,0.1268786764049807,0,Auto,0,21,10,9532,513,10045,31697,2320.0833333333335,0.8410392877918824,6,4168,0.292478,0.25989218714884166,743.172349091459,0.4569544265327218,0,52.0
2035-07-15,44,75279,547,Employed,Bachelor,22,33003,48,Married,0,Mortgage,273,0.07748722143407642,4,0,0.2598138576953999,0,Auto,0,21,10,5787,3088,18776,4067,6273.25,0.5923834636176875,6,14709,0.254503,0.28774404974000073,1164.8964710483224,0.22921077129850115,0,51.0
2035-07-16,27,24049,596,Employed,High School,9,42228,48,Married,2,Own,261,0.19611863501130328,3,0,0.11432450836755183,0,Other,0,25,23,1872,645,24476,58444,2004.0833333333333,0.8158337871572858,2,7852,0.23922800000000002,0.24110505062874643,1379.2913371225843,0.8184746162198433,0,51.0
2035-07-17,43,15850,563,Employed,Bachelor,19,11522,24,Married,5,Rent,222,0.38091336198399184,2,1,0.05294920987244604,0,Home,0,25,13,11515,548,38218,74601,1320.8333333333333,0.7168402742666228,6,5192,0.20502199999999998,0.21188898852061336,593.135059791229,0.6171369537851576,0,52.0
2035-07-18,52,61566,591,Employed,Master,33,27851,24,Married,0,Mortgage,549,0.46390437425260356,2,0,0.4117599424146951,0,Debt Consolidation,0,24,7,6903,1252,130997,26728,5130.5,0.7267170990347616,8,104269,0.20735099999999998,0.21742889359031806,1441.324719286935,0.38793971723748855,0,54.0
2035-07-19,55,41378,603,Self-Employed,High School,30,44812,48,Divorced,1,Mortgage,227,0.36595130463126674,4,2,0.08390548864084066,0,Auto,0,20,1,331,867,79927,25674,3448.1666666666665,0.7097293545520543,5,54253,0.238312,0.2193671592603406,1410.3112215576684,0.4748352907025961,0,53.0
2035-07-20,27,47231,606,Employed,Bachelor,8,18096,48,Married,2,Rent,396,0.25352160002172,5,1,0.5519743178926488,0,Debt Consolidation,1,18,12,2045,66,94748,20376,3935.9166666666665,0.9290986593670917,3,74372,0.210096,0.21043773681539046,560.781361239191,0.24308984215600543,0,60.0
2035-07-21,26,86024,521,Employed,Bachelor,3,39585,72,Married,3,Own,317,0.2148439734442285,2,0,0.36173231869110545,0,Debt Consolidation,0,26,15,922,1063,23205,23197,7168.666666666667,0.7949170158659148,7,7873,0.29408500000000004,0.2855707177974931,1154.3049320182183,0.20524108602504673,0,53.0
2035-07-22,59,30514,541,Employed,High School,40,16094,60,Widowed,0,Rent,375,0.5656657662485837,8,1,0.14853253408827502,0,Auto,1,19,18,3106,371,128996,4455,2542.8333333333335,0.876805045310636,2,124541,0.250594,0.21848879839899205,443.1170463683596,0.321734435223842,0,54.0
2035-07-23,34,22834,609,Employed,High School,9,12778,72,Married,2,Mortgage,207,0.22590920065969017,2,1,0.06374827890635612,0,Debt Consolidation,0,19,8,137,2259,45240,39924,1902.8333333333333,0.8797118098902867,6,5316,0.223278,0.22393300554474405,324.0514792968515,0.27908459978813255,0,50.0
2035-07-24,38,46150,561,Employed,Associate,12,21616,36,Divorced,1,Other,521,0.2801912974864777,3,0,0.25175203569394766,0,Home,0,23,20,3202,290,56828,22765,3845.8333333333335,0.8533710414754694,4,34063,0.22611599999999998,0.22713600946497683,833.526102268148,0.35220613710114357,0,53.0
2035-07-25,29,97581,501,Employed,Associate,2,36902,24,Divorced,2,Mortgage,383,0.08955866661035382,2,3,0.40107716785302217,0,Home,0,32,3,1586,1035,184830,57010,8131.75,0.8467888956917561,9,127820,0.26140199999999997,0.21009825216884642,1896.411382638644,0.28031006642341977,1,42.400000000000006
2035-07-26,27,79770,495,Employed,Bachelor,9,45828,24,Single,1,Mortgage,371,0.0966239621495297,2,1,0.27743242830320086,0,Home,0,25,18,5566,3348,59858,164170,6647.5,0.9265317404625563,3,5460,0.273328,0.25617863688415504,2460.139858406033,0.4258954281167406,0,51.0
2035-07-27,32,113666,570,Employed,High School,8,14428,60,Married,1,Own,286,0.22109922252713854,3,1,0.45705913059979947,1,Home,0,27,13,2846,871,46781,8692,9472.166666666666,0.6601843526907213,5,38089,0.23442800000000003,0.24426611219445113,418.6445784161344,0.0743910662906552,0,67.0
2035-07-28,34,51803,617,Employed,Bachelor,12,15854,48,Single,1,Rent,326,0.3966994103871695,3,0,0.3660762724445292,0,Auto,0,24,28,1390,676,24333,14221,4316.916666666667,0.8713246896168461,4,10112,0.20235400000000003,0.24282480000000004,519.348454712358,0.19582227779372421,0,51.0
2035-07-29,29,225947,582,Self-Employed,Bachelor,8,27476,36,Single,1,Own,253,0.29692531032582237,3,1,0.8081615320797051,0,Education,1,29,19,2789,619,31624,3125,18828.916666666668,0.9299072368584792,2,28499,0.221476,0.24318643189408556,1082.5640974817593,0.0709315422191094,1,52.0
2035-07-30,43,120733,654,Employed,Bachelor,23,16278,48,Single,1,Mortgage,249,0.1682764008746478,5,0,0.42742670846919956,0,Debt Consolidation,1,14,24,10165,433,10598,12538,10061.083333333334,0.7951687313717581,5,3057,0.18427800000000003,0.16145447694432297,462.5365618778839,0.07072166468599808,1,42.400000000000006
2035-07-31,50,126921,633,Employed,High School,31,13448,60,Married,3,Rent,394,0.46997718257034016,2,1,0.07505060149638021,0,Debt Consolidation,0,30,15,7770,198,142747,32483,10576.75,0.7588333067771464,5,110264,0.20194800000000002,0.19850205325801498,355.169810885433,0.07083175936704876,1,33.6
2035-08-01,38,49844,572,Employed,Bachelor,17,17424,72,Married,0,Own,275,0.13857708969152024,3,2,0.2561048729818225,0,Other,0,26,21,2720,1196,79187,19497,4153.666666666667,0.8773276823447387,5,59690,0.246424,0.22072302867350038,438.54574417770465,0.17178695389881338,1,40.0
2035-08-02,45,20952,574,Unemployed,Bachelor,23,18838,36,Single,0,Own,636,0.37024336507663164,2,2,0.30933519164276846,0,Home,0,25,14,4847,1233,294251,61037,1746.0,0.6516438207922135,4,233214,0.216838,0.21538827849995956,714.9452015037084,0.7737372288108295,0,55.0
2035-08-03,41,63238,435,Employed,Associate,23,19484,96,Married,1,Own,804,0.19333136017311872,1,1,0.36191221013762426,0,Home,0,29,22,4998,663,87295,11142,5269.833333333333,0.8031536769925679,6,76153,0.336984,0.3278006444383856,575.5355953525569,0.2617797391478333,0,51.0
2035-08-04,56,32922,503,Employed,Associate,37,21016,84,Single,0,Mortgage,369,0.15743095972272178,4,0,0.054216011728215635,0,Auto,1,37,9,1699,621,74322,31211,2743.5,0.8541392725775638,8,43111,0.294516,0.25710799273607216,541.5375357704116,0.33188902342643034,0,57.0
2035-08-05,50,77119,627,Employed,High School,27,22026,36,Divorced,1,Rent,207,0.1677590762673523,2,0,0.12516752931323577,0,Home,1,28,19,6699,723,283136,30429,6426.583333333333,0.7792020396449012,4,252707,0.193526,0.20330052338680682,822.2739115184189,0.16015880571870783,1,36.800000000000004
2035-08-06,35,76396,622,Employed,Bachelor,11,37210,36,Married,0,Own,214,0.41890347560319385,3,0,0.1208875973592821,0,Auto,1,22,28,3148,239,574861,26569,6366.333333333333,0.7493872267469067,6,548292,0.21121,0.22541681834763666,1431.5152399112658,0.2584714236208073,1,36.800000000000004
2035-08-07,33,71021,607,Employed,Bachelor,8,23552,60,Married,4,Own,419,0.6387256491319898,1,0,0.37456883223634146,1,Auto,0,21,23,6018,611,70441,27397,5918.416666666667,0.852177189074116,5,43044,0.22505199999999997,0.2570950902382585,701.1132614807112,0.18925893943718805,0,65.0
2035-08-08,58,18196,556,Employed,Master,36,18707,60,Married,4,Own,259,0.4980306356687617,1,1,0.23028022435258394,0,Home,1,23,25,2210,2078,52712,10136,1516.3333333333333,0.876471438888481,3,42576,0.245707,0.2266894004979787,523.8070369502759,0.5162499694110415,0,61.0
2035-08-09,42,89530,600,Employed,High School,21,20377,36,Married,2,Other,493,0.04185840893722105,0,1,0.1662650354880242,0,Debt Consolidation,0,27,4,3275,3750,41412,29243,7460.833333333333,0.8844237118280879,7,12169,0.205377,0.2385620861656756,797.9102146081265,0.17302493661674875,0,48.0
2035-08-10,40,49297,554,Employed,High School,19,19757,96,Married,0,Mortgage,1450,0.33781739092393054,4,1,0.5289075059297553,0,Education,0,22,8,14045,1176,28123,51885,4108.083333333333,0.8631352830752748,1,7394,0.277757,0.28686937028078413,526.8478372545176,0.481209283466625,0,60.0
2035-08-11,36,67976,531,Employed,Associate,17,12857,36,Single,2,Other,687,0.32192847401765995,2,0,0.5151718708683622,0,Home,0,24,3,10543,881,70543,11633,5664.666666666667,0.8809289028606552,4,58910,0.232357,0.22988350408775945,497.6128282485295,0.20912313079590375,0,59.0
2035-08-12,49,57261,592,Unemployed,High School,28,19362,48,Single,0,Mortgage,277,0.1010829657420617,6,1,0.22509181073089946,0,Debt Consolidation,0,30,25,6272,590,856177,6114,4771.75,0.8842532480579044,1,850063,0.218362,0.19134816665179036,580.3044236807671,0.1796624768021726,1,36.800000000000004
2035-08-13,47,53042,603,Unemployed,Master,25,20278,36,Divorced,5,Own,191,0.07238917137518293,3,0,0.3069474612635351,0,Education,0,32,15,3764,373,8865,64690,4420.166666666667,0.5454068859563671,9,2397,0.203778,0.23967311252104578,795.215786966604,0.22311733048526164,0,53.0
2035-08-14,36,23760,527,Employed,High School,9,12199,60,Single,2,Rent,554,0.14901998846681064,3,3,0.16943282490696646,0,Home,1,28,22,1886,385,37822,38365,1980.0,0.9417517092184734,9,3149,0.253699,0.2510683798376553,358.8212846068793,0.4610208508115552,0,57.0
2035-08-15,18,30096,498,Employed,High School,0,25836,48,Divorced,3,Own,606,0.240991688960703,8,0,0.03576161034161493,0,Auto,0,21,18,2924,320,67049,11365,2508.0,0.5465943224659434,9,55684,0.27183599999999997,0.24948838788724648,855.9105047490222,0.5828989253385255,0,49.0
2035-08-16,66,32953,620,Employed,Doctorate,46,29632,60,Widowed,2,Rent,191,0.44637556986774213,1,1,0.152287164121295,0,Education,1,19,3,5054,711,116084,26094,2746.0833333333335,0.7171134873919024,3,89990,0.224632,0.17970560000000002,751.983556636287,0.34339218522245146,0,56.0
2035-08-17,43,43267,535,Employed,Bachelor,24,12589,48,Single,0,Rent,94,0.44869992547041304,1,0,0.18606335565382984,0,Education,0,26,28,742,545,68544,14133,3605.5833333333335,0.7400138825197323,6,54411,0.240089,0.23579914864676532,407.5063459502935,0.13909159755479977,1,40.0
2035-08-18,46,28714,596,Employed,Associate,23,22100,36,Married,0,Own,362,0.05302416728567768,2,0,0.1366038919951981,0,Home,1,26,10,2154,815,31747,2131,2392.8333333333335,0.7841273159154004,7,29616,0.2091,0.21256294959279678,835.5299933263835,0.5004652754724734,0,57.0
2035-08-19,58,70883,528,Employed,Associate,39,20718,48,Single,0,Own,417,0.23883913817753064,2,0,0.24092819473102675,0,Other,0,29,27,7197,495,203686,74782,5906.916666666667,0.5711113095276846,7,128904,0.251718,0.22963960799371833,663.6333699010934,0.1829437303558416,1,38.400000000000006
2035-08-20,56,73889,575,Employed,High School,35,18799,24,Divorced,0,Mortgage,145,0.6200841702146009,2,0,0.11883634962846898,0,Home,0,28,25,2559,2137,66206,7091,6157.416666666667,0.8294094538171353,7,59115,0.206299,0.2132787472472059,969.0290123615495,0.18092474046662688,1,40.0
2035-08-21,34,144985,589,Employed,Master,10,26156,48,Married,0,Mortgage,496,0.0974512502602032,2,1,0.48238731430480936,0,Auto,0,17,15,2886,557,20472,169612,12082.083333333334,0.7494237645447678,12,2959,0.226656,0.21568073755849035,817.9518761666064,0.10875209514087164,1,42.400000000000006
2035-08-22,51,50305,656,Employed,Master,29,17907,60,Single,0,Mortgage,651,0.2723670997665287,1,1,0.3210448659290599,0,Home,0,30,10,3689,225,32332,22653,4192.083333333333,0.9140629222913124,3,9679,0.194907,0.20587610754346014,480.29972383358535,0.26986575262902346,0,48.0
2035-08-23,60,87715,635,Employed,High School,37,15006,48,Single,5,Own,195,0.482470266361983,4,0,0.28303516979227655,1,Education,0,20,11,1067,5477,27673,35335,7309.583333333333,0.8207740841838622,7,1675,0.192506,0.2217342085674425,474.1941387241132,0.09155024413942152,0,61.0
2035-08-24,34,60269,561,Unemployed,High School,13,12025,60,Divorced,3,Other,535,0.4375709073895192,0,0,0.34233773438673953,1,Debt Consolidation,0,24,8,2567,620,132752,40281,5022.416666666667,0.5998333102236825,3,92471,0.23652499999999999,0.2662506308450201,364.4973349775162,0.17909651760822634,0,69.0
2035-08-25,32,72128,547,Employed,High School,9,29106,36,Divorced,4,Own,572,0.3899807702867336,3,0,0.43604449406432333,0,Debt Consolidation,0,19,8,843,1136,58159,42318,6010.666666666667,0.9399018779968689,2,15841,0.240606,0.2131738341500747,1101.319245621376,0.27839162249690147,0,57.0
2035-08-26,35,23280,569,Employed,High School,14,19342,12,Married,0,Rent,642,0.029639600155796073,5,2,0.4679476211204003,0,Debt Consolidation,0,20,6,2159,1463,33243,21412,1940.0,0.8436211089460357,5,11831,0.19984200000000002,0.17582502158401572,1769.4335730014784,1.2430069963925146,0,59.0
2035-08-27,36,49683,608,Employed,High School,14,13195,24,Married,3,Own,227,0.19387864429224314,3,2,0.13405124584971892,0,Education,0,20,11,955,629,21464,38043,4140.25,0.8452786451580522,3,9863,0.184195,0.16680114338409383,650.3643622305034,0.21191096243717247,1,37.6
2035-08-28,48,32329,549,Employed,High School,29,19799,24,Married,1,Mortgage,200,0.35640197266010154,4,0,0.34040006525780364,0,Home,0,34,9,6276,727,130096,47070,2694.0833333333335,0.9333515091212601,3,83026,0.220299,0.224546008746798,1031.5857751304325,0.4571446472691759,0,54.0
2035-08-29,56,32411,589,Employed,High School,33,59192,36,Single,1,Mortgage,477,0.6643067082351628,3,0,0.3230591670009251,0,Home,0,23,26,9715,424,80092,10633,2700.9166666666665,0.7156057198925372,4,69459,0.249692,0.26508542136631125,2400.9465504995574,1.0655443709232881,0,55.0
2035-08-30,40,15000,544,Employed,High School,20,17182,60,Divorced,3,Mortgage,529,0.36087630586794517,3,2,0.337430900839646,0,Debt Consolidation,0,17,28,5662,1081,23256,10840,1250.0,0.766448041864824,4,12416,0.250182,0.25882110965854976,513.2386580848658,0.8337909264678927,0,56.0
2035-08-31,50,168791,625,Employed,Bachelor,24,11790,36,Married,2,Other,661,0.19510255568241616,2,2,0.10255040233202625,0,Other,0,24,9,5467,731,125735,29722,14065.916666666666,0.8874879280007667,5,96013,0.18429,0.17400281933972367,422.69814081377217,0.07704426000062366,1,34.4
2035-09-01,38,34344,603,Employed,High School,19,20332,48,Single,2,Own,399,0.07168701611108774,5,0,0.2882279219032688,0,Other,0,15,17,1390,622,86509,54083,2862.0,0.8974099845013376,4,32426,0.213832,0.20973716664456027,629.3071147494652,0.35929668579645885,0,49.0
2035-09-02,44,58851,601,Employed,Associate,18,15243,36,Married,1,Rent,548,0.4550141816450884,1,0,0.3146257947113674,0,Home,0,19,8,3861,1127,45967,53695,4904.25,0.9293202016014898,4,1373,0.199743,0.17967945797554427,550.8258892621142,0.2240558473287688,1,42.400000000000006
2035-09-03,25,32536,543,Employed,Bachelor,4,22290,48,Married,0,Mortgage,597,0.5538533909621335,2,0,0.5333108512279843,0,Home,0,20,4,4730,388,187314,14739,2711.3333333333335,0.8810057947619465,2,172575,0.24579,0.24888410781537904,737.6857792381738,0.4922617823597887,0,59.0
2035-09-04,41,136714,459,Employed,Doctorate,17,22041,120,Married,1,Mortgage,746,0.08768335496238316,5,0,0.11502507193733531,0,Auto,0,17,7,1452,1465,23376,67420,11392.833333333334,0.83466313751433,6,5262,0.347541,0.3310206734591698,632.1389832674013,0.12096543001601016,1,38.400000000000006
2035-09-05,33,46819,535,Employed,High School,7,8019,36,Single,0,Rent,299,0.2375821272054342,3,0,0.31055579209937284,0,Debt Consolidation,0,18,22,3396,510,19260,12048,3901.5833333333335,0.6994339872385477,5,7212,0.225519,0.22570068851475947,308.61921300651613,0.1557365718208034,1,44.0
2035-09-06,61,84993,600,Employed,High School,36,90684,60,Married,3,Mortgage,656,0.07755311255247564,3,1,0.03959218697290653,0,Education,0,25,17,2870,298,8198,100251,7082.75,0.5971849956776534,5,4240,0.295684,0.25967607216333444,2713.3827382756526,0.4757167397233635,0,45.0
2035-09-07,49,57996,555,Employed,Bachelor,26,18682,72,Divorced,0,Mortgage,208,0.4255758253848586,1,2,0.15855245907497578,0,Debt Consolidation,0,30,9,16318,2737,69044,19803,4833.0,0.9651080739453523,6,49241,0.256182,0.22846162572626183,478.8351621300521,0.14211362758743062,1,41.6
2035-09-08,54,35563,621,Employed,Bachelor,32,14421,48,Single,1,Mortgage,233,0.16237348729122444,0,0,0.3620698225685358,0,Debt Consolidation,0,16,21,2287,1086,87404,61998,2963.5833333333335,0.9047122607186098,8,25406,0.19892100000000001,0.1907371746357946,431.7507792925045,0.22430642385372587,0,51.0
2035-09-09,30,48925,501,Employed,Associate,8,21156,108,Divorced,1,Own,633,0.08047914885229518,0,3,0.12429810510250405,0,Home,0,29,1,5522,1546,59868,16414,4077.0833333333335,0.8289380045367261,5,43454,0.315656,0.3035498505951761,573.7993394904056,0.2959957501049538,0,54.0
2035-09-10,18,57072,604,Employed,Doctorate,0,72530,36,Divorced,0,Rent,337,0.07352289843719857,1,0,0.21011101991157208,0,Home,1,24,10,1434,379,20157,26376,4756.0,0.842389189157398,5,10701,0.25553000000000003,0.2718602077519847,2968.295923791215,0.6949739116465969,0,54.0
2035-09-11,40,68771,598,Unemployed,High School,18,50510,84,Married,0,Rent,665,0.1450864953510811,10,1,0.3081830573059503,0,Other,0,25,18,118,837,221302,31163,5730.916666666667,0.6834393672214432,3,190139,0.27651000000000003,0.2822508053723152,1384.4453041696436,0.35761212793235114,0,52.0
2035-09-12,27,57715,557,Employed,High School,5,13755,60,Single,3,Other,951,0.43644686346434514,3,1,0.3833639832907881,0,Debt Consolidation,0,23,15,6164,2218,8382,2838,4809.583333333333,0.7472292098793201,4,5544,0.240255,0.26055396996343366,412.2823820289365,0.28345124463912746,0,55.0
2035-09-13,51,34924,627,Employed,Master,30,23013,36,Divorced,1,Rent,1094,0.07854008255923578,3,1,0.4047120841806743,0,Auto,0,27,15,4965,369,50112,84835,2910.3333333333335,0.9156403781305352,4,2137,0.19451300000000002,0.17200141139139616,822.7703065724975,0.6586085121655586,0,53.0
2035-09-14,47,82174,542,Employed,High School,26,29081,36,Divorced,2,Mortgage,902,0.29968870085349125,2,1,0.4684520949123435,0,Other,0,37,13,3820,156,29080,23738,6847.833333333333,0.7874962987159387,4,5342,0.243081,0.27647959471735284,1197.3703109495923,0.3065743876578371,0,55.0
2035-09-15,40,29632,646,Employed,Bachelor,18,18841,60,Divorced,4,Mortgage,412,0.04775163454646698,5,3,0.07714069939116859,0,Debt Consolidation,0,17,4,1489,537,89474,16942,2469.3333333333335,0.794286508677946,8,72532,0.200841,0.19944422805977743,498.58880267649477,0.36875896436683103,0,49.0
2035-09-16,22,99930,568,Employed,Associate,0,22738,96,Married,0,Mortgage,127,0.2656233694241394,5,0,0.2732845550997764,0,Other,0,24,22,6904,3101,152021,36482,8327.5,0.702656986659887,6,115539,0.273738,0.2632600395770558,569.7815463154798,0.08367235620720262,1,37.6
2035-09-17,61,67942,632,Employed,Associate,35,24858,120,Married,1,Mortgage,458,0.13333882770027014,4,1,0.0657132638420372,0,Auto,0,20,23,1517,1412,222635,7719,5661.833333333333,0.8870252370278079,6,214916,0.26385800000000004,0.23329755104500427,536.4980995047446,0.17564948329541277,0,42.0
2035-09-18,44,69747,646,Employed,Bachelor,24,19027,36,Married,1,Rent,213,0.36611569182737347,3,4,0.3542521286787822,0,Auto,0,20,14,1759,141,13531,37673,5812.25,0.9063497158459674,6,6923,0.181027,0.17317756342170904,681.3772346158449,0.15387797059931094,1,40.800000000000004
2035-09-19,48,53838,564,Employed,High School,23,19810,36,Single,0,Mortgage,763,0.6429464591774755,3,2,0.4699890660208076,0,Debt Consolidation,0,25,25,2771,789,62119,112724,4486.5,0.7695665328489685,4,6654,0.22280999999999998,0.23917005860787177,776.3398209097794,0.3431048302484742,0,58.0
2035-09-20,30,43502,509,Unemployed,High School,9,32276,48,Married,3,Rent,168,0.36830657488235446,2,0,0.2512285739120441,0,Debt Consolidation,0,26,19,31453,1289,32742,50238,3625.1666666666665,0.964972618218907,3,10589,0.272776,0.23510739912199027,1043.5458891166295,0.3342041899084997,0,56.0
2035-09-21,38,52108,578,Employed,High School,17,20000,84,Married,1,Rent,357,0.1652901735451039,1,1,0.2255282980501382,0,Home,0,19,21,2681,2062,89924,23849,4342.333333333333,0.8252345225089677,6,66075,0.256,0.3072,581.5749074989051,0.2161452922773252,0,49.0
2035-09-22,44,95992,536,Unemployed,High School,22,22246,36,Single,2,Mortgage,98,0.45607310840883303,0,1,0.5369330540761829,0,Debt Consolidation,0,24,18,4425,279,61972,46816,7999.333333333333,0.7778164136305318,5,15156,0.239246,0.2498398821164312,884.3087090971375,0.12279882187229821,0,61.0
2035-09-23,18,75275,575,Employed,Associate,0,16773,72,Married,2,Rent,434,0.19323822539893507,3,2,0.21203211802550523,0,Home,0,26,6,3411,5169,61456,41205,6272.916666666667,0.8934168547925094,3,20251,0.24427300000000002,0.23395976468953902,435.4500457334775,0.138603793408193,0,53.0
2035-09-24,53,31513,443,Employed,Associate,29,38803,120,Single,0,Mortgage,321,0.30768313643867934,3,0,0.2521219512199458,0,Auto,0,27,29,12455,6208,324184,14554,2626.0833333333335,0.9338961691123153,6,309630,0.37230299999999994,0.37850916869744883,1254.1329462350384,0.5998031083940107,0,47.0
2035-09-25,28,24691,589,Employed,High School,8,28110,12,Single,4,Rent,422,0.2528247172899143,1,0,0.08833983059073756,0,Home,0,18,29,633,2735,108664,14165,2057.5833333333335,0.7994498485052032,6,94499,0.19861,0.17950927582194628,2576.4681589040024,1.4572766557388532,0,50.0
2035-09-26,30,67221,568,Employed,Master,9,41055,36,Married,2,Rent,243,0.1321786325671229,2,1,0.08542584214734825,0,Debt Consolidation,0,21,13,1093,666,36749,30893,5601.75,0.932140408468567,9,5856,0.242055,0.24726681980211884,1626.410830883226,0.33371907544664187,0,49.0
2035-09-27,19,15000,483,Employed,High School,0,29987,48,Married,0,Other,399,0.17965441264464324,4,1,0.14875493578227944,0,Debt Consolidation,0,21,11,7819,1075,33554,11036,1250.0,0.7385749685646974,4,22518,0.283487,0.2926469899403473,1066.9253208476032,1.1727402566780825,0,51.0
2035-09-28,47,95074,518,Employed,Master,25,16800,48,Married,3,Rent,439,0.2847348595437577,2,3,0.32075789792738885,0,Auto,0,21,23,13178,1626,267666,10046,7922.833333333333,0.8446444555107879,7,257620,0.2528,0.25044746573474785,557.4591151942959,0.12577055117415437,1,37.6
2035-09-29,43,26219,608,Employed,High School,20,39653,48,Married,0,Other,250,0.2606511441141669,3,1,0.23519975096503556,0,Debt Consolidation,0,34,28,7129,8582,19703,21029,2184.9166666666665,0.7959707068722668,1,8991,0.230653,0.23136347524471243,1273.901024952742,0.6974641404871622,0,51.0
2035-09-30,32,51459,637,Employed,Master,8,31418,36,Single,2,Mortgage,476,0.21354273352348818,2,4,0.29423279249347994,0,Auto,0,27,7,9862,1323,123508,113505,4288.25,0.8268902792783284,4,10003,0.197918,0.1867199939943201,1146.4552591449162,0.37834903728675245,0,50.0
2035-10-01,38,73287,621,Employed,Associate,16,47874,60,Married,2,Rent,837,0.15125859060329508,2,0,0.4465660337161876,0,Other,0,24,24,6256,684,34621,92106,6107.25,0.6108648401475092,6,1007,0.24237400000000003,0.23794596782518662,1371.53579614939,0.36162524804934953,0,52.0
2035-10-02,36,74019,470,Employed,High School,13,17938,48,Married,0,Own,323,0.43428270551339526,3,2,0.2644527034594493,0,Home,0,23,12,1278,299,120537,31395,6168.25,0.7685912089046318,4,89142,0.277938,0.258406998577634,603.2144888581403,0.15015838995795247,0,51.0
2035-10-03,34,43325,564,Employed,Bachelor,11,19374,84,Divorced,3,Mortgage,609,0.2929445555297326,1,2,0.25456548043138205,0,Auto,0,26,8,1204,1370,8756,6947,3610.4166666666665,0.7908272603629336,9,1809,0.262374,0.2647031201127943,508.7463592836616,0.30958929743575164,0,54.0
2035-10-04,62,34298,570,Employed,High School,39,26887,60,Single,3,Mortgage,826,0.26196696637544,3,0,0.1859846031271834,0,Debt Consolidation,0,30,27,1011,807,38814,48644,2858.1666666666665,0.8021958904000391,7,6198,0.24688700000000002,0.27617571342714387,830.9565661204037,0.5797270626113723,0,51.0
2035-10-05,48,49188,650,Employed,Master,27,34519,48,Single,3,Mortgage,407,0.29890378964350756,6,2,0.42537238990914067,0,Home,0,21,8,15290,974,578658,16180,4099.0,0.5699950469633936,4,562478,0.204519,0.20852406272795102,1066.1664199527042,0.359396540608125,1,35.2
2035-10-06,31,51118,520,Self-Employed,High School,9,13599,24,Married,0,Rent,281,0.31660546481937174,2,1,0.43620899423366977,1,Home,0,24,1,1486,723,124596,17863,4259.833333333333,0.7421232237978627,6,106733,0.228599,0.23707083459908845,717.0074526393363,0.2342832159253499,0,71.0
2035-10-07,46,15837,508,Employed,High School,24,41500,24,Married,1,Rent,599,0.44810853773073744,5,0,0.1891922661283477,0,Home,0,21,18,2131,237,147923,6281,1319.75,0.7653679614839637,4,141642,0.2625,0.24205682968037742,2198.4131575911906,2.1196538417057704,0,49.0
2035-10-08,34,23072,531,Employed,Bachelor,10,19644,36,Single,4,Other,335,0.31151649198807735,2,3,0.08840998353183771,0,Home,0,26,8,4175,401,193207,2957,1922.6666666666667,0.806255749923095,6,190250,0.239144,0.2869728,819.9642857518538,0.6007095799680238,0,49.0
2035-10-09,37,38237,565,Employed,Bachelor,15,39192,36,Married,0,Other,542,0.14883054420479702,4,0,0.14520394674364295,1,Other,0,22,23,3852,238,212659,25527,3186.4166666666665,0.6508127821650209,9,187132,0.241692,0.22671847241129833,1510.4163895572137,0.6441142525482273,0,58.0
2035-10-10,18,24949,534,Employed,High School,0,81068,48,Single,1,Mortgage,356,0.12622613203217356,4,1,0.37124625377705783,1,Home,1,26,20,3421,3082,22379,10029,2079.0833333333335,0.7271652856251973,4,12350,0.30906799999999995,0.25525671907170094,2711.805020286759,1.475556545089627,0,73.0
2035-10-11,57,80389,577,Employed,Associate,36,24323,36,Married,1,Mortgage,388,0.0883546728651372,3,0,0.20022032080369234,0,Education,0,26,25,2392,320,239700,46275,6699.083333333333,0.7684578399858081,6,193425,0.22082300000000002,0.2595478513017133,979.4030171652922,0.20411792914432952,1,36.800000000000004
2035-10-12,51,66259,605,Employed,Bachelor,26,27920,60,Divorced,2,Mortgage,305,0.484620108634361,1,1,0.35610722234221565,0,Auto,0,18,28,7847,582,62737,173990,5521.583333333333,0.6559241264183532,5,4899,0.23042,0.23010273290843203,787.242756728657,0.1978133246916477,0,52.0
2035-10-13,44,43628,530,Employed,High School,19,33937,60,Married,0,Mortgage,573,0.4849338614462988,3,0,0.2825229791677992,0,Debt Consolidation,0,24,15,2224,8787,325045,17967,3635.6666666666665,0.938013438414191,5,307078,0.273937,0.2849211634399055,1066.7545512761114,0.45101894689908634,0,48.0
2035-10-14,46,66510,531,Employed,Master,24,18654,36,Divorced,0,Other,289,0.17606461655246264,5,2,0.4507672364199355,0,Home,0,29,15,3111,409,26465,16491,5542.5,0.9749846885892017,3,9974,0.238154,0.20769724681662438,700.5871346822147,0.1785452656169986,1,44.0
2035-10-15,53,153566,563,Employed,Doctorate,29,34814,120,Married,0,Mortgage,719,0.39557495506033663,2,1,0.2158331799103422,1,Home,0,25,24,11239,2891,48272,25079,12797.166666666666,0.991831544522843,4,23193,0.308314,0.28543004257532933,880.517883455807,0.12499000170265348,1,49.6
2035-10-16,43,38436,665,Employed,Doctorate,19,40345,36,Married,2,Rent,252,0.4123936828002336,6,1,0.019051163143465662,0,Home,0,27,2,1374,224,35785,53936,3203.0,0.8209453474466792,3,6851,0.192845,0.20815714453392758,1516.1858532516374,0.5520405411338237,0,50.0
2035-10-17,39,54888,560,Employed,High School,16,21923,72,Single,2,Mortgage,364,0.19687214927131746,0,1,0.173344504248965,0,Auto,0,22,15,1874,1207,28370,15719,4574.0,0.7267259338313989,6,12651,0.256923,0.27283192390930044,621.6249702526195,0.21548425235081317,0,49.0
2035-10-18,47,59904,651,Employed,Bachelor,26,31643,36,Single,0,Mortgage,485,0.155930131392228,2,1,0.2522283728030827,0,Education,0,30,7,5759,627,12601,474757,4992.0,0.8087244138016767,4,6666,0.191143,0.18449867761964522,1151.1239708213586,0.3277491928728683,0,46.0
2035-10-19,22,71231,590,Employed,Bachelor,0,33261,48,Single,3,Mortgage,322,0.5894284108123995,7,1,0.15149558362371485,0,Auto,0,25,19,3546,214,77777,38185,5935.916666666667,0.755663425463173,6,39592,0.23326100000000002,0.20785462137917332,1026.1157868373064,0.22711164299318662,0,51.0
2035-10-20,33,95217,563,Employed,Bachelor,14,46589,120,Married,3,Mortgage,495,0.4578490977468904,5,1,0.192379713436166,0,Home,0,26,18,2579,819,23098,6572,7934.75,0.934676670551048,5,16526,0.32008899999999996,0.3381774181513496,1361.4325355858382,0.23396232213816923,0,50.0
2035-10-21,43,57427,591,Unemployed,Associate,23,9567,36,Married,2,Mortgage,962,0.3479603312988271,1,0,0.12007029428036535,0,Home,0,20,6,1502,1896,603420,13875,4785.583333333333,0.9192060085297684,4,589545,0.199067,0.1632551483438703,337.88684414217914,0.2716255790778928,1,37.6
2035-10-22,46,15000,617,Employed,Bachelor,25,31229,48,Married,0,Rent,193,0.5226616874500987,3,1,0.20735309760985599,0,Home,0,27,26,3987,4212,144250,1402,1250.0,0.9343821672836465,5,142848,0.21772900000000003,0.22606228577771553,994.210053194313,0.9497680425554503,0,48.0
2035-10-23,18,36466,552,Employed,Bachelor,0,74919,48,Married,0,Own,256,0.09631043092187497,2,0,0.17060051318268427,0,Auto,0,19,29,2316,498,157849,34221,3038.8333333333335,0.9005315398397202,6,123628,0.293919,0.29847585466892473,2690.895807009434,0.9697457819369606,0,46.0
2035-10-24,46,60937,607,Employed,Associate,21,5096,48,Single,1,Own,273,0.033596696499079697,2,2,0.18997395989768626,0,Debt Consolidation,0,26,23,2186,1081,104133,24606,5078.083333333333,0.8444785477923675,4,79527,0.196596,0.16107309807359058,144.70229533272536,0.08225589615492566,1,35.2
2035-10-25,20,47130,526,Employed,Bachelor,0,30671,84,Married,2,Rent,1307,0.2321487242687753,3,1,0.14821803913147275,0,Home,1,17,2,495,738,25014,35468,3927.5,0.8108774661498469,6,7323,0.292671,0.2588075914180769,793.6881769399478,0.5348664995391338,0,61.0
2035-10-26,33,19829,585,Employed,Doctorate,8,14089,84,Married,4,Own,444,0.6574050512185192,1,0,0.3184057562177247,0,Debt Consolidation,0,21,16,3565,325,362780,6843,1652.4166666666667,0.8884668683317728,10,355937,0.246589,0.22222006417860657,331.98221348500977,0.46960444610520535,0,52.0
2035-10-27,34,49087,589,Employed,High School,11,33893,72,Married,3,Rent,505,0.5281685516985941,3,1,0.0787060132114308,0,Education,0,24,18,7277,916,36982,8238,4090.5833333333335,0.9674936431080347,6,28744,0.254393,0.3052716,1031.188701060839,0.3755426979185949,0,52.0
2035-10-28,41,58496,539,Employed,Doctorate,21,19038,12,Married,2,Own,639,0.38695531184207527,5,0,0.10512562792474192,0,Home,0,12,28,756,1168,197524,93020,4874.666666666667,0.8160097734980295,5,104504,0.214538,0.21437787322507634,1776.7025478926134,0.49556261239591354,1,36.800000000000004
2035-10-29,44,23003,548,Employed,High School,23,26002,12,Divorced,1,Rent,226,0.15646166472959747,3,0,0.19962516405908143,0,Education,0,27,14,1987,1437,45303,14687,1916.9166666666667,0.8529567257113603,5,30616,0.217002,0.2203367858078883,2434.0625359619644,1.3876777129741151,0,51.0
2035-10-30,26,32536,552,Employed,Bachelor,2,11802,72,Married,2,Mortgage,99,0.3337114800161903,3,1,0.2595855035890192,0,Other,0,19,13,6446,209,95501,166302,2711.3333333333335,0.9953255875075628,4,7079,0.25080199999999997,0.2271568391426889,301.57281505574326,0.14774015799941353,0,53.0
2035-10-31,39,15000,606,Employed,High School,17,50935,48,Single,3,Mortgage,839,0.11073194499179112,4,4,0.4990179473093342,1,Debt Consolidation,0,26,5,4839,1763,62370,12660,1250.0,0.8583584555247123,5,49710,0.242935,0.23771590190633318,1654.1493302558888,1.994519464204711,0,68.0
2035-11-01,33,22698,481,Employed,Bachelor,10,14043,120,Married,0,Mortgage,1026,0.3745895375197581,2,1,0.32828066708806847,0,Debt Consolidation,0,24,18,263,2692,161429,9085,1891.5,0.7910867751492024,8,152344,0.32854300000000003,0.3301453219323272,401.82664282332274,0.7548647331870594,0,52.0
2035-11-02,18,35275,587,Unemployed,Associate,0,38367,36,Married,3,Own,288,0.3701687354563734,4,0,0.09517554084963417,0,Other,1,28,11,3288,340,7258,98386,2939.5833333333335,0.9236893159114234,4,5391,0.22986700000000002,0.21337233976887454,1452.131015268736,0.5919651930042475,0,60.0
2035-11-03,42,67553,602,Employed,High School,18,15105,12,Divorced,1,Mortgage,313,0.25893369945553446,6,0,0.23656318525957198,0,Home,0,24,20,4235,376,385735,52985,5629.416666666667,0.5950720016435469,5,332750,0.17910500000000001,0.164558517592879,1373.7501485731673,0.29963142692223893,1,34.4
2035-11-04,52,16794,620,Employed,Bachelor,29,19622,36,Married,0,Rent,583,0.27312744597022603,1,2,0.2727870039594195,0,Home,1,22,2,6344,878,89174,11712,1399.5,0.79419070328808,7,77462,0.19462200000000002,0.21638417649690497,745.7076125759771,0.9494159432482867,0,59.0
2035-11-05,54,40390,633,Employed,High School,31,12177,60,Single,1,Own,89,0.10758930806029565,4,0,0.2122198017674833,0,Auto,0,29,9,340,825,67947,29291,3365.8333333333335,0.6997586708045717,2,38656,0.200677,0.18047224683042012,309.52867970586016,0.11840416331939395,0,50.0
2035-11-06,47,44712,542,Employed,Bachelor,24,20554,36,Single,1,Mortgage,418,0.03219537001616047,4,0,0.5439115332688603,0,Home,0,21,2,3019,1509,16932,19926,3726.0,0.9008034770380156,4,8608,0.23455399999999998,0.23150889292323776,797.256968422342,0.32615592281866396,0,62.0
2035-11-07,33,114778,545,Employed,High School,9,32656,36,Single,2,Own,286,0.13350704171930436,1,0,0.26331322768201,0,Debt Consolidation,0,26,1,11590,2715,59070,16760,9564.833333333334,0.7181891535700388,4,42310,0.24515599999999999,0.26485422046516205,1324.1894125558385,0.1683447433364413,0,54.0
2035-11-08,72,55734,627,Employed,High School,50,17105,84,Single,0,Mortgage,564,0.3040435699179309,1,0,0.17642529764998185,0,Debt Consolidation,0,18,19,1154,721,26172,3502,4644.5,0.9697448562765913,6,22670,0.22860500000000003,0.23641591464844244,418.2116469649328,0.211478446972749,0,47.0
2035-11-09,39,112551,531,Employed,Master,13,16886,12,Divorced,2,Other,1117,0.5515219680205014,2,1,0.4473351565705407,0,Other,0,17,6,2186,342,142124,32042,9379.25,0.8297028902077163,5,110082,0.21638600000000002,0.21699700208006756,1577.9952369186017,0.28733589966347006,1,43.2
2035-11-10,34,44855,581,Employed,High School,12,20531,36,Married,2,Mortgage,595,0.46179209845796515,2,1,0.1913859906973634,0,Education,0,33,14,4066,3409,203029,1775,3737.9166666666665,0.8607306509832309,8,201254,0.215031,0.21665336269904056,780.5380934303113,0.36799592288850147,0,48.0
2035-11-11,45,300000,583,Employed,Bachelor,24,10028,60,Married,0,Mortgage,655,0.09401582076212547,1,0,0.1732809335223004,0,Education,0,26,22,9391,206,139164,51474,25000.0,0.8912387845803806,2,87690,0.223528,0.192498664122226,261.5125005611211,0.03666050002244484,1,36.0
2035-11-12,45,40578,509,Employed,Bachelor,22,22577,48,Married,1,Mortgage,222,0.405265863223298,7,2,0.1573416995700078,0,Education,0,21,28,341,2617,144793,107757,3381.5,0.8630166587387195,7,37036,0.263077,0.26264398677617123,764.5978430096882,0.291763372174978,0,52.0
2035-11-13,50,25702,619,Self-Employed,Bachelor,29,36954,60,Married,3,Rent,592,0.27315524755646314,2,1,0.05355779313998295,0,Home,0,22,29,2480,867,30654,46665,2141.8333333333335,0.8526524881644668,4,7474,0.232454,0.23313326289015365,1048.4138126631847,0.7658923722651239,0,52.0
2035-11-14,35,25696,563,Employed,High School,12,10870,60,Married,2,Mortgage,256,0.12227539504954657,4,0,0.36127043453881796,0,Home,0,25,14,1500,461,115692,69753,2141.3333333333335,0.9164900457164661,3,45939,0.23436999999999997,0.187496,280.4782420901504,0.2505346709636443,0,55.0
2035-11-15,48,75866,457,Employed,Bachelor,25,82432,12,Married,2,Mortgage,339,0.508185134812449,3,0,0.09496298462514284,0,Education,0,22,21,9288,6015,97955,24798,6322.166666666667,0.9592750513730809,9,73157,0.318932,0.38271839999999996,8375.15675360564,1.3783497356295003,0,49.0
2035-11-16,40,150585,590,Employed,High School,19,54959,48,Married,1,Own,311,0.2947066378821182,2,1,0.3033981432426862,0,Auto,0,27,5,1903,1542,38802,19151,12548.75,0.6707952063703614,7,19651,0.254959,0.261906028543198,1858.9678030136245,0.17292302444575156,0,54.0
2035-11-17,33,116763,519,Employed,Master,11,30808,96,Married,3,Mortgage,538,0.1845982286298917,2,1,0.5150773103357579,0,Home,0,28,20,1271,958,5827,98183,9730.25,0.7770852550675016,6,10125,0.306308,0.30576945946396145,862.0082140361704,0.1438820394168876,1,44.800000000000004
2035-11-18,39,53091,595,Employed,Bachelor,17,23613,48,Single,3,Rent,467,0.5377077060933474,2,0,0.33503991614875844,0,Auto,0,19,2,2289,1979,25577,33547,4424.25,0.5815610998950352,4,6051,0.221113,0.22601446215834817,751.6845492289586,0.27545562507294086,0,59.0
2035-11-19,25,25215,480,Self-Employed,Associate,4,40876,36,Married,2,Rent,296,0.3393485619382592,2,1,0.15978419679403735,0,Home,0,24,13,2030,5524,26488,2474,2101.25,0.8596645886234968,5,24014,0.285876,0.26597054981320684,1659.947675845281,0.9308495780346371,0,55.0
2035-11-20,41,26167,530,Employed,Associate,19,24535,48,Single,2,Mortgage,177,0.23824522531855694,3,1,0.3171298422944426,1,Home,0,33,19,5380,3449,44547,3219,2180.5833333333335,0.6674300016384129,6,41328,0.254535,0.29183516883815147,871.794135881374,0.4809695276713604,0,68.0
2035-11-21,39,80541,634,Employed,Bachelor,15,10858,84,Married,5,Rent,943,0.25112180743545215,6,0,0.6938867388524439,0,Debt Consolidation,0,16,18,2261,2146,49253,115454,6711.75,0.5426803649245777,6,10776,0.21885800000000002,0.22075350100979507,254.8643483345457,0.17847273041077896,0,54.0
2035-11-22,37,60286,525,Self-Employed,Bachelor,15,23130,108,Divorced,0,Rent,581,0.05888275763650637,0,1,0.46176780092209796,0,Home,0,20,11,2609,174,107738,172419,5023.833333333333,0.6842262144428574,6,4535,0.30563,0.366756,735.397685123528,0.26203052485622425,0,58.0
2035-11-23,18,31019,596,Employed,Bachelor,0,30275,36,Single,3,Own,207,0.4481402429850093,5,0,0.18774185782882083,0,Other,0,28,27,5105,2128,32023,25927,2584.9166666666665,0.6539274351220093,2,6096,0.217275,0.23310675908755227,1176.8447472483313,0.5353537176240362,0,52.0
2035-11-24,47,15000,604,Employed,High School,25,9286,48,Married,0,Own,243,0.17011697763091338,2,2,0.6990527059492616,0,Education,0,20,13,6102,1117,39777,22917,1250.0,0.8889451327275446,4,16860,0.202286,0.2067364168216234,285.91991147048054,0.42313592917638443,0,56.0
2035-11-25,37,59069,546,Employed,Master,13,30795,72,Divorced,0,Other,1205,0.1505003190238322,5,1,0.2865561389616042,0,Home,0,26,21,780,875,16002,22317,4922.416666666667,0.9695083284550766,6,9500,0.272795,0.31859877203151055,963.6759010142515,0.44057137944050206,0,51.0
2035-11-26,50,31967,559,Unemployed,Bachelor,26,19931,24,Married,0,Own,260,0.18792658032427892,4,2,0.3788735164804206,0,Debt Consolidation,0,29,11,10634,515,249297,6704,2663.9166666666665,0.8994577711173631,4,242593,0.21543099999999998,0.1770403521430872,992.1894094615484,0.4700557735645691,0,53.0
2035-11-27,28,15000,485,Self-Employed,High School,5,29247,48,Married,3,Rent,357,0.36820379851343615,3,1,0.1582503490696968,0,Home,1,27,21,553,884,113021,18501,1250.0,0.9429993620155298,5,94520,0.28174699999999997,0.27745883620112144,1015.0725311335873,1.09765802490687,0,59.0
2035-11-28,27,21742,519,Employed,High School,3,20080,48,Divorced,0,Own,660,0.2873437151963157,1,2,0.7575968650124653,0,Debt Consolidation,0,27,9,32156,726,36290,171081,1811.8333333333333,0.7408677214732137,7,3628,0.25558,0.24771879746227407,663.2428616761256,0.7303336556026818,0,61.0
2035-11-29,50,24246,567,Employed,High School,27,12748,60,Married,2,Rent,274,0.11925322146114173,7,2,0.48948400526801,0,Auto,0,19,27,10274,132,583503,25543,2020.5,0.7337034364167496,8,557960,0.234248,0.2204323087673744,352.3993037423327,0.31002192711820475,1,39.2
2035-11-30,57,158518,655,Employed,High School,36,20323,36,Widowed,1,Own,321,0.6302074381994887,3,1,0.2630035819156997,0,Debt Consolidation,0,25,17,4191,3539,26298,6174,13209.833333333334,0.5560768132313536,5,20124,0.177823,0.1750705716923615,729.709351052886,0.0795399400234335,1,36.800000000000004
2035-12-01,39,31989,589,Employed,High School,16,11049,48,Married,1,Own,706,0.5043691410468892,5,0,0.10421343319029483,0,Debt Consolidation,0,24,1,5664,3920,572329,209029,2665.75,0.8411705448961193,6,363300,0.21154900000000001,0.19598609252090915,333.86668089116006,0.3900840967424402,0,50.0
2035-12-02,45,58363,631,Employed,High School,23,32996,60,Divorced,0,Rent,263,0.1340010799322291,1,4,0.14444461185049412,0,Debt Consolidation,0,26,29,24073,19014,917905,74596,4863.583333333333,0.8844759427206351,2,843309,0.22249600000000003,0.1963039219979764,867.4202441322658,0.23242538816694125,1,30.400000000000002
2035-12-03,46,21919,540,Unemployed,High School,18,26818,36,Married,0,Mortgage,366,0.13478014911850444,1,1,0.5135372670842504,0,Auto,0,18,12,3100,458,98667,24353,1826.5833333333333,0.9379136652144768,3,74314,0.241818,0.2851525742608423,1116.767375659974,0.8117709981258128,0,60.0
2035-12-04,50,20196,511,Employed,High School,28,32832,60,Married,0,Rent,629,0.3919313397864968,3,2,0.40026536292937365,0,Home,0,15,28,764,4024,54349,11240,1683.0,0.8131156693679366,4,43109,0.282332,0.3027422775832376,1067.7635962192687,1.0081780132021798,0,58.0
2035-12-05,47,67634,610,Employed,Master,27,17229,60,Single,0,Mortgage,998,0.1305456778320353,2,2,0.23139618410532425,0,Auto,0,25,1,11970,54,74574,91282,5636.166666666667,0.9185725122418987,8,9587,0.217229,0.24571103010373951,501.3709602526271,0.26602672506478287,0,52.0
2035-12-06,61,88807,639,Employed,High School,39,11416,48,Single,2,Mortgage,585,0.3804722532639132,2,1,0.312294872222949,1,Home,0,26,12,2734,564,34567,32407,7400.583333333333,0.8891673463500739,5,2160,0.18691600000000003,0.19701249998202464,345.57849864821696,0.1257439389212405,0,62.0
2035-12-07,67,109552,689,Employed,Master,47,16075,60,Married,2,Mortgage,466,0.2897765529326881,4,1,0.24344489983875364,0,Other,0,18,2,1082,324,137380,39699,9129.333333333334,0.7353920846382738,8,97681,0.17657499999999998,0.16881893647718493,398.48501953015494,0.09469311591173012,1,37.6
2035-12-08,69,110491,587,Employed,High School,43,34770,60,Single,2,Rent,946,0.06577375189604213,2,0,0.21490001903065628,1,Auto,1,21,10,1058,677,232680,40290,9207.583333333334,0.46073646699697657,3,192390,0.24627,0.21887436130498045,958.0856103557232,0.2067953708833179,0,64.0
2035-12-09,48,67646,435,Employed,Associate,24,15353,48,Divorced,3,Other,777,0.6314526867250578,2,3,0.19776166537750103,0,Auto,0,30,9,1670,1064,121609,23988,5637.166666666667,0.8970710223738281,6,97621,0.292853,0.24922513510899041,508.3980959383258,0.22802201388492901,0,51.0
2035-12-10,21,38438,490,Employed,High School,0,47168,72,Married,2,Own,698,0.3854481131741193,5,0,0.055985241676182386,0,Education,0,32,4,1606,1909,60325,3624,3203.1666666666665,0.7063193604962952,3,56701,0.317168,0.32592420463658084,1498.7591315400286,0.6858085638815845,0,52.0
2035-12-11,20,33468,542,Employed,High School,0,11805,72,Single,1,Rent,630,0.30208771599406586,4,1,0.24965101946049859,0,Education,0,28,1,1534,756,13603,27987,2789.0,0.9373857076294991,4,10390,0.255805,0.2564084788364458,322.65126112538593,0.341574493053204,0,57.0
2035-12-12,57,67804,631,Employed,Associate,32,25257,24,Married,2,Own,276,0.2569493217502316,4,1,0.5039794573709316,0,Education,0,21,17,1059,1104,123637,3627,5650.333333333333,0.9564215032966179,6,120010,0.184757,0.16323138537655874,1240.5644740719015,0.26840265602122027,1,40.800000000000004
2035-12-13,22,27871,576,Employed,Bachelor,0,41046,12,Married,4,Own,421,0.4397148535930285,5,0,0.1664387886736386,0,Other,0,17,7,1854,10288,150089,20106,2322.5833333333335,0.6934760566841562,6,129983,0.21804600000000002,0.22556792584497865,3852.6824950187865,1.8400556112168718,0,50.0
2035-12-14,31,39688,565,Employed,Bachelor,9,42931,36,Single,0,Own,482,0.19588903563897853,2,0,0.5968352068167585,0,Home,0,20,2,4477,670,76209,34955,3307.3333333333335,0.8513896984692362,6,41254,0.24543099999999998,0.23761073814736772,1678.9246311391285,0.6533737042347697,0,62.0
2035-12-15,56,26362,555,Employed,Doctorate,32,24531,120,Married,3,Mortgage,252,0.10751728058438241,3,1,0.13495493803644484,0,Home,0,19,16,834,478,39715,40618,2196.8333333333335,0.7362067519040484,6,5681,0.302031,0.26845796670788125,590.2924401933778,0.38341208111374453,0,51.0
2035-12-16,36,89975,538,Employed,High School,11,16336,60,Married,0,Rent,194,0.06938045550748254,0,1,0.16158068549299673,0,Education,0,22,13,8757,3421,12178,11255,7497.916666666667,0.8920026354657394,3,7847,0.252336,0.27779315127985404,506.46207292457336,0.09342089330474998,0,48.0
2035-12-17,42,80366,546,Employed,Bachelor,24,27023,36,Married,1,Mortgage,360,0.3083523639079809,5,0,0.1453521995970182,0,Education,0,17,29,4107,339,152178,25807,6697.166666666667,0.9112798403714929,2,126371,0.23902299999999999,0.241433046236898,1062.2237304404116,0.21236200340050443,1,36.0
2035-12-18,49,89686,608,Unemployed,Associate,28,26826,36,Married,2,Other,341,0.224131897658835,4,3,0.11269925557699825,0,Auto,0,24,9,5839,710,141858,1046,7473.833333333333,0.91400084652657,8,140812,0.20782599999999998,0.2114640542025079,1012.6889915003603,0.18112378629891315,0,46.0
2035-12-19,27,42394,630,Employed,Doctorate,6,13479,48,Married,1,Mortgage,327,0.2963694818333279,4,1,0.43439259962991666,0,Auto,0,22,22,11708,133,216474,91068,3532.8333333333335,0.6874409518174414,0,125406,0.193479,0.1589271094230332,381.2584018795402,0.20047886074808893,1,40.0
2035-12-20,42,69488,655,Employed,Master,19,33286,60,Married,3,Mortgage,432,0.1525977035937334,2,0,0.376692000800016,0,Auto,0,25,7,8434,4635,140211,61013,5790.666666666667,0.9301475023176289,9,79198,0.21078600000000003,0.18875590365866277,861.1801917979415,0.22332146991675247,1,36.800000000000004
2035-12-21,53,38169,598,Self-Employed,High School,32,19997,60,Divorced,2,Mortgage,349,0.12134111748971259,4,2,0.09419644525120477,0,Debt Consolidation,0,23,21,2294,2221,186555,7256,3180.75,0.5358084583966347,4,179299,0.225997,0.2229174910504568,555.6175730457003,0.2844038585383008,0,49.0
2035-12-22,28,32630,523,Unemployed,Master,7,7189,36,Married,2,Mortgage,598,0.5126535777743276,2,0,0.10942882015287897,0,Other,0,27,2,639,1259,45559,28323,2719.1666666666665,0.9179226220594795,6,17236,0.230689,0.2768268,296.13175691667675,0.3288256537848643,0,59.0
2035-12-23,39,218476,537,Employed,High School,19,21921,36,Single,1,Mortgage,962,0.4849777191932275,2,1,0.2709366495685074,0,Education,0,15,14,4197,927,86731,75219,18206.333333333332,0.7869525518230962,4,11512,0.238421,0.20535875656193958,820.6606156084043,0.09791431272680227,1,40.800000000000004
2035-12-24,32,18117,589,Employed,High School,12,11497,48,Married,1,Own,346,0.5454197154050957,4,2,0.1721113203507654,0,Debt Consolidation,0,17,22,2269,1146,14011,4912,1509.75,0.8658954177856102,3,9099,0.21199700000000002,0.2281283789084468,367.31782775683286,0.4724741366165477,0,53.0
2035-12-25,35,65723,611,Self-Employed,High School,12,26380,36,Single,1,Own,483,0.11800139134711185,1,1,0.46221834187379085,0,Home,0,18,16,1939,993,55076,5185,5476.916666666667,0.7710573982649753,4,49891,0.20587999999999998,0.204030397736946,985.8011088482382,0.26818029162057205,0,55.0
2035-12-26,33,101508,580,Employed,High School,14,10623,48,Married,3,Rent,665,0.30611766666956425,1,1,0.2963602472540772,0,Debt Consolidation,0,34,25,5449,2286,77742,28428,8459.0,0.734936064789239,8,49314,0.215623,0.22865309166624892,339.6993351115916,0.11877282599735094,1,40.800000000000004
2035-12-27,26,59442,596,Employed,Master,1,33895,60,Married,0,Other,359,0.08673270181871488,1,2,0.23745644999771226,0,Debt Consolidation,0,26,29,824,112,142461,2581,4953.5,0.8311718523539072,7,139880,0.24089500000000003,0.22617256165636185,948.0772252528532,0.26386943075660707,0,47.0
2035-12-28,25,54358,566,Employed,Master,3,43555,72,Widowed,0,Mortgage,315,0.33681090071613407,3,1,0.21689908969074725,0,Auto,0,26,22,2557,2484,173399,5440,4529.833333333333,0.8755392767966321,5,167959,0.275555,0.3020419534267395,1316.05470971997,0.36006947490046803,0,48.0
2035-12-29,54,67715,566,Employed,High School,34,32205,12,Married,1,Mortgage,816,0.19256994069177796,7,0,0.5165814174414762,0,Home,0,25,3,6142,1853,12805,15361,5642.916666666667,0.8508114869015736,6,2025,0.21420499999999998,0.23209401305173183,3032.983472824092,0.6820911419019288,0,60.0
2035-12-30,35,15000,632,Employed,Bachelor,10,14724,60,Single,3,Mortgage,324,0.23435224795121937,4,3,0.3715690899924364,0,Debt Consolidation,0,30,16,1272,2429,96164,4256,1250.0,0.7920092399630931,4,91908,0.20372400000000002,0.17302728990413713,368.3303068314665,0.5538642454651732,0,51.0
2035-12-31,68,41217,596,Employed,Associate,45,33909,36,Divorced,1,Mortgage,641,0.14011280306208182,5,2,0.3149009742401953,0,Other,1,25,28,2989,1082,36303,18927,3434.75,0.9656153895620944,6,17376,0.220909,0.1781928613432251,1222.8197526339302,0.5426362188322091,0,60.0
2036-01-01,61,30810,556,Employed,High School,39,9724,48,Married,2,Other,471,0.1738751027911507,6,1,0.5920655408246377,0,Debt Consolidation,0,23,13,5722,717,6439,28595,2567.5,0.6972141056094997,8,3402,0.226724,0.22885049193254012,311.05641213261174,0.3045984078413288,0,58.0
2036-01-02,40,55197,526,Self-Employed,Bachelor,17,10745,48,Single,3,Mortgage,240,0.4115701779100042,7,1,0.12285571791294853,0,Home,0,29,6,1252,4637,65734,5957,4599.75,0.9571660592845764,5,59777,0.24274500000000002,0.24083455651631294,350.8026519340075,0.1284423396780276,1,43.2
2036-01-03,55,111270,604,Employed,Bachelor,34,13052,96,Divorced,5,Rent,337,0.06307705253725661,2,0,0.07394951081948381,0,Education,0,20,19,5437,193,546250,19753,9272.5,0.5926469925103424,5,526497,0.246052,0.2477854731357612,313.58689758349794,0.07016305177497956,1,29.6
2036-01-04,41,89320,631,Employed,Bachelor,22,17712,108,Married,3,Own,217,0.17401178220698962,2,1,0.1043864834156891,0,Debt Consolidation,0,28,8,6993,1446,48793,11563,7443.333333333333,0.7337346215322262,2,37230,0.24721200000000002,0.20674496356811448,362.43812176162817,0.0778465904740208,1,36.800000000000004
2036-01-05,58,82809,581,Employed,Bachelor,34,47230,108,Divorced,1,Other,412,0.49832779985360454,2,3,0.1908629585415189,0,Other,0,25,21,13329,1005,56631,18907,6900.75,0.7060462977607309,4,37724,0.30173,0.3188151639592685,1333.339557782729,0.25292027066372913,0,50.0
2036-01-06,18,15000,449,Employed,High School,0,18656,72,Single,0,Own,302,0.12279620728298615,7,1,0.22325710825918657,0,Education,0,23,25,5203,802,137060,6489,1250.0,0.8834118283170694,4,130571,0.309156,0.3454857865342012,617.059545883781,0.7352476367070248,0,49.0
2036-01-07,39,44986,495,Employed,Associate,18,10715,60,Married,0,Other,427,0.31241807209249556,5,0,0.18217133702132093,0,Debt Consolidation,0,24,22,32070,3364,163215,9763,3748.8333333333335,0.8727063752284887,5,153452,0.268215,0.2863870395485652,337.76113105008193,0.20399976820790877,0,47.0
2036-01-08,52,15000,607,Self-Employed,Bachelor,29,15751,60,Single,2,Own,522,0.08067081438448566,2,0,0.18559845040296968,0,Debt Consolidation,0,22,15,31149,754,177701,145693,1250.0,0.6167384827641018,4,32008,0.21725099999999997,0.23293695021418911,446.68994900054264,0.774951959200434,0,51.0
2036-01-09,50,28678,592,Employed,Associate,27,16654,96,Widowed,1,Mortgage,502,0.3277083632678697,4,0,0.348997866771985,0,Home,0,36,23,1177,1978,35942,39891,2389.8333333333335,0.8419309493281348,6,1993,0.255654,0.20452320000000002,353.6665805046386,0.35804445798366913,0,56.0
2036-01-10,38,69517,623,Unemployed,Bachelor,15,47423,108,Married,1,Mortgage,610,0.48190952230052103,3,0,0.1573517360466559,1,Education,0,16,4,46848,3589,50437,17658,5793.083333333333,0.7872483126257159,5,32779,0.28092300000000003,0.2451684069883734,1091.7741215890599,0.2937596481302231,0,66.0
2036-01-11,49,76890,647,Employed,Associate,26,34684,36,Married,3,Rent,294,0.1916453613460997,2,0,0.23980872211730228,0,Education,0,21,4,1207,219,65992,15722,6407.5,0.9819401476362893,11,50270,0.196184,0.20460822491365824,1297.140004574339,0.248324620300326,0,49.0
2036-01-12,57,57068,458,Unemployed,High School,35,8636,48,Single,1,Mortgage,555,0.29919134616738924,3,2,0.32982049206708214,0,Home,1,28,19,2322,1292,139787,24830,4755.666666666667,0.8364740691552089,6,114957,0.274636,0.28428487014401893,303.10428523353346,0.18043827403803184,0,59.0
2036-01-13,40,72217,602,Employed,Bachelor,15,42474,48,Divorced,1,Mortgage,260,0.44905416533398496,5,1,0.1886115524105256,1,Home,1,19,3,979,8346,56136,13788,6018.083333333333,0.9187529465294834,5,42348,0.236474,0.22923211227911172,1359.567881264272,0.2691168918007016,0,69.0
2036-01-14,47,106319,514,Employed,Master,23,30654,36,Married,1,Own,311,0.3241299587583916,3,0,0.15821632848424083,0,Home,0,18,22,4036,1419,63988,22306,8859.916666666666,0.8467027015196305,4,41682,0.25865400000000005,0.28015233272620543,1268.2117072707938,0.17824227548462201,1,39.2
2036-01-15,44,20279,509,Unemployed,High School,21,13731,48,Divorced,2,Mortgage,274,0.3438652125856821,4,5,0.5678498086303685,0,Home,0,19,22,6401,1027,95640,9091,1689.9166666666667,0.5871815911297574,7,86549,0.254231,0.2821405495238564,480.23812840366844,0.4463167582644125,0,61.0
2036-01-16,49,69342,545,Employed,High School,25,23640,60,Widowed,4,Mortgage,213,0.37136588126864095,3,0,0.36330830542203796,0,Other,0,21,9,3257,211,148153,3256,5778.5,0.7751506905404628,7,144897,0.25614,0.22467447074386954,659.2094910950412,0.15094046743878883,1,40.800000000000004
2036-01-17,22,32508,517,Employed,High School,4,31659,72,Single,0,Mortgage,453,0.24882942554874463,3,0,0.6538324070332873,0,Other,0,24,29,10604,201,144380,63270,2709.0,0.9324301156263133,4,81110,0.288159,0.3457908,1047.7896796910204,0.5540013583207901,0,57.0
2036-01-18,46,64449,537,Employed,Bachelor,23,25484,60,Married,2,Other,125,0.31892309497321725,5,1,0.546045248060206,0,Debt Consolidation,0,26,22,3208,1146,40339,20543,5370.75,0.8908817377208015,8,19796,0.261984,0.30323747584827754,829.5688268515189,0.17773473478592727,0,58.0
2036-01-19,18,24277,375,Employed,Associate,0,8514,36,Single,0,Rent,398,0.5696507872704537,3,1,0.17371693979899852,0,Home,0,18,5,9088,2491,140213,12754,2023.0833333333333,0.7650342661400459,9,127459,0.306014,0.26419394204198515,344.9393037271679,0.3672311918575613,0,51.0
2036-01-20,61,59495,617,Employed,High School,39,36827,24,Married,0,Mortgage,498,0.3161922810448561,4,0,0.24943910398261823,0,Auto,0,29,12,1454,799,11950,21656,4957.916666666667,0.8158037902469583,5,6780,0.203327,0.16266160000000002,1807.8514057144807,0.4650847444083329,0,49.0
2036-01-21,18,39735,477,Employed,Associate,0,8844,60,Single,0,Mortgage,490,0.078139413296619,4,3,0.305429302683451,0,Auto,0,16,27,3702,1997,17720,54370,3311.25,0.8847135356695289,5,3245,0.275344,0.2202752,244.40005998944034,0.22178937259024248,1,43.2
2036-01-22,37,206709,624,Employed,Associate,13,23484,12,Single,3,Mortgage,144,0.1556218632362515,2,0,0.36673112470951236,0,Education,0,29,28,953,601,57085,35732,17225.75,0.7168899308392437,5,21353,0.17648400000000003,0.1567792383478552,2127.145843245811,0.13184597728666742,1,38.400000000000006
2036-01-23,43,37108,575,Employed,Bachelor,20,18195,36,Single,2,Rent,202,0.5388606706697316,2,0,0.35050490045132376,0,Debt Consolidation,0,38,7,4532,4615,26016,50251,3092.3333333333335,0.6612651934733645,4,2936,0.215695,0.2118282149605122,687.2069557958646,0.28755210384688945,0,57.0
2036-01-24,42,41953,512,Employed,Bachelor,20,27523,24,Married,1,Other,370,0.024704648609696702,2,0,0.09575699381353063,0,Home,0,26,4,3625,1206,47112,13515,3496.0833333333335,0.8302674950715984,6,33597,0.246523,0.2805635460399869,1511.4865991148922,0.5381698374223227,0,53.0
2036-01-25,23,46420,606,Employed,Master,1,9107,36,Single,0,Rent,276,0.2049083889485064,5,1,0.16958372327617452,0,Auto,0,21,28,6041,907,55392,51682,3868.3333333333335,0.7161123201464321,4,3710,0.191107,0.19197606739311726,334.73694899999543,0.15788115872468644,1,38.400000000000006
2036-01-26,43,88383,619,Self-Employed,Bachelor,22,13204,12,Married,2,Rent,1352,0.31008453018444504,1,0,0.22727471165552524,0,Auto,0,25,14,5464,1162,67997,8210,7365.25,0.7653707869422867,7,59787,0.16870400000000002,0.16300828554943922,1199.8907499104143,0.34647713925670065,1,39.2
2036-01-27,45,20658,543,Employed,High School,23,15000,48,Married,2,Rent,360,0.11204899990553813,2,2,0.5215281693834743,0,Education,0,20,17,1923,783,67603,7638,1721.5,0.6969985510331245,4,59965,0.23850000000000002,0.22343443958700868,475.39240629797723,0.48527005884285634,0,57.0
2036-01-28,39,49984,534,Employed,High School,14,20064,72,Married,3,Mortgage,753,0.5025516400709903,6,2,0.556628617697683,0,Home,0,27,1,932,414,213842,10191,4165.333333333333,0.7740301228149068,9,203651,0.26806399999999997,0.22640693903489567,511.7890720380142,0.3036465441832621,0,60.0
2036-01-29,36,22872,539,Employed,Master,12,28945,12,Divorced,0,Other,379,0.20771706305257412,1,1,0.21816161067705633,0,Debt Consolidation,0,33,24,4352,1595,60082,93879,1906.0,0.939936855623503,4,2335,0.224445,0.22401653108313344,2714.6876576415452,1.6231309851214824,0,54.0
2036-01-30,30,54476,600,Employed,Associate,9,18752,48,Married,0,Rent,841,0.47064433068400624,4,1,0.21250491687841658,0,Home,0,30,2,6106,1711,24669,26435,4539.666666666667,0.5973102259966191,7,7758,0.213752,0.24101847366435764,612.4059274886207,0.3201569705900479,0,54.0
2036-01-31,53,112750,564,Employed,High School,28,38112,72,Single,2,Mortgage,446,0.26247913233694564,2,0,0.09772185067010351,0,Debt Consolidation,0,18,24,4386,899,127940,81871,9395.833333333334,0.9265054960777456,7,46069,0.271112,0.299939224071928,1146.418384990981,0.16948133587487157,0,49.0
2036-02-01,42,85592,596,Employed,High School,18,21430,36,Married,1,Own,206,0.1343873073237237,0,1,0.21515900128538493,1,Auto,0,28,13,2622,1135,215750,9820,7132.666666666667,0.8025416281000182,5,205930,0.20843,0.24739303267914026,849.1011010201613,0.14792519408638583,0,58.0
2036-02-02,48,40001,586,Employed,Associate,24,23508,48,Married,0,Rent,321,0.585154360280741,2,1,0.33035850751787393,0,Other,1,23,11,3246,1214,303509,21226,3333.4166666666665,0.6479310376783626,4,282283,0.22550800000000001,0.20749277329528873,724.7751256888712,0.31372469458929664,0,56.0
2036-02-03,38,40383,607,Employed,Bachelor,14,5849,60,Married,1,Rent,799,0.36085830034908095,2,3,0.2908791188605346,0,Auto,0,20,9,4515,1576,36224,17017,3365.25,0.8511046520752606,3,19207,0.207349,0.17967224490761258,148.42189015377127,0.2815309085963216,0,51.0
2036-02-04,31,71012,532,Employed,Bachelor,8,59418,60,Married,4,Mortgage,542,0.3339808045769894,3,1,0.29054268206747724,0,Education,0,28,20,357,4906,7922,6812,5917.666666666667,0.9475701128600341,3,1110,0.298418,0.2904023347002252,1887.4940950338446,0.41054933166797347,0,52.0
2036-02-05,43,181507,590,Employed,Bachelor,19,17449,24,Widowed,4,Mortgage,671,0.22747475584830737,5,2,0.0741933181463754,0,Auto,0,26,5,9329,1855,187998,71171,15125.583333333334,0.7986212333116142,9,116827,0.19744899999999999,0.22074092831218003,905.8604917862909,0.10425121841821797,1,36.800000000000004
2036-02-06,47,73166,571,Employed,High School,24,12491,108,Married,1,Rent,445,0.4490320295742626,4,1,0.1465135678575618,0,Debt Consolidation,0,30,14,18254,692,29161,13569,6097.166666666667,0.8329244077520117,8,15592,0.271991,0.27140151608294744,310.21865862000925,0.12386386987726691,0,51.0
2036-02-07,22,51842,446,Employed,Associate,0,48006,48,Single,2,Mortgage,218,0.1871276323422203,1,2,0.28218326802197347,0,Education,0,25,18,2068,920,25564,21490,4320.166666666667,0.9111513217779682,3,4074,0.320006,0.3164024725548936,1774.6001350451654,0.4612322368068744,0,51.0
2036-02-08,39,105174,532,Employed,High School,19,9872,36,Single,1,Other,499,0.37025782048260475,4,1,0.16204545849733196,0,Auto,0,23,24,2783,274,87756,5910,8764.5,0.9478032340168456,11,81846,0.228872,0.24094617196497783,387.79732455996924,0.1011805949637708,1,37.6
2036-02-09,50,50763,583,Employed,Master,28,27520,48,Married,1,Mortgage,592,0.41047132445122975,4,1,0.17734600078972357,0,Education,0,16,19,5812,871,125549,111493,4230.25,0.6997808516405013,5,14056,0.23102,0.2489526352701069,910.8772974051536,0.35526914423619255,0,51.0
2036-02-10,42,44338,620,Unemployed,Master,19,14890,72,Single,0,Mortgage,371,0.3366213523497127,1,2,0.23413510000797094,0,Auto,0,27,7,9237,1546,107980,56930,3694.8333333333335,0.8979834045798756,4,51050,0.21989000000000003,0.22715932585157342,380.4817292070378,0.20338717918003638,0,52.0
2036-02-11,36,71975,608,Employed,High School,13,16389,24,Married,1,Mortgage,521,0.11783784548079008,2,0,0.25507324535414727,0,Other,0,35,1,49906,894,50800,17562,3041.8333333333335,0.8214535061636743,5,33238,0.187389,0.17125269418053976,811.296090776527,0.4379911536167421,0,52.0
2036-02-12,41,37382,423,Employed,Associate,17,27773,60,Widowed,2,Own,861,0.2581959303194464,1,2,0.005281557654057803,0,Home,0,26,4,1329,6403,34491,124084,3115.1666666666665,0.6706324940634265,9,6291,0.321273,0.2687962886849449,846.0606709436311,0.5479837368606167,0,54.0
2036-02-13,53,47289,653,Employed,Bachelor,34,33277,48,Single,1,Rent,315,0.15311646046702138,1,1,0.1052596562698877,0,Other,0,17,27,6317,652,142396,3828,3940.75,0.8784284055416678,1,138568,0.201777,0.18471030850316403,985.721504918049,0.3300695311598171,0,40.0
2036-02-14,39,47818,651,Employed,Master,15,19682,96,Single,0,Own,181,0.15014007284842304,5,2,0.19307740543723012,0,Home,0,36,8,2545,500,63615,28367,3984.8333333333335,0.7968507719188577,7,35248,0.229182,0.24349937936831612,467.3111348522504,0.1626946676612783,0,45.0
2036-02-15,36,60861,614,Employed,High School,15,6522,96,Single,2,Own,421,0.1627058647430681,3,2,0.1486876589864737,0,Home,0,22,27,5594,1167,47348,181181,5071.75,0.803486718247697,5,5060,0.234522,0.21800693301051585,144.0687476222449,0.11141494506279784,1,36.800000000000004
2036-02-16,48,122105,615,Self-Employed,Associate,25,45416,36,Married,0,Other,152,0.21683245387149724,1,2,0.06953598394645773,0,Home,0,22,14,619,18615,125281,58840,10175.416666666666,0.9044125199353539,5,66441,0.22291599999999998,0.186363962501558,1656.432499202145,0.17772564588203382,1,36.800000000000004
2036-02-17,31,139326,650,Employed,Doctorate,11,43237,72,Single,0,Mortgage,176,0.1402106704552561,8,0,0.11244698507727335,0,Home,0,32,22,2539,1109,27211,13291,11610.5,0.9693711444011751,3,13920,0.233237,0.23969798569947676,1137.5006084907172,0.11313040855180373,1,32.800000000000004
2036-02-18,58,138500,622,Employed,Bachelor,37,38650,48,Married,2,Rent,384,0.6187431264693483,6,0,0.40274799092652863,0,Home,0,20,4,467,498,32432,33108,11541.666666666666,0.9608725657918966,4,3592,0.22265000000000001,0.22088692252848602,1219.5716897112425,0.1389376193251618,1,44.800000000000004
2036-02-19,22,48337,553,Employed,Master,1,25196,36,Single,0,Mortgage,643,0.04443921277414669,0,3,0.269288369374783,0,Auto,0,27,2,7378,3316,40079,12197,4028.0833333333335,0.8125412601216597,6,27882,0.233696,0.21018495924270933,949.5002875332713,0.3953493897097307,0,56.0
2036-02-20,28,143829,606,Employed,Master,7,38301,72,Married,1,Rent,416,0.16180048097177765,5,1,0.3928497099532339,0,Home,0,27,1,2533,293,35707,8190,11985.75,0.8656334948781861,6,27517,0.250301,0.2618651404457634,1059.7808394846302,0.12312795106560959,0,52.0
2036-02-21,49,36284,587,Employed,Bachelor,29,26280,12,Single,0,Own,449,0.25130068909195113,2,1,0.1553703650164306,0,Debt Consolidation,0,31,3,323,2464,32253,22287,3023.6666666666665,0.933748491702578,3,9966,0.19778,0.1586818915128526,2382.7680227987726,0.9365344579865856,0,54.0
2036-02-22,31,62079,552,Employed,Master,8,15930,36,Married,0,Rent,182,0.09973902738452173,3,0,0.3431753798650615,0,Auto,0,24,18,7798,118,41354,18888,5173.25,0.6855177741834325,6,22466,0.22493,0.24098731170110269,625.8054410841657,0.15615047428292964,0,53.0
2036-02-23,54,55876,583,Employed,High School,31,19190,24,Single,2,Rent,441,0.41519485848790055,3,2,0.5406055141169536,0,Auto,0,22,11,2964,980,69788,8838,4656.333333333333,0.9156256988245304,5,60950,0.20269,0.22641651056450873,1001.6328951679019,0.30982165405567375,0,57.0
2036-02-24,47,210464,594,Employed,Master,26,18510,48,Married,2,Mortgage,387,0.3260499567840757,1,0,0.20347579021559214,0,Debt Consolidation,0,26,5,4182,444,18100,27294,17538.666666666668,0.9511192973045144,3,5762,0.21651,0.25185166053675634,615.6516139918043,0.057168063744401185,1,41.6
2036-02-25,46,64363,587,Employed,Bachelor,25,10063,72,Married,1,Rent,1197,0.19966558348521768,1,0,0.24002306703892556,0,Debt Consolidation,0,19,22,15584,1443,46340,40578,5363.583333333333,0.945172900909701,4,5762,0.231563,0.25148890615346375,271.9889179330419,0.2738819976569847,0,51.0
2036-02-26,31,51504,598,Self-Employed,Bachelor,9,20391,72,Married,1,Mortgage,365,0.4106070831474057,3,0,0.18314845398119978,0,Debt Consolidation,0,23,9,3649,2626,111709,7830,4292.0,0.9006814438091003,4,103879,0.236391,0.2473456788031039,545.9594864593965,0.2122459194919377,0,51.0
2036-02-27,36,17859,576,Employed,Associate,12,28182,24,Married,4,Mortgage,409,0.4378644003407723,3,0,0.15425004714101828,0,Home,0,28,21,3853,785,107491,13191,1488.25,0.6740674675286956,7,94300,0.215182,0.21228824093763846,1451.3198390447806,1.2500049313252348,0,51.0
2036-02-28,37,19202,595,Employed,Bachelor,11,16474,36,Single,3,Mortgage,822,0.11866748467934493,3,0,0.2531132535753736,0,Other,0,22,15,2456,9329,96449,48750,1600.1666666666667,0.8360724557134156,5,47699,0.203974,0.19598025357231222,608.8639414146069,0.8941968178822666,0,53.0
2036-02-29,64,67569,639,Employed,Bachelor,44,12597,60,Divorced,0,Mortgage,399,0.43062909911898173,5,1,0.6210475963262425,0,Debt Consolidation,0,26,2,1845,2133,33791,7866,5630.75,0.7572349264835675,4,25925,0.19809700000000002,0.23771640000000002,360.7222743368941,0.134923815537343,0,60.0
2036-03-01,42,29568,571,Employed,High School,17,56603,24,Married,1,Own,429,0.46674363381120176,3,0,0.1445284818418398,0,Education,0,27,1,3771,1048,19521,85181,2464.0,0.8153385733922431,10,9979,0.246103,0.26862237625999075,3074.1322902360484,1.4217257671412535,0,57.0
2036-03-02,28,44268,595,Employed,Associate,6,26843,72,Divorced,0,Rent,492,0.29170359995914785,3,0,0.06837077973973385,0,Home,0,16,8,9589,47,68081,18880,3689.0,0.8532310150571991,0,49201,0.244343,0.2533097646383819,728.5358471670986,0.33085818573247455,0,52.0
2036-03-03,29,25520,464,Employed,Associate,8,19869,48,Married,0,Own,285,0.5370463881838576,2,1,0.3622591076409578,0,Auto,0,24,18,1785,2087,102447,60758,2126.6666666666665,0.8572054820409563,4,41689,0.282869,0.32058185611061385,739.3823124874585,0.4816844729564852,0,57.0
2036-03-04,44,48084,481,Employed,Master,18,33401,72,Married,1,Mortgage,334,0.18579479347763397,2,1,0.23354136840829587,0,Home,0,29,14,3839,575,176036,26043,4007.0,0.5448498738551902,5,149993,0.307901,0.3607331062301712,1139.0994827313486,0.3676315155306585,0,48.0
2036-03-05,42,67584,584,Unemployed,Bachelor,21,57051,108,Single,0,Rent,631,0.06762930350197881,4,3,0.26030261643310515,0,Debt Consolidation,0,26,16,8429,1156,181332,147408,5632.0,0.7505878626950542,7,33924,0.31005099999999997,0.32248058914658145,1625.8933684189499,0.40072680547211464,0,54.0
2036-03-06,44,36143,605,Employed,Bachelor,19,19178,48,Divorced,4,Own,509,0.2610376303432353,3,0,0.5001802487288072,0,Home,0,25,13,6146,453,35328,2138,3011.9166666666665,0.9715133887214771,6,33190,0.211678,0.2540136,640.1880476272971,0.38154709270197734,0,56.0
2036-03-07,38,55524,539,Employed,High School,18,16031,48,Married,2,Mortgage,512,0.15276964587697203,3,1,0.5894584499456906,0,Other,0,28,12,1429,2655,84856,140235,4627.0,0.7205494503349512,4,3493,0.241531,0.2085833915146296,495.19039779902363,0.21767676632786334,0,57.0
2036-03-08,54,74376,591,Employed,Associate,32,24973,60,Divorced,2,Rent,558,0.25758935022623225,2,0,0.0366975117615977,0,Auto,0,20,10,1584,1758,29704,16492,6198.0,0.6715417503039063,4,13212,0.234473,0.2381972805687569,715.811697585412,0.20551979631904035,0,50.0
2036-03-09,32,27545,571,Employed,High School,11,11852,72,Married,0,Rent,542,0.35202484643364196,5,1,0.19929622947716003,0,Education,0,16,4,918,8910,55750,19440,2295.4166666666665,0.8647206541954174,4,36310,0.241352,0.2700717828058578,334.01040775575535,0.3816345940486137,0,55.0
2036-03-10,40,88148,601,Employed,Bachelor,15,26150,96,Married,0,Mortgage,824,0.2538395285319493,3,2,0.19587568655692147,0,Debt Consolidation,0,24,13,4932,1644,13925,18547,7345.666666666667,0.958955185663085,1,4307,0.26065,0.29161962419120524,705.9035846295321,0.2082729388704722,0,46.0
2036-03-11,43,35310,611,Employed,Bachelor,22,11908,36,Married,1,Rent,533,0.3477333700725371,4,2,0.17313693346707124,0,Home,0,21,7,1255,406,50800,27884,2942.5,0.8956776705270034,5,22916,0.191408,0.19546858455217386,439.79933626778967,0.3306030029797076,0,49.0
2036-03-12,25,25449,530,Employed,Bachelor,0,39505,72,Single,3,Own,542,0.2495299852442167,1,0,0.4231171647542282,0,Other,0,22,21,4289,831,118376,29539,2120.75,0.7567289461256244,3,88837,0.289505,0.30706347771684367,1206.5219675718195,0.8244828327581372,0,56.0
2036-03-13,59,54958,632,Employed,Doctorate,36,27986,72,Single,3,Mortgage,481,0.3166194968367378,4,1,0.5606734789640967,0,Education,0,20,2,15362,953,72068,21373,4579.833333333333,0.9790738833811046,5,50695,0.22698600000000002,0.21494556119581443,694.8080330256875,0.2567359874141754,0,57.0
2036-03-14,31,28453,530,Employed,High School,10,12496,60,Divorced,3,Mortgage,454,0.2271780111402273,2,0,0.37155214835465566,0,Other,0,34,29,3907,969,59903,10897,2371.0833333333335,0.7213804861572456,4,49006,0.252496,0.2019968,332.4574687271165,0.3316869793949811,0,56.0
2036-03-15,46,35103,584,Employed,High School,24,27346,48,Married,2,Other,1076,0.26686953849677963,3,1,0.6272115017689991,0,Education,0,27,18,15463,1116,101385,5501,2925.25,0.8116978132396888,5,95884,0.23034600000000002,0.23077366378117714,877.6390879371044,0.6678537177803963,0,57.0
2036-03-16,44,35098,563,Employed,Master,21,8930,48,Single,2,Mortgage,281,0.190016878921187,6,1,0.13394408435479913,0,Home,1,26,21,806,1122,271847,10465,2924.8333333333335,0.8959134066810125,4,261382,0.22243,0.25637786575917293,299.2786002450786,0.19839715091859775,1,40.0
2036-03-17,35,72977,621,Unemployed,Bachelor,15,33190,72,Divorced,1,Mortgage,376,0.38153025178710653,3,1,0.2444079149351389,0,Debt Consolidation,0,24,27,33312,754,58871,22431,6081.416666666667,0.8810100584066509,5,36440,0.23769,0.24463193118351234,883.1434935246319,0.2070477263013769,0,52.0
2036-03-18,40,54651,613,Employed,High School,18,20306,36,Single,0,Rent,736,0.2497946972234327,3,0,0.0724768902172479,0,Home,0,22,28,6350,2868,149371,14778,4554.25,0.9591060766444238,6,134593,0.19880599999999998,0.21379416272439836,768.9913629575788,0.3304586623390413,0,43.0
2036-03-19,18,39624,574,Employed,High School,0,35338,60,Married,0,Rent,358,0.12061945691660383,1,3,0.36413149213321544,0,Education,0,26,21,4318,1980,13317,20808,3302.0,0.6750385593585814,2,6964,0.253338,0.2359006888203109,1008.2114985336345,0.4137527251767518,0,54.0
2036-03-20,34,38247,553,Employed,Associate,9,38800,12,Married,0,Own,1098,0.11809991905256763,3,3,0.5871689544434942,0,Auto,0,22,16,3135,1193,41540,7926,3187.25,0.9869526342222559,4,33614,0.2273,0.27276,3730.702230378323,1.515005798220511,0,58.0
2036-03-21,45,66018,544,Self-Employed,Bachelor,25,37308,48,Single,3,Mortgage,554,0.19018219729894026,2,2,0.1680904978835086,0,Education,0,24,25,308,3777,140016,17298,5501.5,0.6579988653277752,3,122718,0.260308,0.26082076376062263,1259.648655931477,0.32966439260773917,0,48.0
2036-03-22,56,67515,646,Employed,Master,34,42774,36,Divorced,1,Mortgage,364,0.07051962889017722,7,1,0.34432421087554543,0,Education,0,21,15,4299,632,93355,50877,5626.25,0.6782529792040877,7,42478,0.204774,0.23948509327720474,1676.9898398571881,0.3627620244136304,0,50.0
2036-03-23,48,99350,467,Employed,Bachelor,28,9527,36,Single,3,Other,371,0.3112800256992441,4,0,0.0768602936549797,0,Education,0,22,13,11577,1599,13176,6488,8279.166666666666,0.6560248549375418,7,6688,0.261027,0.2528385301449304,380.223580642067,0.09073661769204634,1,39.2
2036-03-24,30,15000,598,Employed,High School,8,37075,48,Single,5,Mortgage,478,0.15291006354556938,2,0,0.24693355844169326,0,Home,0,23,3,26467,717,63958,31279,1250.0,0.9118221367406193,3,32679,0.233075,0.22450649528745745,1177.1772749667427,1.324141819973394,0,56.0
2036-03-25,18,25369,584,Employed,High School,0,33395,120,Married,2,Rent,332,0.23333907629889553,3,2,0.3661062240989854,0,Debt Consolidation,0,27,6,652,2758,42708,17659,2114.0833333333335,0.5384489091577466,6,25049,0.296395,0.30481671890004164,892.2560747467863,0.5790954667886569,0,58.0
2036-03-26,53,26529,626,Employed,Associate,32,11895,48,Married,3,Own,832,0.22280187498270082,4,0,0.288348564352101,1,Debt Consolidation,0,21,2,2760,301,86145,18184,2210.75,0.6535094956199741,3,67961,0.193895,0.2033754828536304,364.11184892709707,0.5410434689255217,0,65.0
2036-03-27,52,31195,669,Employed,Bachelor,34,21557,60,Married,4,Rent,124,0.3365300944077795,1,2,0.2656819501963574,0,Home,0,20,10,2310,1058,7101,8295,2599.5833333333335,0.6995481052005618,5,8105,0.19205699999999998,0.18460431799205548,552.8198932484424,0.26035706744610704,0,47.0
2036-03-28,39,84532,548,Employed,Master,16,23862,36,Married,1,Own,664,0.5387050178948823,5,2,0.30388380992418523,0,Other,0,23,6,8538,670,65579,27486,7044.333333333333,0.8640519361464546,4,38093,0.234862,0.2533670080276873,953.0034009110776,0.2295466901402183,0,56.0
2036-03-29,57,230509,610,Employed,Master,35,43134,24,Married,0,Own,499,0.07817201087966273,3,2,0.32702640621055085,0,Auto,0,24,3,1380,962,20545,31608,19209.083333333332,0.7236981462350449,3,8129,0.213134,0.22285137747286513,2243.7906297251584,0.14278612790260642,1,40.800000000000004
2036-03-30,63,71773,620,Employed,Associate,41,9142,36,Divorced,1,Mortgage,448,0.32332650279951375,4,0,0.28286594867489856,0,Auto,0,22,13,3507,324,11915,19222,5981.083333333333,0.6956630158539993,5,2321,0.18414200000000003,0.17620743003945114,328.76850117236313,0.1298708708576813,1,39.2
2036-03-31,41,75691,552,Employed,Doctorate,20,40204,36,Divorced,3,Rent,440,0.3022082545435865,3,0,0.2775085052268231,1,Home,0,29,2,1391,1344,71698,59184,6307.583333333333,0.904637127673957,6,12514,0.24920399999999998,0.20970144597034177,1514.0721939686453,0.3097972853790245,0,68.0
2036-04-01,48,53508,554,Employed,High School,24,72595,72,Married,3,Mortgage,399,0.2696243015814012,2,1,0.04383527717724053,0,Debt Consolidation,1,29,5,4256,734,185398,3739,4459.0,0.7504288008255373,4,181659,0.310595,0.24899050200073497,1951.0098957462758,0.5270262156865387,0,54.0
2036-04-02,27,95352,609,Employed,Master,4,26468,24,Divorced,0,Rent,380,0.3093218608354301,3,2,0.48489312411915136,0,Debt Consolidation,0,28,16,11535,1256,33742,33004,7946.0,0.7444618972852803,6,9973,0.19696799999999998,0.21677647121631188,1368.9012740463086,0.22009832293560389,0,52.0
2036-04-03,52,41692,616,Employed,High School,29,17704,48,Single,2,Rent,413,0.04319927434871243,3,0,0.1273908028997951,0,Education,0,28,15,12752,4976,47006,16177,3474.3333333333335,0.6477880526436723,3,30829,0.20470400000000002,0.24564480000000002,582.721566033733,0.2865935621319389,0,47.0
2036-04-04,78,24600,599,Employed,Master,53,61977,60,Married,3,Rent,283,0.18608080483502817,1,3,0.4088560230264962,1,Auto,0,26,15,3547,1397,45870,13222,2050.0,0.8748098470743696,6,32648,0.267477,0.3209724,2085.7329523488684,1.1554794889506674,0,69.0
2036-04-05,32,300000,594,Employed,High School,11,12693,72,Widowed,3,Mortgage,188,0.28112543938510015,6,1,0.40800734094472907,0,Home,0,15,23,1803,101,206193,127063,25000.0,0.8710213676896253,3,79130,0.230693,0.23964101517982966,333.8899069417726,0.020875596277670903,1,41.6
2036-04-06,51,80401,602,Employed,Bachelor,29,13619,24,Single,0,Rent,456,0.05176467755155145,0,1,0.2550971781612957,0,Education,0,29,2,3363,633,54873,5480,6700.083333333333,0.8154219191130222,3,49393,0.18761899999999998,0.19966303710810557,692.9257710564636,0.17147932553920428,1,40.800000000000004
2036-04-07,18,27121,587,Unemployed,Doctorate,0,10537,72,Single,1,Rent,531,0.32936819655013033,2,0,0.020750037895376307,0,Home,0,35,25,1296,52,103981,59156,2260.0833333333335,0.822955731272211,2,44825,0.232037,0.24974300854492876,283.67089462443437,0.3604605558605218,0,55.0
2036-04-08,39,20687,579,Unemployed,High School,19,13992,48,Married,0,Mortgage,204,0.37016882888969477,1,0,0.054909665911436055,0,Home,0,29,3,1538,598,49955,64935,1723.9166666666667,0.7055272417138433,4,1321,0.21949200000000002,0.26294648187298514,474.0949668090004,0.3933455600960992,0,58.0
2036-04-09,50,110791,659,Employed,Bachelor,26,19540,60,Married,1,Rent,400,0.1061760243032013,4,2,0.09623042808913174,0,Home,0,18,17,4328,2203,75803,29537,9232.583333333334,0.7549355543921445,5,46266,0.19504,0.1808591528432788,497.1012796873447,0.09716687597591984,1,33.6
2036-04-10,40,29180,565,Employed,Associate,20,11027,48,Single,3,Rent,610,0.251254233304777,2,0,0.19789547149956274,1,Auto,0,23,19,2229,3094,20783,56180,2431.6666666666665,0.8878728165120201,9,2970,0.223527,0.24837745673333317,364.6264608905483,0.40080594690495475,0,64.0
2036-04-11,33,30893,603,Employed,Bachelor,9,31038,120,Married,3,Mortgage,413,0.4865250514202404,4,0,0.5615073616661771,0,Debt Consolidation,0,17,11,2026,652,57949,39185,2574.4166666666665,0.7850348272967805,5,18764,0.284538,0.25370237817365043,714.210325426953,0.4378507721853959,0,57.0
2036-04-12,44,67215,515,Employed,High School,24,23358,72,Widowed,1,Other,438,0.5569350936934168,3,3,0.49295885547359536,0,Debt Consolidation,0,24,5,3266,1251,11660,57195,5601.25,0.8193899041200167,2,7915,0.280858,0.2891358158137893,686.4284044172902,0.2007459771331917,0,59.0
2036-04-13,56,25036,623,Employed,High School,32,21514,36,Married,1,Rent,949,0.41472964794690176,2,1,0.3116333362564328,0,Education,0,27,2,382,7373,14336,47569,2086.3333333333335,0.8095695533603868,6,3123,0.19501400000000002,0.1915075136435465,790.2583621339677,0.8336435670876982,0,58.0
2036-04-14,35,24919,519,Employed,Master,12,59770,36,Married,4,Rent,394,0.33728695849136875,5,0,0.08706775532879867,1,Home,0,20,14,7095,159,256655,38284,2076.5833333333335,0.8521345831410428,1,218371,0.28527,0.2727048880862204,2448.8048151184016,1.368981812328778,0,60.0
2036-04-15,47,148399,576,Employed,High School,23,49229,96,Married,1,Own,326,0.617710847087693,3,0,0.10286272377950528,0,Education,0,23,20,4478,2719,37211,8489,12366.583333333334,0.8810129011835021,0,28722,0.296229,0.24474063743211535,1172.8738603031322,0.12120355476544711,1,40.0
2036-04-16,19,41859,604,Employed,High School,0,10348,36,Single,4,Mortgage,333,0.29291397164439026,1,0,0.5125703672806707,0,Debt Consolidation,0,26,10,2604,2475,19207,24144,3488.25,0.6398152895652777,3,5133,0.193348,0.19039156787488373,379.5213915002874,0.20426328144493294,0,56.0
2036-04-17,46,32227,580,Employed,Bachelor,22,40088,48,Married,3,Mortgage,1316,0.3858914564233646,4,1,0.05521186217495278,0,Home,0,28,28,5053,5838,49898,4469,2685.5833333333335,0.7717282454747547,6,45429,0.245088,0.26201878158499864,1356.216470398557,0.9950227338809906,0,51.0
2036-04-18,55,96263,608,Employed,Bachelor,31,14435,48,Divorced,2,Mortgage,459,0.38129965086190154,1,1,0.48624553936528386,0,Home,0,25,11,4153,56,26336,6789,8021.916666666667,0.9118627214549246,4,19547,0.205435,0.20523165730396872,443.2959301409897,0.11247884609550789,1,41.6
2036-04-19,34,37009,609,Unemployed,High School,12,20323,48,Single,1,Own,657,0.47489730186728707,5,0,0.21953008725109277,0,Debt Consolidation,0,28,15,3151,480,146339,27692,3084.0833333333335,0.4886906261863089,4,118647,0.210823,0.24570387243465722,668.9918279350462,0.42994682199520534,0,50.0
2036-04-20,44,115967,658,Employed,Master,20,30379,72,Married,3,Mortgage,233,0.06539449781032894,5,2,0.2593988479146844,0,Auto,0,24,29,4495,1192,173588,19646,9663.916666666666,0.8896114946441501,4,153942,0.216379,0.21800880182814011,759.7201833252012,0.10272441470334161,1,32.0
2036-04-21,18,34736,559,Employed,High School,0,12220,84,Married,1,Own,614,0.20231849352827638,4,2,0.4988373559119651,0,Home,0,19,25,3061,1143,29851,3288,2894.6666666666665,0.9905146680688965,8,26563,0.25772,0.260135356035417,317.27089533218117,0.3217195631041621,0,57.0
2036-04-22,32,25178,590,Self-Employed,High School,8,16861,60,Divorced,5,Rent,278,0.24631352359052794,2,0,0.553644264132103,0,Home,0,18,4,7312,831,24896,18467,2098.1666666666665,0.8764503874124867,4,6429,0.22686099999999998,0.21493655854775376,460.8413592264267,0.35213663955505287,0,66.0
2036-04-23,40,61049,574,Employed,Bachelor,19,14858,12,Divorced,0,Mortgage,902,0.20074152460025246,2,1,0.2204967162588334,0,Auto,0,22,15,6139,249,64423,74481,5087.416666666667,0.7953392705030954,8,6194,0.19285800000000003,0.19463235255963948,1372.549418015723,0.4470932040850575,0,52.0
2036-04-24,35,21475,603,Employed,High School,11,37164,96,Married,4,Mortgage,488,0.2704287676961424,1,1,0.29625491531755616,0,Home,0,17,6,1127,9156,94863,7589,1789.5833333333333,0.9146911845247011,4,87274,0.270664,0.30611449686683717,1040.748166340237,0.8542481022622979,0,51.0
2036-04-25,37,52007,542,Employed,Bachelor,12,29974,24,Single,4,Mortgage,523,0.4674775370609787,2,1,0.0748967591809553,0,Auto,0,29,14,10854,3658,54870,8764,4333.916666666667,0.8134467309703343,6,46106,0.233974,0.20903558215139598,1538.8140032764136,0.47573918971132656,0,51.0
2036-04-26,48,15054,601,Employed,High School,23,15007,60,Married,0,Rent,918,0.15291338246384886,1,1,0.19095524477655706,0,Home,0,19,26,16405,2465,22858,9334,1254.5,0.8311607834519996,3,13524,0.219507,0.20373687219069245,400.7204769090612,1.0511920900032374,0,48.0
2036-04-27,48,244959,634,Employed,Bachelor,27,11989,60,Married,3,Rent,522,0.320531204577704,1,0,0.28241887912873764,0,Debt Consolidation,0,20,19,1773,1572,48083,26178,20413.25,0.8580039292808594,5,21905,0.19998900000000003,0.1880347808433129,309.70628762737476,0.04074345278813392,1,37.6
2036-04-28,62,27699,591,Employed,High School,44,40477,60,Single,0,Mortgage,355,0.11085696005797803,1,2,0.09784430347852144,0,Home,0,36,18,1114,435,1694,67517,2308.25,0.8263995253298528,5,1068,0.249977,0.2672855172008546,1229.4198122543244,0.6864160347684715,0,51.0
2036-04-29,37,70644,590,Unemployed,Doctorate,10,21764,36,Married,2,Own,967,0.2630211764936211,2,3,0.3172282612500301,0,Auto,0,18,26,1979,1091,27218,26388,5887.0,0.7845239359674122,2,6596,0.211764,0.18002890280139425,786.8522925693096,0.29791953330547133,1,45.6
2036-04-30,27,88030,481,Unemployed,High School,2,14892,84,Married,4,Other,214,0.2782406081983102,3,1,0.6120234399749495,0,Auto,0,19,12,2784,3169,29564,46344,7335.833333333333,0.7708567384727366,5,2329,0.299392,0.2922210604512416,418.04470740174605,0.0861585424153238,0,60.0
2036-05-01,41,28714,606,Unemployed,Bachelor,15,23253,48,Single,3,Other,397,0.34292718741717165,3,1,0.05321471469894674,0,Debt Consolidation,0,21,22,2605,784,31579,16620,2392.8333333333335,0.7460355802364679,9,14959,0.215253,0.21263872179688192,723.3496286140557,0.46821047375387154,0,52.0
2036-05-02,27,31580,581,Employed,Bachelor,3,17509,72,Married,1,Mortgage,653,0.19031614621663365,3,0,0.32190661210979293,0,Debt Consolidation,0,27,9,3630,2663,93121,12663,2631.6666666666665,0.7246212995524692,2,80458,0.242009,0.21306746818378813,432.7573843494477,0.4125740535843373,0,53.0
2036-05-03,45,39133,527,Self-Employed,Associate,21,13271,36,Married,0,Other,360,0.21094311501913787,1,0,0.30264928014227854,0,Other,0,25,21,6589,1081,101708,14223,3261.0833333333335,0.9720840234180234,7,87485,0.234771,0.2240393325934731,509.6029051161544,0.2666607431424591,0,56.0
2036-05-04,57,31106,639,Self-Employed,Associate,35,42667,96,Widowed,1,Own,355,0.295186065126374,3,0,0.19013135946739945,0,Other,0,17,2,1508,1922,33780,2940,2592.1666666666665,0.49032438372707954,4,30840,0.25816700000000004,0.2540972084828046,1042.9963670472916,0.539315772023645,0,55.0
2036-05-05,24,29457,465,Self-Employed,Bachelor,0,17368,24,Single,3,Own,634,0.17571052679226679,3,1,0.3180631581258536,0,Debt Consolidation,0,22,22,6787,250,24432,19184,2454.75,0.9553984547643097,7,5248,0.259868,0.3111838951167288,981.1204087720348,0.6579571886228882,0,58.0
2036-05-06,30,68885,599,Employed,Bachelor,7,14653,24,Divorced,4,Own,226,0.15107212195977093,4,0,0.18923829520654506,0,Auto,0,21,27,784,4167,69240,7322,5740.416666666667,0.906116197905237,1,61918,0.190153,0.21779701778727809,758.5774474905115,0.17151672163585888,1,37.6
2036-05-07,44,26297,540,Employed,Associate,19,32359,48,Single,1,Mortgage,411,0.7315253086407941,1,1,0.16220402798724143,0,Other,0,23,3,2897,668,250994,16080,2191.4166666666665,0.916979976401572,5,234914,0.257359,0.23642334649420063,1048.5746613468004,0.6660415992760241,0,53.0
2036-05-08,34,59157,569,Employed,Master,13,15014,36,Single,0,Mortgage,555,0.5072494575448667,1,3,0.472388454802294,0,Other,1,30,20,2072,4060,11602,19437,4929.75,0.7257007099668777,4,3611,0.215514,0.18240270056592886,544.6034370800681,0.2230546046107953,1,50.400000000000006
2036-05-09,26,23432,581,Employed,High School,4,39718,72,Divorced,0,Rent,341,0.5036829638584632,1,1,0.5150813763273856,0,Education,0,28,16,4036,1541,63754,112215,1952.6666666666667,0.9754911664851895,6,5436,0.264218,0.2546889747393439,1081.3470069230327,0.7284126017017921,0,61.0
2036-05-10,44,31546,556,Employed,High School,22,28244,48,Widowed,1,Mortgage,878,0.18344873038289852,0,2,0.30175527836590643,0,Education,0,32,4,1046,1024,38579,1889,2628.8333333333335,0.8743631743947854,4,36690,0.245244,0.2670432913203957,963.5374518102736,0.700515102444788,0,57.0
2036-05-11,38,24417,453,Employed,High School,12,16399,36,Single,1,Rent,634,0.15177599915045079,2,1,0.35084030026155805,0,Auto,0,18,5,3039,992,43998,13182,2034.75,0.688377980317693,6,30816,0.274899,0.30121395144046553,697.2542327255417,0.6542593599830651,0,57.0
2036-05-12,43,127634,625,Self-Employed,Master,21,15703,36,Married,4,Mortgage,412,0.2712539247939006,1,0,0.4423206894782299,0,Debt Consolidation,0,23,29,11995,1476,40538,30404,10636.166666666666,0.7803811200024198,3,10134,0.188203,0.17926578972764678,567.1228680405331,0.09205599147943651,1,43.2
2036-05-13,38,48092,507,Unemployed,Associate,14,15379,60,Married,4,Mortgage,447,0.13743535597851148,4,0,0.6743846748099024,0,Auto,0,32,29,867,4241,77592,8351,4007.6666666666665,0.8490158203831343,8,69241,0.26687900000000003,0.26105955448262214,461.4196512122902,0.22667046108599107,0,59.0
2036-05-14,55,66796,604,Employed,Doctorate,30,13958,36,Single,0,Rent,374,0.3113038350032024,1,2,0.20908070417238253,0,Debt Consolidation,0,29,16,4664,281,25843,26275,5566.333333333333,0.5383563235239897,4,5053,0.196958,0.21655357597605454,530.5769383764234,0.16250858225817535,1,39.2
2036-05-15,47,49936,587,Unemployed,Associate,23,17412,36,Married,2,Rent,389,0.13611983141054446,4,1,0.5162953393791069,0,Debt Consolidation,0,25,17,821,334,80799,53329,4161.333333333333,0.6925124464376945,3,27470,0.20891200000000001,0.19034313998829086,638.5567427083871,0.24692968825097414,0,61.0
2036-05-16,36,40967,496,Employed,Doctorate,12,33222,48,Married,0,Own,183,0.307635266326899,4,0,0.6551110126831537,0,Debt Consolidation,0,19,2,5415,507,290622,33398,3413.9166666666665,0.9100858548624529,4,257224,0.28022199999999997,0.271930319023479,1142.5693219396965,0.38828403015296115,0,57.0
2036-05-17,41,142808,608,Employed,High School,16,9460,36,Single,0,Rent,699,0.5601148275796737,7,1,0.033820024575736275,0,Home,0,15,24,6172,370,158709,6397,11900.666666666666,0.9682041890759254,2,152312,0.19046,0.16853319828880406,336.5846232651682,0.08701904290503346,1,33.6
2036-05-18,32,46075,477,Employed,High School,13,8977,60,Married,1,Rent,172,0.15314695903167325,2,2,0.5112700200592052,0,Debt Consolidation,0,21,17,980,1023,42639,19837,3839.5833333333335,0.8493560276025229,5,22802,0.275477,0.2625456002294531,270.1301157824326,0.1151505456188647,0,58.0
2036-05-19,33,50898,547,Employed,Associate,11,15542,24,Married,0,Mortgage,304,0.28657246273582293,3,1,0.16115531922795223,0,Home,0,28,29,1779,857,118335,20611,4241.5,0.8407224698031098,7,97724,0.21704199999999998,0.24108637526503193,822.565551802561,0.265605458399755,1,38.400000000000006
2036-05-20,37,188646,635,Employed,Bachelor,15,19859,36,Married,3,Mortgage,293,0.6253341953398261,2,3,0.17870858663599926,0,Education,0,16,26,1071,1183,39293,27812,15720.5,0.8274572503105906,5,11481,0.18735900000000003,0.16700992462167985,705.0758017759531,0.06348880772087104,1,37.6
2036-05-21,26,15868,530,Employed,Associate,0,32855,120,Single,1,Rent,238,0.43407800887480336,4,0,0.1469771955311438,1,Home,0,28,15,510,10072,137412,26205,1322.3333333333333,0.9313184771732017,4,111207,0.322855,0.31238610856145094,896.321346905372,0.8578180087512268,0,61.0
2036-05-22,40,57837,536,Employed,High School,15,31829,60,Married,5,Mortgage,639,0.3714399428069983,1,1,0.2640650497205444,0,Other,0,27,11,1972,1887,23889,9018,4819.75,0.9523034496166563,4,14871,0.268829,0.3224590865740832,1074.1131881047172,0.3554361093634975,0,52.0
2036-05-23,54,153617,620,Employed,Master,30,26456,36,Single,2,Mortgage,850,0.3052154202323521,4,0,0.21036977256946096,0,Debt Consolidation,0,32,26,573,855,5295,6179,12801.416666666666,0.9194264937658841,7,3096,0.20145600000000002,0.192273022246627,972.8147676423748,0.1423916442301861,1,37.6
2036-05-24,36,77254,610,Unemployed,Associate,12,31690,60,Single,1,Mortgage,435,0.025610201366713114,6,0,0.1923510113820978,0,Other,1,22,14,14624,680,59078,49292,6437.833333333333,0.7166353335556473,5,9786,0.23169,0.2077213185999863,853.2638991400338,0.2001083023491393,0,55.0
2036-05-25,40,80596,555,Employed,Master,21,24181,120,Married,0,Own,616,0.5205314030534814,5,2,0.14356378732601868,0,Home,0,21,24,13123,196,36783,53683,6716.333333333333,0.847079671954212,5,1876,0.301681,0.3339692905462347,698.9073287175979,0.19577755651162806,0,50.0
2036-05-26,32,53989,505,Employed,Doctorate,11,37742,60,Single,0,Other,593,0.2587714230534164,5,0,0.4318102843659472,0,Education,1,31,22,8183,520,139360,22737,4499.083333333333,0.7622756933437626,3,116623,0.290242,0.2635723292317341,1138.0088752288852,0.38474701333135686,0,58.0
2036-05-27,35,35773,526,Employed,Bachelor,9,31436,24,Married,0,Mortgage,505,0.42747203707233633,6,1,0.33072173404118343,0,Home,0,22,16,1557,577,26727,30042,2981.0833333333335,0.8137511053744333,3,6615,0.24343599999999999,0.23944308714520543,1661.1821467236175,0.7266426008633162,0,56.0
2036-05-28,18,39442,579,Employed,Associate,0,38753,60,Married,5,Rent,610,0.345473808370919,5,1,0.6516815209293682,0,Home,0,25,28,18404,1069,19473,45382,3286.8333333333335,0.8916548354440218,3,3543,0.254253,0.2428864880292355,1121.3472217382493,0.5267523619709699,0,59.0
2036-05-29,47,37852,550,Employed,Master,25,15507,48,Single,1,Own,453,0.5006042875444254,3,0,0.29472656021192756,0,Debt Consolidation,0,22,21,1962,521,265189,154388,3154.3333333333335,0.9661763490424299,3,110801,0.235507,0.21188181389548402,481.75597489519924,0.2963402646819822,1,40.0
2036-05-30,25,39570,519,Employed,Bachelor,1,16637,48,Married,3,Own,534,0.06752124541650874,2,0,0.06135697510190735,0,Home,1,20,27,1105,624,120376,24247,3297.5,0.8804410514369433,7,96129,0.252137,0.27479136355447537,574.8874224797803,0.3362812501834057,0,54.0
2036-05-31,47,86996,602,Self-Employed,Associate,23,22709,84,Married,0,Mortgage,790,0.15234737838972645,4,1,0.5633467117120278,0,Other,0,19,27,2469,4054,103617,22001,7249.666666666667,0.794413246684266,7,81616,0.246709,0.24433099786681886,566.5966401459978,0.18712538141698437,1,43.2
2036-06-01,37,104204,503,Employed,Master,16,17814,48,Single,1,Mortgage,272,0.6714304779137737,5,3,0.3508877935001419,0,Education,0,25,22,10951,1603,38960,1654,8683.666666666666,0.9314646053089207,3,37306,0.261314,0.30474572877973033,646.3370891853092,0.10575453025050585,1,44.0
2036-06-02,33,54131,522,Unemployed,High School,10,13031,108,Single,2,Rent,780,0.4166911651389374,3,3,0.5290504856904541,0,Other,0,29,21,1412,260,128790,4039,4510.916666666667,0.8285767326755158,7,124751,0.297031,0.2531177049034898,307.0908586101688,0.2409911197524898,0,58.0
2036-06-03,36,29578,575,Employed,Bachelor,14,17408,60,Single,2,Other,185,0.29477009195564885,6,1,0.4018811499820447,0,Debt Consolidation,0,22,25,6963,409,431098,27596,2464.8333333333335,0.8962016398584957,2,403502,0.234908,0.23148453891382542,492.22563113613035,0.2747551414440991,1,41.6
2036-06-04,47,50154,617,Employed,Doctorate,23,26144,60,Married,3,Rent,144,0.11268992834603246,2,0,0.18904596586083164,0,Home,0,20,4,1521,539,10797,9240,4179.5,0.6682506668577292,5,1557,0.222644,0.20742021120239287,703.4943203765685,0.20277409268490693,0,49.0
2036-06-05,18,152213,365,Employed,Bachelor,0,10069,24,Married,3,Rent,1124,0.0626003996370834,0,2,0.2166945127607193,0,Debt Consolidation,0,19,17,757,4203,37140,4236,12684.416666666666,0.9636827109883604,7,32904,0.302569,0.2891246884704914,557.3649043132501,0.1325535851192671,1,39.2
2036-06-06,50,63277,628,Employed,Bachelor,25,14824,24,Single,0,Own,447,0.33447609943526974,0,2,0.6188073551648805,0,Other,1,20,3,760,820,57203,31515,5273.083333333333,0.6022008431633322,5,25688,0.175824,0.1714287754858927,733.9502293528553,0.2239581957462311,0,64.0
2036-06-07,39,25555,608,Employed,High School,18,6441,60,Married,3,Rent,644,0.06573055908693619,1,1,0.2694135770403807,0,Home,0,16,1,1346,413,40821,29277,2129.5833333333335,0.8112452050384189,2,11544,0.207441,0.19042432521411956,167.2335105159913,0.38093532092318116,0,54.0
2036-06-08,48,51070,615,Unemployed,High School,24,10882,60,Married,4,Own,513,0.13295843484498204,8,2,0.379531449223948,0,Other,0,21,16,28239,658,34571,76712,4255.833333333333,0.6829046815297745,5,9006,0.208382,0.16808632399000764,269.3272624117563,0.18382469451617536,1,42.400000000000006
2036-06-09,29,32774,529,Employed,High School,5,24132,36,Married,4,Mortgage,323,0.19845121553037728,4,2,0.3072311465663965,0,Auto,0,19,20,1879,1334,12510,24219,2731.1666666666665,0.8810500817904081,2,4335,0.244632,0.24287467096209434,950.4134207849246,0.46625254925914134,0,54.0
2036-06-10,62,127500,684,Employed,Master,38,20722,96,Single,1,Mortgage,219,0.3283513445525555,1,0,0.10485782048848595,1,Home,0,22,27,2774,5374,408166,8907,6206.0,0.5711320483704527,6,399259,0.21372200000000002,0.22856142943924357,471.79942049293726,0.11131154052416006,1,38.400000000000006
2036-06-11,25,19417,613,Employed,Bachelor,0,11240,48,Married,3,Mortgage,290,0.06684618923744177,4,0,0.19728529021679037,0,Other,0,24,13,26779,312,111811,26818,1618.0833333333333,0.9692186685543155,5,84993,0.19974,0.23578075632465753,363.827785603365,0.40407547135192773,0,46.0
2036-06-12,40,54337,582,Employed,High School,14,17907,36,Single,4,Other,226,0.19477313736896287,1,2,0.24117986471935382,0,Home,0,22,9,16891,965,45326,36688,4528.083333333333,0.8434690433523719,6,8638,0.211907,0.225864628291687,689.3212843640086,0.20214320651431078,0,52.0
2036-06-13,28,40043,588,Unemployed,Doctorate,4,68048,48,Married,4,Mortgage,492,0.29228532617346537,3,0,0.26024697061325985,0,Auto,0,21,20,1379,2024,114138,66705,3336.9166666666665,0.7627554203901122,2,47433,0.269048,0.26751880623251995,2323.27344473792,0.8436750827074655,0,56.0
2036-06-14,32,45307,586,Employed,Bachelor,10,49220,48,Single,0,Mortgage,242,0.1069301341215357,8,1,0.346247801808708,0,Other,0,25,10,867,248,133893,15453,3775.5833333333335,0.8758024048200893,1,118440,0.25122,0.20969474682803205,1523.3235046278728,0.4675631150933514,0,50.0
2036-06-15,38,49727,609,Employed,Bachelor,17,32658,36,Widowed,1,Own,188,0.2773193933669946,2,0,0.4833444949383488,0,Debt Consolidation,0,19,22,4965,2222,80042,246132,4143.916666666667,0.6226763966300126,6,10806,0.213158,0.18885386459331893,1195.220673005841,0.3337954848687854,0,54.0
2036-06-16,68,47034,517,Employed,High School,46,28718,36,Married,3,Other,474,0.45072508158262403,1,1,0.7829778318266432,0,Home,0,25,14,6217,2105,40804,32463,3919.5,0.648906366669987,4,8341,0.255218,0.24806635876809335,1138.8878039388464,0.4115034580785423,0,60.0
2036-06-17,52,28263,550,Employed,High School,30,36991,48,Married,2,Rent,217,0.3074368793243193,4,0,0.8135531425590898,0,Home,0,23,13,521,301,115680,45728,2355.25,0.5368679839599869,3,69952,0.25699099999999997,0.20682439524897564,1139.143223693616,0.5757958703719842,0,58.0
2036-06-18,58,52932,513,Employed,High School,32,8675,84,Married,0,Rent,950,0.2516675645038174,5,1,0.43549482058155986,0,Other,0,35,10,7041,495,265706,61155,4411.0,0.9306947094659344,11,204551,0.277175,0.22174000000000002,204.1531524022877,0.26165340113404845,1,41.6
2036-06-19,36,64308,513,Employed,Bachelor,14,38468,84,Married,1,Own,141,0.30891327305540117,6,1,0.47153616389329156,0,Other,0,20,26,7547,1488,18721,12901,5359.0,0.9544206030496398,4,5820,0.306968,0.3020709587630415,1105.2770245996999,0.23255775790253777,0,56.0
2036-06-20,33,42182,596,Employed,Bachelor,13,7191,36,Married,0,Rent,561,0.14981768054912992,2,1,0.3216021168926349,0,Home,0,25,8,8758,1612,158990,18087,3515.1666666666665,0.7169693586899908,2,140903,0.194191,0.19926637121720728,266.97460173614036,0.23554348349612833,1,40.800000000000004
2036-06-21,58,79415,655,Employed,Master,35,26634,36,Widowed,0,Own,630,0.28603960586714955,7,0,0.21819048161541885,0,Other,0,18,14,4333,2130,33443,7529,6617.916666666667,0.76248045170596,4,25914,0.184134,0.15436936526973571,928.9854060528062,0.2355704196012551,1,36.800000000000004
2036-06-22,41,67669,508,Employed,Associate,19,17126,24,Married,3,Rent,464,0.3891837599018129,4,2,0.520366281912546,0,Home,0,23,4,649,1270,38272,25278,5639.083333333333,0.6143174519681092,4,12994,0.238126,0.21714493927257522,886.0525110286409,0.23940992378110643,0,61.0
2036-06-23,37,49401,568,Employed,Master,15,12939,60,Married,1,Mortgage,322,0.41463641226333975,4,0,0.3808429085516462,0,Debt Consolidation,0,17,5,2543,118,73220,36727,4116.75,0.9033662568330064,4,36493,0.233939,0.21790228008105444,355.81958618969287,0.1646491980785068,1,46.400000000000006
2036-06-24,35,55299,466,Employed,High School,14,28825,12,Single,2,Rent,310,0.17858772063612965,0,2,0.5328936561582168,0,Auto,0,19,18,886,788,21323,7183,4608.25,0.8299766136614268,5,14140,0.26082500000000003,0.29871282762630297,2808.2417096499144,0.676665048478254,0,57.0
2036-06-25,37,132968,556,Employed,High School,17,18673,72,Single,1,Mortgage,324,0.05732268986135508,4,1,0.07637426775137843,0,Home,0,28,14,1820,2474,60359,14132,11080.666666666666,0.7853957513363782,4,46227,0.255673,0.2478283902636114,500.51251859238926,0.07441001010099176,1,37.6
2036-06-26,26,21782,604,Employed,Bachelor,4,17603,24,Married,1,Mortgage,619,0.03632662418676074,4,0,0.033873902164686595,0,Debt Consolidation,0,25,12,3387,1640,83492,20879,1815.1666666666667,0.7281074353842348,3,62613,0.190603,0.2127447001642077,906.9164948828252,0.8406481470293775,0,46.0
2036-06-27,48,15000,514,Self-Employed,High School,23,15826,36,Married,4,Mortgage,768,0.08327456333370964,0,0,0.31764732715262695,0,Auto,0,17,23,1448,617,12637,2994,1250.0,0.7648512840861211,8,9643,0.24382600000000001,0.2276428647584647,610.6774552084571,1.1029419641667657,0,58.0
2036-06-28,47,21059,608,Employed,High School,24,17088,24,Married,0,Rent,209,0.4373992531844115,4,4,0.5224289933517522,0,Debt Consolidation,0,19,16,691,5165,48904,6371,1754.9166666666667,0.7570060227464961,5,42533,0.18808799999999998,0.189678125518784,861.1152467917912,0.6097812318486867,0,58.0
2036-06-29,37,61848,616,Employed,Bachelor,12,14409,48,Married,1,Mortgage,216,0.2607649793933782,6,1,0.44540498320262056,0,Home,0,13,6,3370,4922,22944,85388,5154.0,0.8279676251135188,4,6009,0.20140900000000003,0.1778638750684052,421.6577071971597,0.12372093659238644,1,44.0
2036-06-30,35,17348,594,Unemployed,High School,13,30613,108,Single,0,Rent,549,0.6242428383836331,0,0,0.6237623713958975,0,Auto,0,27,5,8148,1142,133776,207323,1445.6666666666667,0.6939519594059511,12,4157,0.278613,0.2265770305082161,666.4028907178902,0.840721390858582,0,67.0
2036-07-01,42,45744,506,Employed,High School,18,22933,60,Married,0,Rent,736,0.3162916957743929,10,0,0.48051370822565675,0,Home,0,26,3,12441,633,39706,2907,3812.0,0.5507476381631625,4,36799,0.274933,0.27764467437474094,710.782691282764,0.37953375951803886,0,60.0
2036-07-02,18,21308,526,Self-Employed,Associate,0,13323,24,Single,0,Own,669,0.1519036906982214,4,0,0.43476742747906105,0,Home,0,22,26,7458,2480,12413,51783,1775.6666666666667,0.7852351216875088,3,6770,0.225323,0.23103472157584617,698.4541615763767,0.7701074685055622,0,60.0
2036-07-03,58,139568,625,Employed,High School,36,14359,48,Single,2,Mortgage,616,0.5074230360557259,5,2,0.12304543196533527,0,Auto,0,23,14,2263,2415,46627,43287,11630.666666666666,0.9761863397898223,7,3340,0.19685900000000003,0.19020578160859858,429.491735060266,0.08989095509517361,1,36.800000000000004
2036-07-04,58,107515,641,Self-Employed,Doctorate,34,34451,60,Married,3,Mortgage,308,0.31230987359346096,2,1,0.3409679973145368,0,Auto,0,28,3,2954,2185,21908,7587,8959.583333333334,0.965023909803804,4,14321,0.218951,0.24180589694979157,994.6996768959829,0.14539735034880524,0,56.0
2036-07-05,34,64540,629,Employed,Associate,9,37740,48,Single,3,Rent,477,0.22097700241127874,5,2,0.11622162912266165,0,Debt Consolidation,0,19,19,3912,780,158264,19562,5378.333333333333,0.5376950476728855,4,138702,0.21824000000000002,0.23737746404459156,1224.9280142186271,0.3164415272795712,0,43.0
2036-07-06,33,49711,600,Employed,Associate,12,25587,60,Married,0,Mortgage,598,0.335551126601441,6,2,0.5868542862408614,0,Education,1,23,11,3825,2425,18037,12606,4142.583333333333,0.8928688260161636,3,5431,0.230587,0.2651268582682531,773.8720574623538,0.3311634183490223,0,62.0
2036-07-07,18,32148,546,Employed,High School,0,14344,60,Married,3,Own,429,0.5053918242164962,6,2,0.3404544211735368,0,Auto,0,24,26,2749,464,22414,32899,2679.0,0.394275842969384,4,10373,0.246344,0.2219035740900707,397.7196997676925,0.30859264642317746,0,56.0
2036-07-08,18,42050,507,Employed,High School,0,9102,36,Single,3,Mortgage,393,0.28851614633853545,3,0,0.26149713151982756,0,Debt Consolidation,0,26,14,3155,899,63724,100033,3504.1666666666665,0.7910464509128428,5,8298,0.240602,0.22830973911687824,351.5345298589236,0.21247120947222553,0,53.0
2036-07-09,27,26618,602,Employed,High School,6,20743,48,Married,0,Mortgage,251,0.31758032422235133,2,1,0.23542374055933526,0,Education,0,15,23,6063,4696,41952,102971,2218.1666666666665,0.6226727796465722,2,1076,0.21474300000000002,0.21730491429038812,650.4993413620656,0.4064164135676906,0,51.0
2036-07-10,48,60255,627,Employed,High School,27,17755,120,Single,0,Rent,440,0.16772391404138282,2,1,0.25132881668306284,0,Auto,1,17,15,12551,4808,24923,40008,5021.25,0.8314600941603202,5,8137,0.259255,0.290948416839183,456.226831562666,0.1784867974234834,0,54.0
2036-07-11,37,220245,636,Employed,Master,16,11391,72,Widowed,0,Mortgage,365,0.12267742619813726,3,1,0.30002182909261305,0,Other,0,33,23,473,887,59919,566632,18353.75,0.9738257786883971,5,7802,0.20839100000000002,0.21786555942421715,284.7703135632449,0.03540259149019927,1,38.400000000000006
2036-07-12,30,37094,515,Employed,Bachelor,11,24486,60,Married,4,Mortgage,1208,0.3940521580698383,3,2,0.20340710892849811,0,Home,0,27,28,1379,2834,58791,12021,3091.1666666666665,0.9328606482499027,7,46770,0.271986,0.2813992048744081,764.459944327785,0.638095630881906,0,53.0
2036-07-13,29,22230,550,Employed,Doctorate,7,7398,48,Married,4,Rent,218,0.08945453847447435,4,0,0.40756909597077295,0,Auto,0,37,20,3266,386,52433,35716,1852.5,0.8014550815288235,5,16717,0.227398,0.23799345909316857,240.3684634810288,0.24743236895062284,0,57.0
2036-07-14,44,86018,665,Unemployed,Doctorate,21,14387,48,Married,2,Rent,491,0.6162329834537627,3,1,0.055977422193574114,0,Auto,0,17,7,2435,1201,16455,24595,7168.166666666667,0.6348429670894069,3,7135,0.17688700000000002,0.16950634206484574,414.770138839168,0.12636008354146824,1,39.2
2036-07-15,43,49671,567,Unemployed,Associate,19,47168,60,Married,0,Mortgage,285,0.2608846851328292,1,0,0.403847399080556,0,Debt Consolidation,0,33,11,3804,2105,52951,10268,4139.25,0.9408448460290757,2,42683,0.26866799999999996,0.26136453243870233,1416.0449026064396,0.41095485960172484,0,60.0
2036-07-16,60,47470,581,Employed,Bachelor,36,23861,84,Single,1,Other,736,0.23963215451331193,0,0,0.2843971081768167,0,Home,0,27,1,3347,615,77252,20351,3955.8333333333335,0.6148264534795737,3,56901,0.258361,0.2717536848015136,637.5390328072112,0.34721863058113617,0,55.0
2036-07-17,56,31352,675,Employed,Master,36,13493,36,Divorced,0,Own,149,0.20136652103991373,5,2,0.3437526156157788,0,Home,0,20,23,1137,972,107492,145790,2612.6666666666665,0.9478003977255998,3,6248,0.160993,0.16101079337817903,475.04746416392044,0.2388546048088494,1,39.2
2036-07-18,55,42189,551,Self-Employed,Associate,32,12802,72,Married,1,Mortgage,455,0.26148540310773266,4,1,0.3664454096557299,0,Debt Consolidation,0,17,24,1421,2783,78946,6906,3515.75,0.86699125815609,7,72040,0.252302,0.22318305577014133,324.0879054639724,0.22159934735517953,1,44.800000000000004
2036-07-19,52,35005,646,Employed,High School,30,19505,96,Divorced,3,Rent,724,0.15854052388762513,6,2,0.40679185715273514,0,Home,0,24,18,1911,1846,33207,18712,2917.0833333333335,0.5576568083421011,7,14495,0.23150500000000002,0.2641500313535595,489.9357981226662,0.4161471097692328,0,53.0
2036-07-20,49,48460,654,Employed,Bachelor,27,45460,48,Married,0,Rent,344,0.1442981281001667,3,0,0.32883181368791037,0,Debt Consolidation,0,19,6,3361,2632,41832,8085,4038.3333333333335,0.7012726965880274,8,33747,0.21346,0.256152,1522.9633956838572,0.46231037449868523,0,50.0
2036-07-21,36,106863,534,Employed,High School,16,31480,60,Married,2,Rent,343,0.0831870014873154,3,2,0.24538186145411534,0,Debt Consolidation,0,26,20,772,915,115917,38016,4638.083333333333,0.5415930583130497,7,77901,0.26948,0.231471511550278,890.0994988785494,0.26586402404985165,0,48.0
2036-07-22,36,138477,619,Self-Employed,Bachelor,13,20016,48,Married,3,Mortgage,842,0.1409039199450593,5,1,0.18345216017049537,0,Home,0,20,10,9536,650,58175,42761,11539.75,0.6725697256346619,6,15414,0.20551600000000003,0.19182087078301518,600.4057048727932,0.12499453669904402,1,37.6
2036-07-23,27,34747,579,Employed,Master,6,17889,72,Single,3,Mortgage,808,0.23077396786225488,0,1,0.2862663458001895,0,Education,0,23,24,15212,1895,40354,14567,2895.5833333333335,0.8997755719024655,7,25787,0.243389,0.20301006356975035,431.6190904623903,0.4281068606080722,0,53.0
2036-07-24,53,99491,638,Employed,Associate,30,23573,36,Married,4,Rent,347,0.21697327770721364,3,2,0.362104991395371,0,Other,0,25,25,1647,495,18582,18959,8290.916666666666,0.9691881882215988,4,4905,0.18957300000000002,0.16404328418614933,833.4700149128172,0.1423811216989859,1,40.0
2036-07-25,44,91256,632,Employed,Master,23,18698,96,Married,5,Rent,248,0.16906236423617,2,2,0.40627631288822275,0,Home,0,32,18,2337,847,25703,13287,7604.666666666667,0.9381939647773896,3,12416,0.23769800000000002,0.22391192553653633,420.1086386518777,0.0878550852965562,1,40.800000000000004
2036-07-26,42,25269,631,Self-Employed,Master,18,39158,72,Widowed,1,Mortgage,270,0.31108304864211517,3,1,0.08728011353802821,0,Education,1,18,27,16541,1612,138839,17970,2105.75,0.7869178023126334,4,120869,0.238658,0.2349960717599766,1019.043781735998,0.6121542356576032,0,54.0
2036-07-27,56,44891,606,Employed,High School,33,26256,36,Divorced,2,Mortgage,571,0.12287858244227873,1,1,0.2447958913645473,0,Other,0,18,13,2071,1094,185044,9019,3740.9166666666665,0.8879547208418832,6,176025,0.208256,0.1961720608846133,970.653523032631,0.4121058180123315,0,45.0
2036-07-28,69,89527,545,Employed,Bachelor,46,13694,48,Married,0,Mortgage,481,0.23637792924307718,4,0,0.1700167337844698,0,Home,0,16,14,8237,1513,59209,1245,7460.583333333333,0.7446864062395673,6,57964,0.23619400000000002,0.19816475282360857,415.3755431332521,0.12014818454319955,1,37.6
2036-07-29,28,38949,588,Employed,Bachelor,6,30882,36,Married,0,Mortgage,368,0.2640225777335824,3,2,0.35792636992086235,0,Education,0,22,21,5981,1805,25490,47912,3245.75,0.7546843146456022,4,6689,0.221882,0.21715983858212337,1174.8649155570527,0.47534927691813994,0,55.0
2036-07-30,50,23612,584,Employed,High School,32,60752,72,Divorced,1,Own,199,0.12164564817576594,3,1,0.31105746111869637,0,Other,0,23,5,2544,498,56716,1802,1967.6666666666667,0.8228210203406973,5,54914,0.283752,0.26955719665152283,1710.1413440130805,0.9702564851836764,0,55.0
2036-07-31,29,131878,558,Employed,High School,3,24340,36,Married,0,Mortgage,551,0.5605003489273667,4,0,0.03518550000091623,0,Home,0,25,7,2931,3825,6756,5140,10989.833333333334,0.8541036455210643,5,1616,0.23034,0.23456276771684934,947.9927664854198,0.1363981346230989,1,40.0
2036-08-01,30,15000,586,Employed,Doctorate,7,48482,48,Married,3,Other,318,0.1529762048558116,1,1,0.37183258226047505,0,Education,0,26,25,954,587,146112,55720,1250.0,0.9432496667724457,6,90392,0.250482,0.23232118816277952,1560.0916090226376,1.5024732872181101,0,53.0
2036-08-02,44,45767,610,Employed,High School,22,19682,48,Single,1,Own,545,0.20087804277928878,4,1,0.2933860643942973,0,Education,0,37,5,5485,431,16635,16903,3813.9166666666665,0.7764750591501374,3,9605,0.209682,0.2273516334181785,627.9846336383988,0.30755381833331413,0,52.0
2036-08-03,67,58786,476,Employed,Master,45,23559,36,Married,2,Rent,656,0.7032184002560499,4,1,0.26849289443140095,0,Home,0,36,13,1582,376,39483,27789,4898.833333333333,0.6645425367384233,9,11694,0.270559,0.25070641990035597,937.582166494674,0.32529830228176926,0,54.0
2036-08-04,47,30263,635,Employed,Bachelor,26,23747,12,Married,1,Own,214,0.4471788590258687,3,1,0.1317596545667593,0,Debt Consolidation,1,25,23,4997,905,28005,16144,2521.9166666666665,0.6595245303261603,6,11861,0.171247,0.179735420727425,2176.8257880264896,0.9480193456140461,0,55.0
2036-08-05,43,69021,561,Employed,Bachelor,21,17031,36,Single,1,Own,939,0.0375984072166961,2,3,0.3507556419087003,0,Other,1,20,1,3007,897,22342,8230,5751.75,0.6255341743149041,4,14112,0.22153099999999998,0.26583719999999994,691.4963033320648,0.28347829848864514,0,63.0
2036-08-06,37,55958,519,Employed,High School,10,45935,48,Married,2,Rent,555,0.22438231153213595,4,0,0.4433452633228618,1,Home,0,24,4,1740,323,108796,5209,4663.166666666667,0.6520514090944384,4,103587,0.281435,0.3043635719920888,1665.6135705876356,0.47620291731390735,0,67.0
2036-08-07,40,154968,608,Unemployed,Associate,16,26780,48,Divorced,0,Mortgage,393,0.0765947426208075,1,1,0.04861455004160997,0,Debt Consolidation,0,23,4,1129,842,100652,21690,12914.0,0.8377041658346503,6,78962,0.21778,0.18313573029720875,791.0573344348975,0.09168788403553488,1,38.400000000000006
2036-08-08,43,48753,486,Employed,Master,24,53021,36,Married,0,Rent,1224,0.3803879303290914,6,1,0.19671690430643182,0,Home,0,25,11,4903,448,108867,18228,4062.75,0.8789860442389845,5,90639,0.295021,0.27422061421537114,2176.617132625777,0.8370234773554309,0,49.0
2036-08-09,32,36928,584,Unemployed,High School,10,20628,84,Divorced,2,Mortgage,278,0.6038028323019912,6,0,0.1926302057028598,0,Home,0,17,22,262,1251,65079,19951,3077.3333333333335,0.895935009459228,8,45128,0.253628,0.27375192451345803,553.8566132660652,0.2703173569972049,0,56.0
2036-08-10,32,39723,517,Self-Employed,Bachelor,10,12187,36,Married,1,Rent,301,0.38735450465605137,1,1,0.3530577538894214,0,Home,0,36,14,350,1050,49110,35810,3310.25,0.9272050015715406,7,13300,0.238687,0.21358043690654724,461.38946787762234,0.23031174922668146,1,46.400000000000006
2036-08-11,53,27421,497,Employed,Master,31,23429,72,Divorced,1,Mortgage,321,0.015474353907351149,1,1,0.3088125730060058,0,Education,0,18,24,2833,837,19583,146916,2285.0833333333335,0.9329216493910221,2,7494,0.289929,0.30585188102711697,713.7041966887359,0.452808079948391,0,55.0
2036-08-12,42,15000,569,Employed,High School,20,15387,72,Married,3,Own,740,0.3887939034914603,6,0,0.4406679609854785,0,Auto,0,26,27,2480,618,50692,15617,1250.0,0.9480257909935143,2,35075,0.24588700000000002,0.24356276942797386,408.42528575677176,0.9187402286054174,0,58.0
2036-08-13,39,113653,469,Employed,Associate,17,13858,36,Married,0,Own,248,0.2177546747630452,4,0,0.35310308251048084,0,Debt Consolidation,0,24,15,847,1122,32452,44276,9471.083333333334,0.8326154920404811,7,10978,0.264358,0.28444013106054467,576.5459795783537,0.08705930996049593,1,42.400000000000006
2036-08-14,41,57416,437,Employed,Bachelor,18,12711,24,Married,3,Rent,720,0.25122032119308224,0,1,0.21214379527808,0,Auto,0,28,5,1573,7100,81692,3676,4784.666666666667,0.9743342878224833,6,78016,0.269211,0.2760925787502782,695.1593260646478,0.2957696794060153,0,52.0
2036-08-15,42,79099,551,Employed,Bachelor,16,16358,48,Single,2,Rent,492,0.43353806477383505,2,1,0.35284644558808215,0,Home,0,22,10,1208,4145,106382,20048,6591.583333333333,0.8984228655064407,2,86334,0.235858,0.20873159474558867,505.4215115138303,0.15131743938818398,1,42.400000000000006
2036-08-16,41,27020,564,Employed,High School,17,9597,48,Single,5,Mortgage,590,0.5376044820885486,4,2,0.16978158863042625,0,Education,0,17,21,8531,862,40606,1552,2251.6666666666665,0.7505434000492285,7,39054,0.222597,0.22413059683844874,304.5200352089249,0.39727018588109175,0,53.0
2036-08-17,32,80110,517,Employed,High School,9,28060,72,Single,3,Mortgage,394,0.3063496517663955,5,1,0.16294408453118428,0,Debt Consolidation,1,18,18,20965,747,163257,4169,6675.833333333333,0.8134970134784933,4,159088,0.28456000000000004,0.25938616928598157,772.0984770174134,0.17467459398588142,0,51.0
2036-08-18,47,59020,644,Employed,Bachelor,24,29773,36,Divorced,0,Own,757,0.19740580905948502,1,0,0.09280966979522919,0,Home,0,22,24,2581,1150,39984,82280,4918.333333333333,0.7680868359171834,9,8159,0.192773,0.2007678729385928,1107.6365854332164,0.3791196039511792,0,46.0
2036-08-19,39,121241,609,Employed,Doctorate,16,10269,72,Married,0,Mortgage,195,0.3611242447367157,5,0,0.2544545964825574,0,Other,0,24,17,2162,1145,86848,14384,10103.416666666666,0.9400469005524497,3,72464,0.220769,0.2645640748736885,285.86535526162226,0.04759433082158236,1,36.0
2036-08-20,48,64360,619,Employed,Bachelor,26,26187,36,Single,1,Rent,363,0.7342085325833767,3,0,0.2021225048997806,0,Debt Consolidation,0,18,19,3423,2456,462506,34902,5363.333333333333,0.7793072355149809,7,427604,0.201687,0.2029682074559449,977.1677504103353,0.24987590125736522,1,36.0
2036-08-21,24,26234,497,Employed,High School,6,13078,24,Single,0,Mortgage,578,0.26531842695437435,2,0,0.3749164662605661,0,Debt Consolidation,0,20,1,15775,512,290167,55106,2186.1666666666665,0.6500959199347272,5,235061,0.23957799999999999,0.25365689235473915,700.3945812108847,0.5847653798326834,0,56.0
2036-08-22,42,57057,600,Employed,Doctorate,19,12056,60,Married,1,Mortgage,334,0.16213444629816043,8,1,0.3059532341814939,0,Home,0,20,2,1086,1463,29274,22497,4754.75,0.8136388841072706,4,6777,0.21705600000000003,0.25903338310202045,360.2727128032315,0.1460166597199078,0,54.0
2036-08-23,38,43993,494,Employed,High School,14,17317,24,Single,0,Mortgage,146,0.15973416865043852,1,4,0.11832294417218964,0,Education,0,24,1,3580,218,92062,20995,3666.0833333333335,0.7052063550626106,6,71067,0.24531699999999998,0.2503357767281564,924.526384403149,0.29200819705038955,0,52.0
2036-08-24,52,46165,529,Employed,High School,29,6088,48,Single,0,Rent,1046,0.5306831326438782,2,2,0.09243845709256633,0,Debt Consolidation,0,25,6,6210,466,28864,33104,3847.0833333333335,0.7980404530519403,11,9758,0.23658800000000002,0.21317732683565724,189.56112286331037,0.32116827627769357,0,54.0
2036-08-25,51,15000,539,Self-Employed,High School,28,21381,120,Single,1,Mortgage,589,0.17995103424726996,0,0,0.1523231090151085,0,Debt Consolidation,0,34,20,1775,1853,23109,19541,1250.0,0.8469716222663306,3,3568,0.306881,0.30354844141869863,569.2533724356861,0.9266026979485489,0,54.0
2036-08-26,29,207118,507,Unemployed,Associate,6,4264,60,Married,1,Rent,749,0.257357158520395,3,3,0.23147273863226944,1,Home,0,30,17,8897,2577,42520,30410,17259.833333333332,0.8144970897908037,5,12110,0.255764,0.2695971153374753,130.09997893419663,0.05093328318741182,1,52.0
2036-08-27,36,26546,592,Employed,Associate,17,25231,96,Married,0,Rent,590,0.2843131134672547,1,2,0.2924911652823778,0,Home,1,30,11,2220,202,81319,81465,2212.1666666666665,0.8237240479050125,5,1992,0.264231,0.22422540901267582,567.4016553919222,0.5231982168576459,0,60.0
2036-08-28,38,93094,531,Self-Employed,Associate,18,50090,72,Single,5,Other,307,0.4151501683995955,3,0,0.08994526729423366,0,Auto,0,20,12,876,4475,51906,3891,7757.833333333333,0.6872153233233599,6,48015,0.29959,0.359508,1704.0968336057595,0.2592343438166704,0,53.0
2036-08-29,38,55935,502,Employed,Associate,14,24169,48,Married,2,Rent,317,0.49845820711965244,2,1,0.09116266249670195,0,Auto,0,21,18,2075,290,48294,43260,4661.25,0.610001243542153,4,5034,0.268169,0.30790561502369895,881.3768921555073,0.25709346037125397,0,51.0
2036-08-30,56,58256,483,Employed,Master,33,10177,48,Single,0,Other,939,0.027544630761890836,1,1,0.16375160620464727,0,Auto,0,22,26,43014,2337,221941,8065,4854.666666666667,0.7742160073671103,9,213876,0.263677,0.31483413549719713,375.265342961437,0.2707220563639324,0,45.0
2036-08-31,32,22412,493,Employed,Associate,12,14031,36,Widowed,0,Own,686,0.03695530705533605,3,1,0.2131251218540071,0,Education,0,20,13,2902,2623,373109,21893,1867.6666666666667,0.8428900432926875,1,351216,0.25253099999999995,0.29233358425594985,589.7617121049136,0.6830778397848903,0,47.0
2036-09-01,56,44718,570,Employed,Bachelor,37,14100,60,Married,0,Own,398,0.5715716499493559,4,1,0.4364519891923322,0,Education,0,28,21,5311,407,47993,12644,3726.5,0.8810451097693918,7,35349,0.23410000000000003,0.24459887362746358,409.40084499072555,0.21666465718253738,0,58.0
2036-09-02,39,73984,522,Unemployed,Bachelor,15,41988,48,Divorced,0,Mortgage,412,0.18758762630634027,2,0,0.18629545202792422,0,Education,1,12,12,8484,802,104346,40340,6165.333333333333,0.8378679900269909,6,64006,0.275988,0.27158455798353776,1443.2241412578846,0.3009122201434718,0,56.0
2036-09-03,47,98635,549,Employed,High School,26,19713,36,Married,2,Mortgage,456,0.14273544559943396,2,0,0.4895217092662848,0,Education,0,22,19,4598,1069,85235,5452,8219.583333333334,0.8510539147790472,4,79783,0.230213,0.26572534229140077,800.2734944698733,0.15283907267844554,1,41.6
2036-09-04,35,109093,546,Self-Employed,Master,15,19896,84,Single,2,Mortgage,495,0.11905766919636684,4,1,0.14740926541632304,0,Home,0,22,24,8076,340,36249,25227,9091.083333333334,0.9289011866162827,2,11022,0.271896,0.3052750691658179,575.9606339694847,0.11780341183791641,0,51.0
2036-09-05,33,45081,574,Employed,High School,12,27838,24,Single,1,Mortgage,498,0.11702631972839841,2,3,0.48480637190881787,0,Education,0,26,12,373,659,38602,85371,3756.75,0.46933731642183146,7,10424,0.215838,0.23201178044057244,1460.7500225986687,0.5213948286680425,0,56.0
2036-09-06,33,37486,522,Employed,Bachelor,10,10902,96,Divorced,1,Rent,405,0.20300827547148265,5,1,0.09045613445531334,1,Other,0,22,23,24738,4674,136515,9386,3123.8333333333335,0.8426314398440368,8,127129,0.284902,0.2870389421007795,290.84434462131435,0.22275335153005846,0,59.0
2036-09-07,42,21953,554,Employed,Bachelor,18,22289,24,Widowed,1,Rent,353,0.2950144762854043,2,2,0.10479129235064451,0,Education,0,13,2,3236,362,104921,93953,1829.4166666666667,0.7034730177662732,6,10968,0.22028899999999998,0.2201045931892649,1156.4273173800682,0.825086676470679,0,56.0
2036-09-08,40,47233,532,Employed,Associate,19,40968,36,Divorced,2,Mortgage,589,0.4796701922921839,4,0,0.6077192770165343,0,Debt Consolidation,0,25,28,2058,534,30457,38933,3936.0833333333335,0.826776328212187,0,3365,0.259968,0.2317794524400966,1589.6619793647933,0.5535101253864357,0,60.0
2036-09-09,39,74981,619,Employed,Master,18,8541,12,Married,0,Rent,963,0.14141474348206015,3,1,0.213986063738575,0,Home,0,25,10,1230,394,55168,8633,3168.5,0.7662438609598751,5,46535,0.16404100000000002,0.17117758487127605,779.4571758591894,0.5499312532299793,0,48.0
2036-09-10,41,63935,579,Employed,Bachelor,16,13696,72,Single,3,Mortgage,435,0.15555687018200703,4,1,0.26499762500670226,0,Education,0,21,25,7223,5405,239977,32744,5327.916666666667,0.8995001075939008,4,207233,0.23919600000000002,0.21117361571961754,336.9886654094336,0.14489503378295462,1,37.6
2036-09-11,48,84764,653,Employed,Doctorate,29,15502,12,Married,0,Rent,261,0.15157795507039112,2,1,0.35892670883100825,1,Debt Consolidation,0,22,10,3690,1669,8859,9927,7063.666666666667,0.7931870802503151,8,8628,0.154002,0.14821483063046728,1397.8788516954492,0.2348467063888607,1,46.400000000000006
2036-09-12,28,36553,527,Employed,Bachelor,9,18015,60,Divorced,0,Rent,203,0.441267357112662,0,0,0.2656200979282406,0,Home,1,25,3,2031,610,49783,120506,3046.0833333333335,0.6085410581496155,5,10990,0.259515,0.295981433758957,578.407554316854,0.2565286201352077,0,63.0
2036-09-13,69,190333,659,Employed,Master,44,40333,84,Married,0,Rent,186,0.30237914060084486,5,0,0.3109087264007264,0,Auto,0,28,2,819,274,74114,38000,15861.083333333334,0.5024773938927499,6,36114,0.23583300000000001,0.2746008455806835,1085.176677848959,0.08014437924157926,0,50.0
2036-09-14,21,149205,571,Employed,High School,2,24279,36,Single,1,Own,300,0.24245854481690218,3,0,0.38733313707003175,0,Debt Consolidation,0,24,29,1266,4888,13862,7721,12433.75,0.7879417796771868,4,6141,0.223779,0.1878708962647369,887.3601211466146,0.09549493283575869,1,41.6
2036-09-15,45,42958,550,Employed,High School,20,57416,120,Divorced,2,Mortgage,349,0.4138377068737196,3,1,0.7082791480833748,0,Home,0,27,28,2917,1741,7641,4746,3579.8333333333335,0.8643642562194307,5,2895,0.337416,0.3145706795793447,1575.7345069887779,0.5376603678910874,0,60.0
2036-09-16,26,51370,412,Employed,High School,5,62098,96,Married,3,Mortgage,380,0.26719912727164324,4,1,0.734750512169077,0,Other,0,19,12,904,1711,74681,22324,4280.833333333333,0.943363322334964,9,52357,0.391098,0.4131426834245166,2224.2287370435943,0.6083462107168217,0,56.0
2036-09-17,40,45495,499,Employed,Bachelor,14,18384,36,Single,4,Rent,348,0.23482249983504622,2,1,0.3654229911336707,0,Home,0,22,10,3123,319,12429,8132,3791.25,0.8484603895671173,5,4297,0.253884,0.2510882691045694,732.0031867303207,0.2848673093914463,0,55.0
2036-09-18,58,117725,621,Employed,High School,36,31737,60,Married,2,Rent,536,0.2620881257932581,4,0,0.20521028912855455,0,Home,0,24,17,1532,402,80343,24368,9810.416666666666,0.6939598898175396,3,55975,0.22623700000000002,0.19501100272587457,832.0506484951364,0.13944878132887356,1,36.800000000000004
2036-09-19,45,28672,608,Employed,Bachelor,23,16911,36,Single,0,Mortgage,295,0.2637085261918151,3,1,0.15497132370120859,0,Other,0,19,2,9244,891,17734,10648,2389.3333333333335,0.6690131590118013,5,7086,0.197911,0.20330846400529737,631.3277583353396,0.3876929792140093,0,53.0
2036-09-20,38,74524,589,Employed,Bachelor,16,20887,72,Single,0,Rent,700,0.36600554581669226,4,1,0.31345449493551447,0,Debt Consolidation,0,31,17,7115,446,177073,87430,6210.333333333333,0.7538012593170749,8,89643,0.241387,0.26742615220102134,585.175640123233,0.20694149108312487,0,52.0
2036-09-21,22,143230,458,Employed,High School,1,15771,48,Married,0,Mortgage,365,0.423355776367089,4,0,0.4354863850886438,0,Education,0,20,12,3560,2573,65558,10247,11935.833333333334,0.5293275117636399,5,55311,0.281771,0.3149986413929557,581.690438243186,0.07931498470235447,1,42.400000000000006
2036-09-22,39,78994,574,Employed,Associate,15,33345,120,Single,0,Own,482,0.17367065389923497,4,1,0.2987984002580157,0,Home,0,28,10,1014,377,131014,89321,6582.833333333333,0.812924255515933,7,41693,0.301345,0.3368570547786985,971.0729380460837,0.22073670476938761,0,51.0
2036-09-23,35,189217,604,Employed,Associate,11,13216,36,Married,0,Mortgage,700,0.2817334513114478,2,2,0.4735590577072253,0,Auto,0,19,16,9028,1217,192092,57869,15768.083333333334,0.7881245864131459,6,134223,0.196216,0.21831068787310115,503.5707724120935,0.07632955426280472,1,37.6
2036-09-24,27,39073,568,Employed,Associate,6,34248,36,Single,1,Rent,255,0.26804639248138484,4,2,0.10656069283995263,0,Other,0,22,29,832,316,27666,43586,3256.0833333333335,0.8836761931077185,5,10354,0.23524799999999998,0.19109275215463284,1257.2883540010644,0.4644501381519917,0,51.0
2036-09-25,29,24188,562,Employed,High School,6,20947,60,Married,1,Own,603,0.13215798575808932,4,3,0.05898314813698034,0,Auto,0,26,4,11109,1864,339943,12271,2015.6666666666667,0.8111424140690591,3,327672,0.24494699999999997,0.2624931505003594,630.258463980162,0.6118365126410594,0,48.0
2036-09-26,59,65087,614,Employed,Bachelor,38,36808,48,Married,3,Rent,334,0.6315538878169173,1,1,0.0034735784734988384,1,Home,1,24,1,24695,260,24955,77583,5423.916666666667,0.994181714409588,4,1957,0.224808,0.25707957953431276,1235.0265025355227,0.2892792420979039,0,71.0
2036-09-27,50,55381,616,Employed,High School,27,24083,48,Single,3,Other,377,0.34473845246455737,3,2,0.16066613373510916,0,Home,0,23,6,8822,1348,459771,142095,4615.083333333333,0.7472496047413685,5,317676,0.21108300000000002,0.20069887111711854,733.7514575975595,0.2406785267721911,0,43.0
2036-09-28,61,132620,556,Employed,Doctorate,38,28005,36,Single,0,Mortgage,55,0.08305246204630361,3,0,0.22425671846247072,0,Home,0,16,7,4452,399,118261,55287,11051.666666666666,0.8775995516962348,6,62974,0.235005,0.26632716941876783,1137.799110293657,0.10792934190562421,1,38.400000000000006
2036-09-29,34,66237,624,Employed,Bachelor,13,27095,84,Divorced,1,Rent,324,0.2902191056081009,4,0,0.31690699436627834,0,Education,0,17,2,4296,3697,17503,13775,5519.75,0.8801080042015461,4,3728,0.24009500000000003,0.20735409179288547,613.7321621506699,0.16988670902679828,0,55.0
2036-09-30,60,34982,638,Employed,Bachelor,34,15579,36,Divorced,2,Mortgage,259,0.22091624565262377,4,2,0.3742683022562027,0,Debt Consolidation,0,28,6,3159,402,114545,47245,2915.1666666666665,0.8957819782402062,10,67300,0.18157900000000002,0.20482883718889605,582.8116719066027,0.2887696547618556,0,52.0
2036-10-01,39,51792,662,Unemployed,Doctorate,19,7237,108,Divorced,0,Mortgage,317,0.23788618943469725,3,1,0.25696798814952243,0,Home,1,30,14,4029,3519,14410,7809,4316.0,0.6598612210368339,7,6601,0.221237,0.23860852210612973,163.38724264680653,0.1113038096957383,0,55.0
2036-10-02,47,20595,496,Employed,High School,26,37824,96,Divorced,0,Rent,287,0.3172051657854133,1,0,0.34749980026895394,0,Auto,0,28,15,2445,143,99698,68317,1716.25,0.78567565657332,7,31381,0.324824,0.33626864054646777,1140.2238683988473,0.831594387996415,0,56.0
2036-10-03,40,43672,550,Employed,Bachelor,16,33179,48,Single,0,Mortgage,820,0.3367316920203326,2,0,0.32164910189593526,0,Home,1,28,10,319,971,39623,11435,3639.3333333333335,0.6119088647204906,9,28188,0.253179,0.25222156031763476,1104.2354301802686,0.528732944728046,0,61.0
2036-10-04,60,221415,641,Employed,Bachelor,39,12815,48,Married,2,Mortgage,566,0.3003993191411567,2,1,0.42016274105934476,0,Education,0,19,28,5925,1948,14573,12655,11543.0,0.8483901548624573,3,1918,0.187315,0.1774147329331243,374.71163369437653,0.08149628638086949,1,40.800000000000004
2036-10-05,28,19273,646,Employed,Master,8,19944,36,Single,2,Own,307,0.41557001204208743,2,2,0.1593695894515807,0,Auto,0,34,29,6177,407,65435,13125,1606.0833333333333,0.7060664203123802,3,52310,0.181944,0.16629923847501657,707.3901216632597,0.6315924588781776,0,48.0
2036-10-06,20,20841,546,Self-Employed,Bachelor,0,15758,36,Married,0,Rent,256,0.20563919045476106,4,0,0.10160171464402398,0,Debt Consolidation,0,28,20,5165,2439,150786,18765,1736.75,0.9031034354130736,3,132021,0.227758,0.24209459140286052,619.9656474966703,0.5043706045755982,0,51.0
2036-10-07,44,131584,548,Employed,High School,23,16650,60,Married,2,Mortgage,1490,0.30252963167117014,4,1,0.38930897660186087,0,Auto,0,22,13,798,615,52047,5366,10965.333333333334,0.7578235195172576,7,46681,0.24764999999999998,0.2892200473008982,527.7118123997841,0.18400825137400753,0,52.0
2036-10-08,46,20124,509,Employed,Master,22,21324,120,Married,2,Mortgage,712,0.1822419331022059,6,0,0.3869091868569841,0,Debt Consolidation,0,34,15,859,377,58348,147156,1677.0,0.844945715741778,4,3947,0.321824,0.308844788938131,576.1186592332273,0.7681089202344826,0,55.0
2036-10-09,39,60435,587,Employed,Master,16,12518,48,Married,3,Other,595,0.5084102024020474,4,1,0.31251173916993713,0,Auto,0,27,15,4118,226,76763,620888,5036.25,0.7878016499943487,3,7748,0.214018,0.2291957204566918,400.6689123130739,0.19770045416988313,0,55.0
2036-10-10,45,115539,508,Employed,Associate,23,54821,84,Single,3,Own,197,0.5620617883718338,1,1,0.49910299217559373,0,Home,1,18,24,6173,483,7844,28986,9628.25,0.8383936681100336,3,2989,0.325821,0.322415353597207,1650.9652834432022,0.19193158501733984,0,62.0
2036-10-11,35,19866,576,Employed,High School,14,21212,36,Widowed,2,Own,375,0.3598561981295214,3,1,0.3360137789633364,0,Auto,0,21,28,15938,341,25353,11586,1655.5,0.7326519349543179,5,13767,0.21821200000000002,0.20604285012342372,794.8602615966794,0.7066507167603016,0,56.0
2036-10-12,33,55514,595,Employed,Associate,9,16597,24,Married,1,Mortgage,472,0.24491969445984751,3,0,0.22978603159491004,0,Auto,0,18,1,5165,1290,35983,24034,4626.166666666667,0.969692482172379,3,11949,0.194097,0.19724425275980323,842.4849730678808,0.2841412918689802,0,56.0
2036-10-13,36,121047,587,Employed,Master,13,46219,60,Married,2,Mortgage,332,0.2998396680668322,2,1,0.16388853797237984,0,Education,0,28,28,4820,1483,53981,40745,10087.25,0.7733469317798187,7,13236,0.25771900000000003,0.2235063250844103,1285.7496752072789,0.16037568962871732,1,38.400000000000006
2036-10-14,51,60970,595,Employed,Associate,29,12877,120,Married,5,Own,273,0.4486534733908923,3,0,0.2584353285733842,0,Debt Consolidation,0,24,26,1528,1653,39451,2538,5080.833333333333,0.8224760250264822,2,36913,0.270377,0.23621683449788367,280.5236199840435,0.1089434712122113,1,42.400000000000006
2036-10-15,38,43573,561,Unemployed,High School,13,23680,60,Married,4,Mortgage,558,0.1216704190830768,4,1,0.2863428161954342,0,Home,0,26,7,5824,1408,92550,30578,3631.0833333333335,0.7240509817572037,2,61972,0.24818,0.2656925920610702,716.992568110902,0.3511328303612518,0,54.0
2036-10-16,42,144837,604,Employed,High School,24,18122,120,Single,3,Own,713,0.3010987377705756,1,1,0.6426655052163881,0,Home,0,30,8,1388,17263,79489,16414,12069.75,0.9422771337406524,6,63075,0.271122,0.2807425036897462,452.1572506029507,0.09653532596805656,1,41.6
2036-10-17,49,21237,618,Employed,Master,25,31687,48,Single,0,Rent,425,0.15947220979657464,4,0,0.3871680081361692,0,Education,0,24,22,812,998,11672,56059,1769.75,0.8637027400180062,4,4519,0.21768700000000002,0.18483671412110128,938.8332783631672,0.7706361228213969,0,52.0
2036-10-18,35,56309,620,Employed,Master,10,22020,60,Married,0,Other,466,0.29615442766720085,1,1,0.13522609071114536,0,Other,0,24,10,1554,77,43871,15593,4692.416666666667,0.8219141958262506,6,28278,0.21702000000000005,0.18782537020782014,568.5793334737976,0.2204789998345837,0,47.0
2036-10-19,54,64058,465,Employed,Master,28,50905,36,Married,0,Other,500,0.23465564994546997,1,1,0.4479522420605895,0,Education,0,24,28,3288,1790,37282,17466,5338.166666666667,0.9646732787292935,7,19816,0.30340500000000004,0.33355130929053256,2255.5993096831075,0.5162070579193432,0,56.0
2036-10-20,35,62183,605,Employed,Master,13,25699,84,Married,2,Mortgage,448,0.19630030395250325,1,0,0.1367039950904134,0,Education,0,23,28,2416,2839,157064,73011,5181.916666666667,0.9063580728353775,5,84053,0.248199,0.24019781347962632,634.465133825201,0.208892810026895,0,44.0
2036-10-21,56,134426,539,Employed,High School,36,37321,60,Divorced,1,Mortgage,610,0.38345357550614,1,0,0.042667501471589646,0,Auto,0,26,1,267,265,44503,7348,11202.166666666666,0.843071333037541,3,37155,0.272821,0.2628305853560384,1123.6708442889878,0.15476210057182282,0,52.0
2036-10-22,33,45392,545,Self-Employed,Bachelor,10,21839,48,Married,2,Own,343,0.4212930107132774,5,1,0.2819102183874426,1,Home,0,24,14,2455,449,64361,5007,3782.6666666666665,0.8898809677905484,6,59354,0.244339,0.2932068,777.7297992960852,0.29628034877407966,0,67.0
2036-10-23,18,73650,592,Unemployed,High School,0,37337,60,Married,2,Mortgage,811,0.1619599906209164,1,1,0.1266408785742245,0,Home,0,24,2,3440,592,176306,108791,6137.5,0.7476069615018363,6,67515,0.24633700000000003,0.2394891009969363,1073.0026141805317,0.3069658027178056,0,54.0
2036-10-24,36,56946,572,Employed,High School,14,12408,48,Married,1,Mortgage,438,0.2218236136785216,3,1,0.08588416269829593,0,Education,0,22,4,1261,4113,14782,5628,4745.5,0.5433143140117634,5,9154,0.22140800000000002,0.19333949266522635,373.19075841489536,0.1709389439289633,0,53.0
2036-10-25,41,46894,591,Employed,High School,19,31872,48,Divorced,2,Mortgage,203,0.17758431670840621,4,1,0.5953230112618474,0,Auto,0,20,20,12068,784,161211,6306,3907.8333333333335,0.8601964806888032,4,154905,0.231372,0.2514058436385367,1059.2846099616206,0.3230139318364705,0,54.0
2036-10-26,49,60807,636,Employed,Associate,26,45189,48,Single,0,Mortgage,307,0.13937907306526118,2,1,0.07328967279777131,0,Debt Consolidation,0,21,11,1773,409,53014,13641,5067.25,0.7412518464490349,5,39373,0.22218900000000003,0.2339887114781697,1458.2672094307259,0.3483678937156694,0,46.0
2036-10-27,41,37029,575,Employed,Master,18,53811,36,Married,0,Own,629,0.6191742066558151,3,1,0.5834497496961548,0,Auto,0,27,11,3233,981,54126,8924,3085.75,0.8220471230338375,2,45202,0.251311,0.25293636176582357,2147.8817272391148,0.8999049590015765,0,61.0
2036-10-28,22,46954,601,Employed,Bachelor,0,14934,36,Married,0,Mortgage,1083,0.41812787094253234,3,2,0.1607814618370653,0,Home,0,18,15,8706,5014,82090,17930,3912.8333333333335,0.8529598509403679,7,64160,0.199434,0.22604246594960659,575.0150975606059,0.4237377256618663,0,47.0
2036-10-29,29,157175,618,Unemployed,Master,9,6514,12,Married,1,Rent,320,0.6123085118998898,2,0,0.30916017961306524,0,Debt Consolidation,1,20,14,1913,515,46534,64746,13097.916666666666,0.42416014574130034,8,5607,0.16251400000000002,0.18368433386524677,598.3462484642602,0.07011391749051135,1,48.0
2036-10-30,65,79422,577,Employed,High School,44,32304,72,Single,1,Own,419,0.2007188184417386,2,0,0.7393683657156798,0,Auto,1,28,12,10319,9104,162887,27241,6618.5,0.7946277522975412,3,135646,0.25880400000000003,0.26420240662548367,898.5413957546585,0.1990694864024565,0,60.0
2036-10-31,32,40636,583,Unemployed,Master,10,29857,12,Married,0,Mortgage,431,0.15631770608136003,1,1,0.1995365148366983,0,Auto,0,18,20,1978,547,133759,55021,3386.3333333333335,0.8306271647835962,5,78738,0.203357,0.1924255259194973,2754.9763778104193,0.9408336581780941,0,51.0
2036-11-01,56,104571,615,Self-Employed,High School,33,31976,60,Married,3,Mortgage,221,0.3159225461693237,5,0,0.7783990575690457,0,Debt Consolidation,0,24,17,1997,1462,62416,16252,8714.25,0.8566915370612974,4,46164,0.229476,0.23967202450472017,919.2758503208299,0.1308518633641254,0,57.0
2036-11-02,26,34546,553,Unemployed,Master,3,24446,60,Married,0,Rent,687,0.053702911369796755,3,1,0.08020944972678859,0,Debt Consolidation,0,22,15,3992,3842,35327,9586,2878.8333333333335,0.971488887020062,4,25741,0.252946,0.25118641050621243,719.2237883563665,0.4884700243234064,0,53.0
2036-11-03,40,30611,578,Employed,Bachelor,13,20435,48,Married,1,Other,571,0.34499136829063787,2,1,0.4272922493923237,0,Other,0,26,1,10418,214,76726,72677,2550.9166666666665,0.8720062881470217,2,4049,0.22643500000000003,0.2163894651509739,639.8278328427464,0.4746638134694377,0,61.0
2036-11-04,62,37710,616,Employed,Associate,38,18497,36,Single,1,Rent,486,0.05838237936739877,4,0,0.1375724462872177,0,Debt Consolidation,0,30,17,9436,1738,228037,13278,3142.5,0.9622047620633589,3,214759,0.195497,0.18194274228665375,670.5149122712395,0.3680238384315798,0,43.0
2036-11-05,18,16538,525,Employed,Associate,0,30288,60,Single,3,Other,777,0.5645992269547777,5,1,0.388950568726491,0,Other,0,26,13,2095,3432,51716,18433,1378.1666666666667,0.9426408316609729,6,33283,0.27278800000000003,0.2684312892363996,922.0162953079735,1.2328090182425735,0,57.0
2036-11-06,38,101317,528,Employed,Associate,16,25393,108,Married,0,Rent,1471,0.4928125859130841,3,2,0.3436963814167251,0,Home,0,29,27,565,824,64090,19164,8443.083333333334,0.5179857166386475,1,44926,0.306393,0.31933500908613976,717.8286948174652,0.2592451843008536,0,54.0
2036-11-07,60,89330,528,Employed,Associate,39,15579,24,Married,1,Mortgage,609,0.3883240607356424,3,1,0.6422158285816274,0,Home,0,28,13,3859,477,290469,36729,7444.166666666667,0.793187397751053,2,253740,0.226579,0.2275743068968844,814.0487811261065,0.19116293936542345,1,40.800000000000004
2036-11-08,53,153836,571,Self-Employed,Bachelor,29,39255,48,Divorced,0,Other,302,0.2473626669284323,5,0,0.15176820681466988,0,Education,1,21,13,2841,388,59423,130070,12819.666666666666,0.5781601430219422,7,10044,0.24875500000000003,0.263918121577753,1332.2406832833121,0.12747918692243523,0,57.0
2036-11-09,30,106600,636,Employed,Master,4,12700,60,Single,3,Own,560,0.08099472481843385,1,2,0.0430556432351339,0,Home,1,25,13,8368,1630,228605,12056,8883.333333333334,0.5422090149086679,5,216549,0.1997,0.2097540637871419,343.4019942085956,0.10169628452629594,1,37.6
2036-11-10,59,69817,548,Employed,High School,39,24984,96,Married,0,Rent,698,0.10479600403537011,8,1,0.407785938411095,0,Home,0,26,13,1136,186,157084,47640,5818.083333333333,0.9414854759721653,3,109444,0.285984,0.22878720000000002,569.2017890359705,0.2178039942769189,0,51.0
2036-11-11,52,39012,645,Employed,Bachelor,31,49393,60,Single,2,Other,251,0.5221903987663564,3,1,0.5614215362754669,0,Home,0,23,2,2166,116,94447,31427,3251.0,0.8757948425411256,5,63020,0.23189300000000002,0.23806664220493703,1415.398694110066,0.5125803426976517,0,59.0
2036-11-12,42,24372,515,Employed,High School,19,21834,60,Single,2,Rent,447,0.16130624196878093,3,0,0.19669779717537433,0,Home,0,34,27,9437,425,52215,11293,2031.0,0.8529611861508014,5,40922,0.269334,0.30713395989378645,716.0014499483312,0.5726250369021818,0,51.0
2036-11-13,40,118988,454,Employed,Bachelor,21,18837,24,Married,3,Own,327,0.2043518751318287,7,1,0.06217967273566403,0,Education,0,23,11,373,1177,149647,54990,9915.666666666666,0.8690812915261426,7,94657,0.266837,0.257131614790974,1012.1121218883484,0.1350501349939505,1,37.6
2036-11-14,51,20729,547,Employed,High School,32,12627,60,Single,1,Own,268,0.1451781490346652,7,0,0.4755552759290299,0,Home,0,28,12,1297,574,68467,17002,1727.4166666666667,0.8010989840023314,3,51465,0.24412699999999998,0.29295239999999995,403.0772105266409,0.38848601120747217,0,55.0
2036-11-15,54,29061,598,Employed,Associate,33,39738,72,Widowed,3,Mortgage,662,0.28262500154006137,6,1,0.1736651102801714,0,Education,0,33,15,1034,456,46684,11523,2421.75,0.9233125510980236,4,35161,0.255738,0.2678009014537548,1114.240764360292,0.7334533970724856,0,52.0
2036-11-16,47,89252,625,Employed,Bachelor,24,41081,12,Single,0,Other,229,0.26142239823014174,8,0,0.16274028785360142,0,Debt Consolidation,0,15,6,842,998,14057,20108,7437.666666666667,0.818257638027743,5,1285,0.19358100000000003,0.2069731309064703,3819.2415919664104,0.5442891935597737,0,48.0
2036-11-17,54,82542,554,Employed,Bachelor,34,27023,48,Married,1,Other,317,0.2552177988327477,5,1,0.2673269189717921,0,Auto,1,23,29,3218,276,54847,17303,6878.5,0.8280818888222304,3,37544,0.245023,0.21631343908477685,845.989527385318,0.169076038000337,0,57.0
2036-11-18,66,110932,627,Self-Employed,Doctorate,41,42323,36,Married,0,Other,216,0.26421523732377394,4,0,0.18114693774297502,0,Home,0,22,12,2701,163,33879,50131,9244.333333333334,0.6779051999970378,8,8673,0.213823,0.1846641724050034,1539.998680707552,0.18995406346672397,1,39.2
2036-11-19,40,87586,565,Employed,High School,19,20639,24,Single,3,Rent,510,0.5169213598405314,5,2,0.2491223623552434,0,Debt Consolidation,0,20,24,1616,214,142421,6624,7298.833333333333,0.9265942988664005,9,135797,0.21313899999999997,0.20432527630375502,1054.8045803866967,0.21439105524444957,1,38.400000000000006
2036-11-20,52,47715,590,Employed,Bachelor,29,18807,36,Single,0,Rent,400,0.11311719070693098,1,0,0.6210170133304265,0,Home,0,24,5,10899,1658,41532,12013,3976.25,0.9572866269606098,4,29519,0.208807,0.16704560000000002,667.7588076018648,0.2685341232573064,0,60.0
2036-11-21,21,37023,583,Employed,Associate,0,15688,24,Married,1,Mortgage,355,0.09294326279940616,3,0,0.25353525663507975,0,Auto,0,23,19,672,178,15980,15782,3085.25,0.5619695217820737,5,4798,0.199188,0.18049213166075798,783.5824029011577,0.36904056491407755,0,52.0
2036-11-22,38,53179,467,Employed,Associate,15,29338,12,Single,2,Mortgage,272,0.12752314919127658,1,0,0.23104058125373989,0,Debt Consolidation,0,24,25,1881,722,11506,93506,4431.583333333333,0.9087949592957714,3,3426,0.260838,0.24372672506411167,2779.483313700256,0.6885763132891382,0,51.0
2036-11-23,54,115696,601,Employed,Master,29,20063,108,Divorced,0,Rent,181,0.37789920631464147,4,0,0.12817819979008163,0,Education,0,24,1,2267,6643,44140,30699,9641.333333333334,0.6359019584861666,1,13441,0.264563,0.2889582383286238,523.1623570459205,0.07303578589191542,0,50.0
2036-11-24,34,15000,483,Employed,High School,9,28183,36,Married,0,Rent,550,0.221467082031802,3,1,0.14845948058823352,0,Other,0,29,7,31873,539,32412,4978,1250.0,0.838925707746537,8,27434,0.271683,0.3260196,1236.9295506975536,1.4295436405580428,0,53.0
2036-11-25,29,44742,532,Employed,Bachelor,8,20592,24,Widowed,2,Own,120,0.1379532231960605,1,1,0.09686889333471116,0,Debt Consolidation,0,26,12,3755,2905,81237,7607,3728.5,0.7849804344145683,8,73630,0.229592,0.2725197783243325,1122.4298895982122,0.33322512795982623,0,48.0
2036-11-26,43,73180,587,Employed,High School,17,12114,72,Single,4,Rent,407,0.27901697882146104,0,1,0.2629481476326573,0,Debt Consolidation,0,30,24,3252,990,113527,18990,6098.333333333333,0.620623676995315,3,94537,0.233614,0.2490061303598682,325.5785705549581,0.12012766939955585,0,50.0
2036-11-27,42,91221,551,Employed,High School,19,25407,24,Single,0,Own,874,0.3621043943234721,4,0,0.08542097424528204,0,Other,0,27,21,4731,52,39151,11375,7601.75,0.6949129356961669,3,27776,0.224907,0.2248844208437661,1324.2046365564881,0.28917086678152903,0,49.0
2036-11-28,49,31827,625,Employed,Associate,26,11300,72,Single,1,Mortgage,343,0.3176984924373846,8,1,0.3749221556214408,0,Auto,0,23,16,15740,426,91440,40928,2652.25,0.7495589581757313,6,50512,0.21380000000000002,0.18745519970212346,262.51320253692614,0.22830170705511404,0,50.0
2036-11-29,34,71406,593,Employed,Bachelor,11,25662,84,Married,3,Rent,219,0.12154314688923437,1,0,0.25475195548973073,0,Auto,0,22,14,4082,801,23066,2103,5950.5,0.9653634253681795,6,20963,0.254162,0.2090013890591378,583.8453883496422,0.13492066017135404,0,51.0
2036-11-30,53,17744,502,Employed,High School,27,12822,12,Married,4,Other,404,0.16618983429440373,3,0,0.272726745452375,0,Debt Consolidation,0,24,8,2651,2855,47053,90595,1478.6666666666667,0.8546667267157414,6,6882,0.226822,0.19137293644362063,1182.47196120264,1.0729070972966455,0,54.0
2036-12-01,38,32660,594,Employed,Bachelor,16,29013,84,Married,1,Own,486,0.22594491415301546,2,0,0.10807118898474301,0,Debt Consolidation,0,25,18,2339,582,22038,6243,2721.6666666666665,0.9798544442745017,3,15795,0.25701300000000005,0.23769063064844434,711.6887342337711,0.44005709769765017,0,51.0
2036-12-02,32,70152,579,Unemployed,High School,6,19180,72,Married,2,Mortgage,489,0.08358771324077882,3,0,0.22145899875095185,0,Home,0,20,19,2561,612,23001,127683,5846.0,0.7606538541335658,5,10460,0.24468,0.22679058903469906,489.68023712356006,0.1674102355668081,0,54.0
2036-12-03,58,38875,612,Employed,High School,32,32593,96,Married,2,Mortgage,513,0.10771318854804933,5,0,0.2820471247393665,0,Education,0,19,9,1264,181,50972,41250,3239.5833333333335,0.9523855820252455,3,9722,0.261593,0.23477949112191882,755.2391726698817,0.39148218834825926,0,50.0
2036-12-04,53,45888,550,Employed,Bachelor,32,25165,84,Divorced,1,Mortgage,476,0.21368947791796808,2,0,0.5143906776168781,0,Other,0,11,5,1505,604,231351,20149,3824.0,0.8093848670822149,2,211202,0.275165,0.30565242623045047,729.1323892069036,0.31514968337000615,0,57.0
2036-12-05,41,30767,518,Employed,Doctorate,20,22039,120,Divorced,0,Other,416,0.571785254577883,5,2,0.18211719771149817,0,Auto,0,23,13,2253,1541,88389,98429,2563.9166666666665,0.8012107448616036,3,1447,0.318039,0.28663878255898995,559.356586022284,0.38041664875572556,0,52.0
2036-12-06,37,78524,501,Self-Employed,Associate,15,24268,84,Divorced,4,Mortgage,975,0.09297083531526333,6,1,0.09647864693767644,0,Debt Consolidation,0,28,25,8924,945,26943,17084,6543.666666666667,0.9143814491038199,4,9859,0.29876800000000003,0.2773639137047163,657.3470442639191,0.24945449201730716,0,52.0
2036-12-07,37,18946,573,Employed,High School,13,19390,48,Married,1,Mortgage,1103,0.26063276396900376,4,1,0.08229291875798812,0,Home,1,15,18,12140,2022,77479,66093,1578.8333333333333,0.7953729567620156,6,11386,0.22789,0.2276540932552544,618.9885119386375,1.0906714949468834,0,58.0
2036-12-08,32,96875,613,Employed,Bachelor,13,18897,96,Married,0,Other,176,0.15400633815701198,0,0,0.20202395185918673,0,Home,0,19,29,2239,512,103088,33283,8072.916666666667,0.744304193315689,4,69805,0.24739699999999998,0.22825452143469646,429.8726110974517,0.07505002666497465,1,36.0
2036-12-09,57,119753,640,Employed,Master,33,25024,60,Widowed,3,Mortgage,649,0.11581782237726064,0,2,0.4781787499176703,0,Other,0,30,10,468,4619,62760,17831,9979.416666666666,0.9131550289809397,9,44929,0.210024,0.21135245619205512,678.8884695277229,0.13306273441444202,1,40.800000000000004
2036-12-10,39,98252,634,Employed,Master,14,15187,60,Divorced,2,Mortgage,386,0.43830790434858385,4,0,0.38762613262899864,1,Debt Consolidation,0,29,15,2876,2044,162976,21318,8187.666666666667,0.8505751976864938,5,141658,0.203187,0.17929244935540214,385.0656638438989,0.09417404191392324,1,47.2
2036-12-11,45,40331,486,Employed,High School,23,28198,36,Married,2,Mortgage,417,0.4808461832704399,4,0,0.19448235395470048,0,Other,0,22,21,1008,1899,40961,64070,3360.9166666666665,0.9055210846765922,6,6555,0.270198,0.28077010409716374,1167.5439423203222,0.47146183600317043,0,52.0
2036-12-12,29,15894,565,Unemployed,High School,8,13043,12,Divorced,0,Rent,818,0.2855203045058109,3,0,0.4199497723657436,0,Home,0,31,15,1682,842,4487,8945,1324.5,0.865538752591706,6,5141,0.195543,0.20996292462408536,1214.459742782055,1.5345109420778067,0,61.0
2036-12-13,37,39379,586,Employed,High School,17,26636,36,Widowed,0,Rent,409,0.3768357242400365,5,1,0.12333598926186723,0,Other,0,20,25,4199,3620,26290,10501,3281.5833333333335,0.8113308869259411,3,15789,0.218636,0.18869861999444687,974.6180592163141,0.42163124280951186,0,51.0
2036-12-14,28,44795,573,Employed,Bachelor,7,29078,72,Divorced,1,Mortgage,580,0.34632505191362867,3,0,0.6017415181568508,0,Debt Consolidation,0,18,23,1472,439,30537,8118,3732.9166666666665,0.8221914917295526,3,22419,0.257578,0.2703247256599664,819.9304941237083,0.37502323762662126,0,59.0
2036-12-15,18,77706,478,Employed,Master,0,9245,36,Divorced,1,Rent,447,0.17526132966320263,3,0,0.1576241287601937,0,Auto,0,32,14,5847,427,287522,11980,6475.5,0.8123037318912539,7,275542,0.255245,0.2744166192508246,379.62308305931464,0.12765393916443746,1,34.4
2036-12-16,60,97154,556,Employed,Master,34,13588,60,Divorced,2,Mortgage,369,0.09061089141230022,2,1,0.3430368767605139,1,Debt Consolidation,0,24,26,1495,2409,63459,12295,8096.166666666667,0.9746712264166151,4,51164,0.24058799999999997,0.26368222792564366,409.798443571734,0.09619347965972382,1,49.6
2036-12-17,40,29399,621,Employed,Bachelor,18,31340,60,Married,0,Own,530,0.5954497746604457,3,1,0.06157978964401506,0,Other,1,19,18,2556,213,97181,8842,2449.9166666666665,0.7071080569715669,3,88339,0.22584000000000004,0.20779887033862954,843.9764205465252,0.5608257779706216,0,54.0
2036-12-18,42,30783,487,Employed,High School,20,20248,96,Married,4,Other,542,0.014780073329352147,1,1,0.18517524452795453,0,Debt Consolidation,0,29,21,1958,412,30400,3144,2565.25,0.9446864203377443,7,27256,0.31174799999999997,0.2875471500400737,540.8868533002097,0.42213696649457544,0,50.0
2036-12-19,28,32471,592,Employed,Bachelor,6,61921,60,Divorced,1,Own,636,0.4641681622796132,1,0,0.29750278928003177,0,Debt Consolidation,0,25,25,4292,3266,73299,22402,2705.9166666666665,0.6257736246314122,5,50897,0.270921,0.29832702399513056,1996.9962804989943,0.9730515033718683,0,52.0
2036-12-20,45,45686,640,Employed,Associate,22,18973,24,Single,1,Rent,154,0.299764734138769,4,1,0.20673236608025033,0,Education,0,35,23,20937,233,88745,17613,3807.1666666666665,0.8502984062621592,12,71132,0.173973,0.16792950988482652,936.1816128388396,0.2863498523413316,0,48.0
2036-12-21,29,44994,566,Employed,High School,7,15159,48,Single,2,Mortgage,290,0.16534195267816984,2,1,0.2020419237334007,1,Auto,0,24,11,15385,207,30493,13074,3749.5,0.7087429747069711,6,17419,0.227159,0.21979389710389843,477.431032632124,0.20467556544395893,0,64.0
2036-12-22,46,122639,623,Employed,Master,23,25641,48,Divorced,3,Mortgage,266,0.2587888895154854,3,0,0.3493879248252876,0,Auto,1,28,1,1644,3803,787484,30043,10219.916666666666,0.8132065350204104,3,757441,0.20914100000000002,0.21857354072588964,805.8629654734548,0.10487981462407112,1,40.800000000000004
2036-12-23,64,18837,636,Employed,High School,40,23065,24,Divorced,2,Mortgage,407,0.5749120437832729,2,1,0.3108974324129202,0,Education,0,28,1,1123,3333,187327,15314,1569.75,0.8020589036578668,4,172013,0.180065,0.21382480508566828,1189.5476407396236,1.0170712793372343,0,54.0
2036-12-24,41,59383,623,Employed,Doctorate,13,50480,72,Single,1,Mortgage,1077,0.28076894322183066,2,1,0.47932754680437206,0,Home,0,29,5,1226,997,41033,31873,4948.583333333333,0.8317837910293283,2,9160,0.25398,0.2716921748369002,1427.7443755090521,0.506153823587704,0,55.0
2036-12-25,47,15000,596,Employed,Associate,27,31903,36,Married,0,Mortgage,468,0.08743046594525844,1,1,0.28747950180455634,0,Auto,0,17,5,5033,414,169564,15484,1250.0,0.8761698687938524,6,154080,0.218903,0.22655984139092952,1229.243267627133,1.3577946141017063,0,51.0
2036-12-26,23,55364,588,Unemployed,Bachelor,2,24677,108,Married,2,Mortgage,726,0.1121188536251812,3,2,0.29559087667195943,0,Auto,0,21,18,3562,741,245328,11521,4613.666666666667,0.6770095643270088,8,233807,0.275677,0.30820379029759765,677.6003340587522,0.3042266456308255,0,50.0
2036-12-27,36,24967,631,Employed,Master,13,16931,24,Married,1,Other,222,0.08068781904534529,5,1,0.4126297188194452,0,Home,1,29,1,10677,4436,59175,43823,2080.5833333333335,0.695626711070159,7,15352,0.176431,0.15315033543859405,823.4638865124543,0.5024859469759864,0,64.0
2036-12-28,51,85427,583,Employed,Bachelor,31,26455,36,Married,1,Mortgage,314,0.2509370207726759,6,3,0.11480045192015086,0,Debt Consolidation,0,18,6,8918,1956,157134,109541,7118.916666666667,0.9289238311813901,1,47593,0.219955,0.2162577747707438,1005.214035345008,0.18531106587074458,1,40.800000000000004
2036-12-29,67,65095,641,Employed,Associate,44,37569,12,Divorced,2,Other,695,0.277513779201794,2,0,0.5153495163382724,0,Auto,0,26,17,1116,299,40162,26534,5424.583333333333,0.8934015592909416,4,13628,0.182069,0.1603863993078365,3409.3545932784846,0.7566211708939522,0,55.0
2036-12-30,35,29162,509,Self-Employed,High School,12,31557,48,Married,1,Mortgage,457,0.09688346491069637,3,4,0.16265116708140762,0,Debt Consolidation,0,27,17,2132,4435,131448,46494,2430.1666666666665,0.7224750010175773,7,84954,0.272057,0.2716059719622279,1084.7250739612987,0.6344112505155882,0,52.0
2036-12-31,50,83980,569,Employed,High School,28,19362,60,Married,1,Other,352,0.09844315976446436,4,2,0.15708757982739172,0,Home,0,30,11,7422,2264,93371,30072,6998.333333333333,0.6992444941666403,7,63299,0.23986200000000002,0.23035194055125222,546.2154788978772,0.12834705580822253,1,36.800000000000004
2037-01-01,33,28242,586,Employed,High School,10,13990,24,Married,0,Mortgage,340,0.5445081793172037,0,0,0.15203608602854943,0,Auto,0,34,25,3585,718,22378,22534,2353.5,0.8478162471275029,6,5724,0.19599,0.19562166944697387,709.0435387674788,0.445737641286373,0,53.0
2037-01-02,39,258489,597,Employed,Bachelor,15,24844,48,Single,3,Mortgage,802,0.27110979100723037,1,2,0.34380699714036334,0,Auto,0,20,24,3251,418,65390,6207,21540.75,0.8821312974678309,8,59183,0.221344,0.2550555624374924,830.7764553678264,0.07579942459607146,1,40.0
2037-01-03,43,47816,604,Employed,High School,17,19872,60,Single,2,Mortgage,763,0.049376304751520605,7,0,0.4221976642723011,0,Home,0,25,11,3381,2572,202700,3267,3984.6666666666665,0.7464920440228393,5,199433,0.22287200000000001,0.20699242757288344,534.2478161516572,0.32555993378408665,0,49.0
2037-01-04,59,83663,621,Employed,High School,34,47590,72,Married,0,Rent,207,0.24521445938761968,3,5,0.16312132043973848,0,Auto,0,20,5,12486,558,67519,9544,6971.916666666667,0.7990363188873282,1,57975,0.25209000000000004,0.29449427641735915,1414.8566621355667,0.23262708659295983,0,46.0
2037-01-05,35,15000,482,Employed,Bachelor,12,66743,24,Married,1,Own,607,0.18784397931098012,0,0,0.29856412208350286,0,Auto,0,26,28,6096,3134,20548,25489,1250.0,0.950931909499114,5,8549,0.300743,0.3395728662194828,3869.0872070001496,3.5808697656001196,0,53.0
2037-01-06,18,20768,450,Employed,Associate,0,22518,48,Married,1,Mortgage,390,0.696371905311055,4,0,0.3383212624668506,0,Other,0,34,11,7820,166,107602,6471,1730.6666666666667,0.8623494745346026,5,101131,0.292518,0.2872553387816464,794.1771317403021,0.6842317787405444,0,54.0
2037-01-07,33,27064,551,Employed,High School,12,18503,24,Single,2,Mortgage,413,0.5008547098271453,4,0,0.2204038895793037,0,Debt Consolidation,1,15,19,4462,727,69247,117787,2255.3333333333335,0.8894640206756359,3,7910,0.21800299999999997,0.23210191176796544,970.9952253658315,0.6136544008420772,0,61.0
2037-01-08,34,91518,603,Employed,Bachelor,11,40356,48,Married,0,Rent,351,0.14939198495890346,3,2,0.06485672104707248,0,Education,0,20,10,5623,3104,11900,97035,7626.5,0.7717257135592208,4,6121,0.233856,0.21911374007951603,1269.5183585679904,0.2124851974782653,0,45.0
2037-01-09,39,68218,503,Employed,High School,16,17465,36,Single,3,Mortgage,841,0.12138250821182996,3,0,0.15759884419074222,1,Home,0,21,23,6675,1262,42068,60750,5684.833333333333,0.9391328284463148,5,7935,0.250965,0.2736036304910273,716.3931748475903,0.27395581955160053,0,61.0
2037-01-10,24,43659,551,Employed,Bachelor,0,21059,36,Married,0,Rent,361,0.2263155454457947,2,1,0.1830616871342648,0,Home,0,20,20,1083,2194,445953,78761,3638.25,0.7569534857861854,6,367192,0.230559,0.22782176202817866,812.7991194210648,0.322627394879699,0,45.0
2037-01-11,18,35246,590,Employed,Associate,0,7524,60,Widowed,1,Mortgage,214,0.11431102072277703,3,1,0.2444815403505059,0,Home,0,23,10,13362,325,69379,28197,2937.1666666666665,0.768314648316248,5,41182,0.217524,0.2408991386544471,216.84302663741147,0.14668661180414622,0,52.0
2037-01-12,45,60404,591,Employed,Master,21,10107,84,Single,5,Rent,186,0.24527203541642645,6,1,0.10230580398099749,0,Home,0,25,5,1302,1829,22967,31798,5033.666666666667,0.6179956577867888,5,9225,0.23960700000000001,0.1916856,219.4057056805383,0.08053884623810442,1,41.6
2037-01-13,48,196315,570,Employed,Master,26,56361,60,Single,1,Mortgage,359,0.2230583467295782,2,2,0.16461842176417602,0,Auto,0,24,15,3906,2193,56860,21666,16359.583333333334,0.8139996291178955,4,35194,0.276361,0.24408096386695294,1634.7692930442834,0.12187164259751623,1,38.400000000000006
2037-01-14,29,15000,556,Employed,High School,6,9915,60,Married,3,Mortgage,877,0.4939988823814848,4,0,0.2578015094905221,0,Other,0,24,13,801,1255,36989,90888,1250.0,0.797429553970091,1,6162,0.236915,0.21242163333829323,269.586479063689,0.9172691832509512,0,55.0
2037-01-15,50,42086,516,Unemployed,Associate,27,26338,24,Divorced,1,Mortgage,290,0.30246990687206443,1,1,0.22765184710133238,0,Home,0,26,9,887,943,58773,29855,3507.1666666666665,0.6127681709130093,6,28918,0.243338,0.21942226527296754,1365.615524922422,0.47206639497859304,0,57.0
2037-01-16,48,54796,493,Employed,Bachelor,27,34354,36,Single,3,Rent,521,0.30244803126285247,4,1,0.39482030065283563,0,Debt Consolidation,0,23,5,3462,2648,21927,17585,4566.333333333333,0.8978248282160307,5,4342,0.272854,0.23149802429142313,1332.5175368201546,0.40590938101032664,0,56.0
2037-01-17,57,66891,531,Employed,Bachelor,32,22078,36,Married,0,Mortgage,883,0.529002027056374,4,2,0.12095033558760487,0,Education,0,20,12,1521,2186,9768,335421,5574.25,0.9722097217064588,2,5202,0.241578,0.2198307455173441,842.9755215052054,0.3096336765493484,0,51.0
2037-01-18,28,117987,608,Employed,Master,6,14429,48,Married,1,Rent,575,0.22088365636009946,3,0,0.1383977299236166,0,Auto,0,17,7,4082,661,37096,21547,9832.25,0.8634586157519184,4,15549,0.205429,0.21785781859432354,452.9247939216254,0.10454624261197848,1,37.6
2037-01-19,22,97198,578,Employed,Doctorate,0,9511,48,Divorced,4,Mortgage,322,0.3022763611996101,4,2,0.437896921544435,0,Auto,0,24,25,14751,629,46782,56170,8099.833333333333,0.7133865417424315,3,5047,0.215511,0.20400297676748771,291.4555224009618,0.07573680804966709,1,44.0
2037-01-20,46,28600,637,Employed,Bachelor,25,21798,24,Widowed,1,Own,425,0.2434144590435173,4,1,0.04606168712813653,0,Auto,0,30,22,1925,262,106524,14282,2383.3333333333335,0.5232988232186024,5,92242,0.178298,0.2139576,1124.3462273150508,0.6500753401321892,0,47.0
2037-01-21,32,41099,593,Self-Employed,High School,7,11110,72,Married,2,Mortgage,323,0.40891678098664486,2,1,0.5307554436781643,0,Auto,0,24,8,4415,323,154381,15189,3424.9166666666665,0.4876136210606698,6,139192,0.22961,0.2599722471748049,306.1061835106518,0.18368510674536662,0,60.0
2037-01-22,45,72342,539,Employed,Master,23,38788,48,Single,3,Mortgage,516,0.19940779365138833,3,1,0.23697514561898775,0,Home,0,20,21,4229,482,22223,57436,6028.5,0.8264093595480331,3,4669,0.26428799999999997,0.2781774315597546,1347.8030070878951,0.30916529934277104,0,51.0
2037-01-23,68,99858,688,Employed,Master,44,27105,60,Divorced,1,Rent,191,0.0938720533126807,5,2,0.11921111316268905,0,Education,0,23,8,7188,629,74446,66881,8321.5,0.8675473136594705,3,7565,0.18810500000000002,0.19274265612899363,707.2154213101321,0.10793912411345696,0,43.0
2037-01-24,31,61628,529,Self-Employed,Master,11,12796,60,Married,0,Rent,372,0.19834097097837491,1,2,0.2594615677681184,0,Auto,0,23,17,19004,835,46306,14728,5135.666666666667,0.9314819627993033,9,31578,0.253296,0.24510488231754368,371.91618926769445,0.14485289594360246,0,54.0
2037-01-25,25,37789,544,Employed,High School,2,35001,48,Widowed,0,Rent,487,0.11820533262802962,0,1,0.41457912332161767,0,Home,0,18,23,2916,1141,95728,49193,3149.0833333333335,0.9429533833748657,5,46535,0.258001,0.30960119999999997,1279.8659151376278,0.5610730895671103,0,56.0
2037-01-26,37,87398,602,Employed,Master,15,19986,60,Married,0,Own,986,0.44262412155341124,2,1,0.36696284643140403,0,Debt Consolidation,0,21,2,671,3098,326771,23093,7283.166666666667,0.9190895589641762,5,303678,0.22398600000000002,0.21677451206791135,548.3325821383443,0.21066833320739753,1,39.2
2037-01-27,61,95342,575,Employed,Associate,41,23812,24,Single,0,Own,712,0.31643309271803005,1,1,0.15207315938358026,0,Education,0,17,5,4244,629,87180,23709,7945.166666666667,0.5736609294641691,4,63471,0.211312,0.20211135528995175,1214.3883193313854,0.2424604039350614,0,49.0
2037-01-28,29,66234,551,Employed,Bachelor,3,9091,60,Married,4,Other,800,0.424780802592638,2,1,0.22495844870277087,0,Home,0,19,5,1145,532,27700,15608,5519.5,0.8218492457988729,3,12092,0.238591,0.2722673239032761,278.82994792754465,0.19545791247894642,0,55.0
2037-01-29,28,50550,559,Employed,High School,5,43095,72,Divorced,0,Mortgage,627,0.43684757886869474,1,3,0.10281851113806792,0,Education,0,25,28,5786,2366,127671,9086,4212.5,0.6500589083426392,6,118585,0.278595,0.28526714192168523,1255.8251323065442,0.44696145574042595,0,47.0
2037-01-30,49,23164,628,Employed,Doctorate,27,23330,48,Married,1,Mortgage,697,0.16614094469784993,5,1,0.2840386399523371,0,Debt Consolidation,0,28,25,4184,1118,7304,16689,1930.3333333333333,0.9509346998926513,4,9072,0.20433,0.20120438448608682,711.4382761062024,0.7296347484577116,0,50.0
2037-01-31,49,46234,490,Employed,Bachelor,24,20225,48,Married,1,Mortgage,541,0.3054048477774233,5,1,0.47950831698632834,0,Home,0,23,13,491,1720,86401,6521,3852.8333333333335,0.884838563129372,4,79880,0.270225,0.2713659236527479,694.9285494894439,0.3207843274186384,0,55.0
2037-02-01,53,93049,622,Employed,High School,28,27122,108,Married,0,Own,271,0.14316119767089547,5,1,0.1261842378841103,0,Education,0,31,9,670,583,103598,15888,7754.083333333333,0.5704968382369552,8,87710,0.261122,0.301470297297349,731.5446040281048,0.12929247222793644,0,44.0
2037-02-02,18,19726,595,Employed,Master,0,13913,36,Married,1,Other,248,0.14302981362413744,4,2,0.45036470120336575,0,Other,0,24,24,4919,403,62033,10029,1643.8333333333333,0.9608958080984673,4,52004,0.201413,0.18974928725546883,509.81886319980964,0.4610071154008778,0,55.0
2037-02-03,39,73963,628,Employed,Bachelor,17,63411,84,Married,4,Own,357,0.24706206535621594,2,0,0.5602275318495596,0,Auto,0,16,19,4090,225,231423,91815,6163.583333333333,0.8928761953780061,4,139608,0.274411,0.2765638177588028,1714.2760023549074,0.33605062028661475,0,51.0
2037-02-04,35,15000,516,Employed,Associate,11,11717,24,Married,0,Mortgage,377,0.16002021187719345,1,2,0.12863047702794697,0,Debt Consolidation,0,30,3,11896,2351,24246,8822,1250.0,0.6316163972525812,2,15424,0.228717,0.21404376129382915,604.4154499041013,0.785132359923281,0,54.0
2037-02-05,37,181555,510,Employed,Bachelor,16,42963,60,Married,3,Other,277,0.35425917721750516,5,0,0.6178863558832796,1,Debt Consolidation,0,21,5,853,7073,22519,37976,15129.583333333334,0.7240677072513342,6,2785,0.29296300000000003,0.29179097073207116,1368.4141830676474,0.10875475859553176,0,70.0
2037-02-06,63,32921,584,Employed,Master,39,39699,60,Married,0,Mortgage,209,0.3532925304418896,9,0,0.032649477167824584,0,Home,0,23,24,18100,4609,22709,99734,2743.4166666666665,0.9190622002371075,4,2822,0.252699,0.26419596946119994,1198.488149112692,0.5130420640124026,0,51.0
2037-02-07,48,30070,566,Self-Employed,Associate,27,19515,24,Single,2,Mortgage,306,0.4446174989784904,2,1,0.10253947124798311,0,Home,0,16,24,1598,3191,155049,84039,2505.8333333333335,0.7544639333593436,9,71010,0.21151499999999998,0.20771892311910928,1000.6058407507381,0.5214256763887215,0,53.0
2037-02-08,38,35593,503,Employed,Master,15,31018,36,Widowed,0,Own,240,0.22876239930574016,2,1,0.04754902297028111,0,Auto,0,19,5,3093,563,39798,5383,2966.0833333333335,0.9144375725272103,5,34415,0.264518,0.28189341537121954,1286.1907599702404,0.5145474986554346,0,53.0
2037-02-09,38,78929,590,Employed,Master,17,23020,96,Married,0,Own,666,0.01913338954764939,3,1,0.12734923154147482,0,Home,0,33,23,2866,941,19597,142807,6577.416666666667,0.7776718760796325,4,10328,0.26302000000000003,0.25872795077700866,569.8450690469043,0.18789216673925746,0,49.0
2037-02-10,43,44498,605,Employed,Associate,21,19852,48,Married,2,Mortgage,214,0.13731417656519457,1,1,0.29656961061668763,0,Other,0,22,16,773,965,228336,6435,3708.1666666666665,0.8984158053548648,3,221901,0.212352,0.16988160000000002,572.7087016641055,0.21215570182860505,1,36.0
2037-02-11,29,107227,626,Employed,Bachelor,7,15520,36,Married,1,Mortgage,424,0.1861844880336821,4,0,0.4003101332973492,0,Auto,0,30,2,2782,1784,229346,30213,5943.833333333333,0.8928004698666636,12,199133,0.18752000000000002,0.19651200817235995,574.0242638875568,0.16790919393560108,1,40.800000000000004
2037-02-12,68,28776,509,Employed,High School,42,15240,48,Married,3,Mortgage,799,0.16854057679613588,2,2,0.21984176914262496,0,Auto,0,28,11,1676,1242,66092,26448,2398.0,0.8383886426063518,16,39644,0.25574,0.2441998124731769,500.3970208659814,0.5418669811784743,0,53.0
2037-02-13,31,15000,532,Employed,High School,9,31139,48,Married,0,Mortgage,442,0.05393323224611134,3,0,0.022215195674037205,0,Education,0,22,6,11080,649,85713,14996,1250.0,0.9076707473738377,1,70717,0.260139,0.21329849500078613,969.7738255529879,1.1294190604423904,0,51.0
2037-02-14,35,81186,600,Employed,High School,12,10811,36,Divorced,3,Mortgage,752,0.1036218747811822,1,1,0.14841683586990184,0,Auto,0,27,20,4681,417,33964,35077,6765.5,0.9387073584742631,2,9485,0.19581099999999999,0.1952095656859895,399.1415591781741,0.17014877823932806,1,36.0
2037-02-15,47,73030,622,Employed,Associate,26,33005,36,Single,2,Mortgage,520,0.24010866687730875,0,1,0.30095086594521125,1,Home,0,26,5,5089,1565,78114,36179,6085.833333333333,0.737195761999203,7,41935,0.20700500000000002,0.19518790090022037,1218.5065890972614,0.28566450868365245,0,65.0
2037-02-16,38,83548,498,Unemployed,Master,16,28155,60,Single,0,Mortgage,179,0.3501282392207875,4,1,0.4288881250699984,0,Debt Consolidation,1,25,4,3480,2889,43191,16049,6962.333333333333,0.6932338630787179,3,27142,0.284155,0.25386006300411196,832.7701552552982,0.14532055660295373,0,67.0
2037-02-17,37,60240,628,Employed,Master,14,25132,72,Single,2,Other,267,0.22632542785977433,2,0,0.2706349292156103,0,Education,0,30,25,3788,347,48005,68617,5020.0,0.830436124511526,4,3272,0.226132,0.22932940305651195,645.4617361410826,0.181765286083881,0,49.0
2037-02-18,50,68365,624,Employed,Master,30,53896,36,Single,0,Other,389,0.34372788033498713,1,2,0.10038425324030474,0,Debt Consolidation,0,17,1,1571,14468,42672,81741,5697.083333333333,0.6480714180765647,2,9899,0.22689600000000001,0.24257915958034723,2121.799316434771,0.4407166210373327,0,51.0
2037-02-19,47,21850,599,Employed,Master,20,14267,48,Single,0,Rent,158,0.06365112797693702,5,0,0.21527799602650424,0,Debt Consolidation,0,25,25,6600,730,62638,3779,1820.8333333333333,0.8550735372796765,5,58859,0.209767,0.21834656671907543,448.2175263201087,0.3329341105648194,0,51.0
2037-02-20,61,41834,594,Unemployed,Associate,36,26411,60,Single,2,Mortgage,487,0.17482959100045548,3,1,0.06024086372194959,0,Debt Consolidation,0,27,4,1073,1628,68249,2286,3486.1666666666665,0.6391570062655951,9,65963,0.23441099999999998,0.2013402015008672,701.7009106825782,0.3409765006499722,0,54.0
2037-02-21,50,67509,595,Employed,High School,27,21912,84,Divorced,4,Mortgage,369,0.16737833449764572,7,1,0.2612648174222296,0,Home,0,24,25,1797,245,373038,31346,5625.75,0.9539061650942834,4,341692,0.24941200000000002,0.21065461234678287,500.7366940554544,0.15459924348850454,1,36.0
2037-02-22,42,32876,561,Employed,High School,17,20067,60,Single,0,Mortgage,483,0.1962373772350706,3,1,0.5598725384696944,0,Debt Consolidation,0,25,29,2170,6340,24880,9336,2739.6666666666665,0.920645004222393,4,15544,0.24456699999999998,0.23752847555156453,574.4116201584668,0.3859636039025916,0,58.0
2037-02-23,23,27851,481,Self-Employed,Associate,1,12030,12,Married,3,Mortgage,530,0.1827250162281698,3,1,0.37554514688477786,0,Education,0,20,3,2361,1559,67158,58713,2320.9166666666665,0.8924026954258336,2,8445,0.23653000000000002,0.2446049632450927,1140.2345691979394,0.7196443513832635,0,61.0
2037-02-24,45,59877,613,Employed,Associate,20,18752,36,Married,1,Mortgage,398,0.0991080487818135,1,2,0.20376606160482683,0,Auto,0,19,5,15424,1077,16501,30633,4989.75,0.8902629058823798,4,8664,0.19725199999999998,0.2003567104731842,697.2323861422526,0.2194964449405787,0,50.0
2037-02-25,37,110195,582,Self-Employed,High School,16,34527,48,Divorced,1,Rent,127,0.5711785859454308,2,2,0.05817812061679769,0,Debt Consolidation,0,24,9,413,2284,246149,691,9182.916666666666,0.7449988155785852,5,245458,0.23852700000000002,0.2217198252078805,1091.0366391734688,0.13264158691484756,1,40.0
2037-02-26,29,41529,556,Employed,Doctorate,5,16700,60,Single,0,Own,258,0.4654516748910676,2,2,0.23534218507315982,0,Home,1,18,26,2534,1194,11464,35097,3460.75,0.715958159322168,6,4053,0.24369999999999997,0.22588726568781756,466.8431785182751,0.20944684779838912,0,60.0
2037-02-27,23,55777,559,Employed,Bachelor,3,17422,36,Married,0,Mortgage,318,0.29988490026766473,4,2,0.17274831149623066,0,Auto,0,25,3,2910,1561,134444,38683,4648.083333333333,0.6876915690509691,8,95761,0.22292199999999998,0.20222140585103293,649.4375704230157,0.20813688160130858,0,51.0
2037-02-28,38,41266,528,Unemployed,High School,15,34875,60,Single,2,Rent,566,0.07830912316470304,5,1,0.46887107716072546,0,Home,0,27,14,2863,703,65276,3058,3438.8333333333335,0.8234276160078479,11,62218,0.275875,0.245705732023615,1014.8660049787011,0.45970998060738655,0,57.0
2037-03-01,49,71198,504,Unemployed,Associate,27,21601,60,Single,3,Mortgage,276,0.298320898511316,1,0,0.17749521056047093,0,Debt Consolidation,0,27,7,2932,178,80255,26273,5933.166666666667,0.8184449339349034,10,53982,0.274601,0.274119523979212,664.9225007549892,0.158586898635634,0,52.0
2037-03-02,50,190628,507,Employed,Master,26,45576,96,Divorced,0,Rent,192,0.03695122651976467,4,1,0.6143403547107875,0,Home,0,35,16,4017,367,15022,10723,15885.666666666666,0.6620123660636089,4,4299,0.32707600000000003,0.3758810988643806,1505.540610064023,0.1068598911008261,0,55.0
2037-03-03,49,29024,654,Employed,Bachelor,27,20764,72,Divorced,2,Rent,885,0.30426982326009283,3,2,0.21395513824639717,0,Debt Consolidation,0,22,16,17164,341,460044,11541,2418.6666666666665,0.6150815256654787,5,448503,0.208764,0.21996129599483177,521.6712073633745,0.5815895289539862,0,42.0
2037-03-04,18,300000,577,Employed,Master,0,46874,12,Single,0,Mortgage,409,0.08128065065638854,5,2,0.20865437459989505,0,Debt Consolidation,0,24,10,3464,4156,8478,11134,25000.0,0.7440395440679186,5,6873,0.22337400000000002,0.24186034649639915,4436.607671430805,0.19382430685723218,1,39.2
2037-03-05,52,139564,630,Employed,Bachelor,28,15551,24,Married,2,Mortgage,358,0.10408613600907286,3,1,0.5216159180429634,0,Auto,0,37,26,3922,2425,27754,28592,11630.333333333334,0.7207146786588323,4,8311,0.175551,0.1906534572153706,784.3982129163046,0.09822574987099578,1,41.6
2037-03-06,49,41811,601,Employed,High School,27,27884,48,Married,0,Own,1780,0.6394045978871823,4,0,0.126018768073392,0,Education,0,25,28,5401,634,83305,4947,3484.25,0.7265566108889583,5,78358,0.222384,0.22486909219258144,885.9028879938738,0.765129622729102,0,48.0
2037-03-07,24,35222,597,Employed,Associate,4,36538,36,Married,0,Mortgage,551,0.3811862665115536,0,2,0.11630836495574833,0,Home,0,27,24,4943,1828,350286,13388,2935.1666666666665,0.9335593927854805,7,336898,0.223038,0.21475306384693632,1385.5044501718248,0.6597596218858072,0,45.0
2037-03-08,32,22480,536,Employed,Associate,6,34753,12,Married,2,Own,698,0.15981737516431102,5,2,0.2624985750262704,0,Other,0,25,20,9709,1141,267609,5600,1873.3333333333333,0.7603412394169706,2,262009,0.23175300000000001,0.25800681087212046,3316.58919574431,2.143019143635753,0,47.0
2037-03-09,53,16973,592,Employed,High School,26,33030,60,Married,2,Rent,644,0.5474243560387126,8,0,0.22576669095569507,0,Debt Consolidation,0,23,1,6579,572,21553,2687,1414.4166666666667,0.8639716687739014,4,18866,0.24203000000000002,0.24954227745999474,968.5880634017025,1.1401082166276104,0,59.0
2037-03-10,46,40555,614,Unemployed,Bachelor,22,25813,48,Married,3,Own,282,0.16857379054149904,3,0,0.09350771419795628,0,Other,0,19,27,3189,1139,38981,13780,3379.5833333333335,0.7321492408603932,9,25201,0.213813,0.23026018370561885,827.7126451104798,0.32835782866047974,0,50.0
2037-03-11,33,47888,525,Employed,High School,11,16408,24,Married,0,Mortgage,581,0.4623307671139726,2,1,0.16821885847503254,0,Auto,0,20,19,4096,758,57994,5176,3990.6666666666665,0.8951868367551153,0,52818,0.228908,0.2450001106500426,871.6091356974555,0.3640016210401242,0,50.0
2037-03-12,42,24030,559,Employed,Bachelor,15,30997,36,Married,3,Own,461,0.3701068565315657,2,1,0.4903036350842535,0,Home,0,23,17,1672,6786,157385,9297,2002.5,0.5617064421820661,3,148088,0.23649699999999999,0.26170801040070063,1251.7103573554816,0.8552860710888797,0,54.0
2037-03-13,49,97350,629,Employed,High School,31,50104,48,Married,1,Mortgage,222,0.20611992674021673,1,0,0.47229404911276857,0,Home,0,21,13,1437,274,118423,22117,8112.5,0.8070955538098564,12,96306,0.23060400000000003,0.2253446160365344,1593.1543330237494,0.2237478376608628,0,50.0
2037-03-14,39,170870,631,Employed,Master,17,18581,24,Married,3,Rent,371,0.41531402495183556,3,1,0.6256374573966373,0,Home,0,22,28,3166,1815,129470,5722,14239.166666666666,0.9170883498927048,5,123748,0.17808100000000002,0.19067360643486003,937.2507342846782,0.09187691702122162,1,40.0
2037-03-15,44,32742,517,Employed,High School,19,24030,84,Single,3,Mortgage,463,0.31619283386491515,1,1,0.2551049305724342,0,Home,0,23,4,6330,704,34826,4298,2728.5,0.8819299448366352,2,30528,0.29053,0.2875556808841955,667.0967983444848,0.4141824439598625,0,56.0
2037-03-16,43,163165,540,Employed,Bachelor,21,22799,36,Divorced,1,Mortgage,775,0.43784761728102367,4,1,0.06386784423919795,0,Home,0,21,21,2753,1485,33759,101930,13597.083333333334,0.7388321493901481,4,1120,0.237799,0.23018123161755374,882.7583120939623,0.1219201406253029,1,39.2
2037-03-17,35,83093,538,Employed,Bachelor,13,42984,72,Married,0,Rent,241,0.46960276690515534,7,1,0.15562540782674314,0,Debt Consolidation,0,30,2,4337,2033,121103,16471,6924.416666666667,0.787818553350528,5,104632,0.288984,0.30951948194519907,1319.631063022863,0.2253808715087234,0,50.0
2037-03-18,23,61166,525,Employed,Bachelor,0,23112,36,Married,3,Rent,269,0.17336145045325368,3,0,0.2523281884713935,0,Other,0,30,26,14885,2424,483976,13754,5097.166666666667,0.8538503587191815,2,470222,0.245612,0.2690926862714108,942.4277261421031,0.23766688542172507,1,36.0
2037-03-19,44,22115,554,Employed,High School,24,58130,60,Married,1,Mortgage,529,0.15537432190499764,3,2,0.17357499706743182,0,Debt Consolidation,0,22,9,6198,2181,34909,13829,1842.9166666666667,0.7058833876894791,8,21080,0.28613,0.29579853639684944,1865.7290653746004,1.2994234132713183,0,52.0
2037-03-20,39,24786,526,Employed,High School,18,21472,36,Divorced,2,Other,807,0.175508853745981,1,1,0.12478928993031956,0,Home,0,15,26,1187,459,265720,11099,2065.5,0.6678090563428468,4,254621,0.243472,0.2637330137864567,869.3957424998245,0.811617401355519,0,45.0
2037-03-21,30,27148,431,Employed,Associate,7,22306,36,Married,2,Mortgage,633,0.5229915874585623,3,0,0.12333532820466836,0,Auto,0,26,13,6278,1876,51049,66521,2262.3333333333335,0.757837842999173,7,4972,0.291806,0.2751678448706657,916.842790413259,0.6850638531368465,0,53.0
2037-03-22,34,23305,594,Employed,High School,11,64213,12,Married,1,Other,1681,0.4374986016034118,2,2,0.15970592035024306,0,Other,0,23,15,462,322,1110302,71384,1942.0833333333333,0.9852986356271919,5,1038918,0.232213,0.2716022786690376,6170.586618962702,4.042868029502357,0,45.0
2037-03-23,45,48664,559,Employed,Bachelor,20,25240,72,Married,2,Rent,299,0.2421996105037754,3,1,0.16813816785839705,0,Home,0,17,20,2453,1578,94635,27622,4055.3333333333335,0.838089901537841,6,67013,0.26073999999999997,0.31288799999999994,780.4177599216074,0.26617238860470344,0,49.0
2037-03-24,29,68568,600,Employed,Associate,7,33884,12,Single,3,Mortgage,317,0.3258217944387872,4,2,0.10263673160691057,0,Debt Consolidation,0,34,5,827,3251,75055,4747,5714.0,0.7583450253723809,5,70308,0.198884,0.18520041293190095,3114.8771463984826,0.6006085310462868,0,47.0
2037-03-25,44,19263,620,Employed,Associate,22,20353,36,Single,0,Rent,703,0.08465344593569633,2,2,0.31984580475203417,0,Debt Consolidation,0,15,17,11929,2070,161247,8145,1605.25,0.6752497811333348,2,153102,0.19535300000000003,0.16491503676125574,720.4996825406023,0.8867775627102336,0,48.0
2037-03-26,27,28992,537,Self-Employed,High School,5,16965,96,Married,3,Mortgage,867,0.23339300917657113,3,0,0.40867425871407054,0,Debt Consolidation,0,20,7,3306,2966,10127,10608,2416.0,0.7866511538232326,3,1676,0.283465,0.30440626626787987,473.0607599507527,0.5546609105756427,0,62.0
2037-03-27,18,81123,610,Unemployed,Doctorate,0,24163,12,Married,0,Other,772,0.11874713671334969,1,0,0.25611738349968877,1,Home,0,17,5,4827,1374,21201,50815,6760.25,0.9568149049070681,5,10414,0.184163,0.18018583887099404,2215.477379541414,0.44191818047282483,0,64.0
2037-03-28,18,39845,593,Employed,High School,0,26130,48,Married,1,Rent,200,0.33457874896523376,6,0,0.3580477177694181,0,Home,0,23,5,7660,243,22063,3236,3320.4166666666665,0.8908210658780957,1,18827,0.22463000000000002,0.2377108451654255,848.5825206813054,0.3157984752961643,0,57.0
2037-03-29,52,32475,593,Employed,Bachelor,30,13898,36,Married,2,Mortgage,371,0.443998243361149,2,1,0.24912911675923893,0,Other,0,23,12,22707,513,140635,8431,2706.25,0.8810319726463751,9,132204,0.202398,0.21094844711656313,524.2851190458723,0.3308212911024008,0,50.0
2037-03-30,29,84443,531,Employed,Associate,9,19361,60,Married,1,Rent,217,0.2617008138875827,2,1,0.3605264729353445,0,Auto,0,27,10,528,2148,54041,37710,7036.916666666667,0.9358564905375607,1,16331,0.258861,0.2704414383322417,591.7054075294838,0.1149232605468044,0,53.0
2037-03-31,30,93998,503,Employed,Bachelor,8,19208,48,Married,1,Rent,695,0.21156313798895773,3,0,0.2856518078179593,0,Auto,0,27,9,10634,761,53593,32385,7833.166666666667,0.6251394039334736,7,21208,0.262708,0.23400846078370224,619.8707463537254,0.16785941143688912,1,41.6
2037-04-01,19,133597,575,Employed,Associate,0,27814,24,Widowed,1,Mortgage,92,0.6617187356418693,1,1,0.06634910846873066,0,Home,0,29,24,8425,1735,10179,1908,11133.083333333334,0.8118592883893117,2,8271,0.215314,0.20735994605138175,1425.6363329981414,0.1363177017146919,1,40.0
2037-04-02,33,82993,573,Employed,Master,8,37157,72,Married,1,Own,511,0.2527413418812884,6,1,0.3642121443052008,0,Debt Consolidation,0,24,24,1705,590,23337,22889,6916.083333333333,0.8488762713065132,2,1953,0.26565700000000003,0.2576644281076886,1018.4505245696027,0.22114402774734296,0,53.0
2037-04-03,60,99811,565,Employed,Associate,38,40203,60,Married,0,Mortgage,410,0.2985959036500306,1,1,0.05297346328787492,0,Education,0,28,1,9361,9833,48200,13843,8317.583333333334,0.7694705076349035,9,34357,0.26270299999999996,0.26972042790917444,1226.940078925168,0.19680477048724104,0,53.0
2037-04-04,55,62774,563,Employed,Doctorate,33,23212,36,Married,1,Rent,321,0.3130097533671183,1,0,0.12597920665148868,0,Home,0,20,26,27636,2805,48025,8382,5231.166666666667,0.9066143161891044,6,39643,0.226712,0.2157447510766305,881.3751453459289,0.22984837264076127,1,40.0
2037-04-05,38,73388,594,Employed,High School,14,15138,60,Married,2,Mortgage,194,0.31465376049661176,7,1,0.4159646999964574,0,Home,0,23,7,3650,399,133098,14855,6115.666666666667,0.941051509786166,6,118243,0.223138,0.2114250081308212,410.7481615272756,0.09888507573891246,1,42.400000000000006
2037-04-06,38,53663,410,Employed,High School,18,14142,72,Married,2,Own,465,0.3022611934011965,3,0,0.17452584396187779,0,Home,0,30,18,2570,1542,155886,21934,4471.916666666667,0.8852129070968731,4,133952,0.324142,0.3360748739798692,458.8693529513265,0.20659359773803024,0,46.0
2037-04-07,33,34516,600,Employed,High School,7,7038,12,Married,0,Own,469,0.03607381151258999,4,1,0.6452314909347869,0,Auto,0,27,24,2362,107,69998,14262,2876.3333333333335,0.9071514208228301,3,55736,0.172038,0.18903500736555925,648.2739069082654,0.3884368664648043,0,53.0
2037-04-08,38,88021,493,Employed,Bachelor,17,14134,60,Single,2,Other,241,0.3623715772892583,1,3,0.043181347005901136,0,Auto,1,25,20,6594,1338,180170,33551,7335.083333333333,0.7509522464655973,7,146619,0.272634,0.30204083349851507,459.05625971546993,0.09543944191256222,1,40.800000000000004
2037-04-09,44,64419,511,Employed,High School,21,26320,60,Married,0,Own,652,0.3291645045000094,2,0,0.13770741522622068,0,Debt Consolidation,0,23,24,3547,2947,95969,21808,5368.25,0.8790838640495796,5,74161,0.27582,0.24959749107556398,771.9058643037905,0.2652458183400159,0,48.0
2037-04-10,43,76908,522,Employed,Bachelor,18,32512,48,Single,0,Rent,846,0.2570979724486767,5,1,0.10534485462000007,0,Home,1,16,12,1853,5345,476948,49904,6409.0,0.5063352687395224,9,427044,0.26651199999999997,0.26707281025905805,1109.1935947072986,0.3050699944932593,0,50.0
2037-04-11,31,37543,608,Unemployed,Doctorate,10,23060,24,Widowed,2,Mortgage,979,0.40956643368247114,3,1,0.6559668761445818,0,Education,0,27,24,2356,553,50636,47786,3128.5833333333335,0.8981039821692202,1,2850,0.19405999999999998,0.20010235621311856,1173.772518774421,0.6880981867536704,0,60.0
2037-04-12,40,92195,627,Employed,Bachelor,21,36883,108,Married,2,Mortgage,448,0.12665134056706379,1,1,0.2761190416742427,0,Auto,0,24,22,9737,154,94339,6609,7682.916666666667,0.7843858434737678,4,87730,0.26838300000000004,0.27647674076152184,929.1516692613096,0.17924854960828368,0,45.0
2037-04-13,48,37122,611,Employed,Bachelor,30,29181,36,Single,0,Rent,464,0.4639671902474552,1,0,0.18936816662767741,0,Education,0,16,6,2596,1060,14454,5024,3093.5,0.9112206350124563,4,9430,0.20868099999999998,0.20236624508793144,1087.9919792413668,0.5016945140589516,0,51.0
2037-04-14,52,62748,618,Employed,Associate,30,17186,36,Single,3,Mortgage,353,0.14960061031710317,1,0,0.45671158067449996,0,Home,0,25,9,873,761,52321,60599,5229.0,0.9411782430568799,1,2221,0.19318600000000002,0.19564318179168985,634.8845965068247,0.18892419133808083,0,53.0
2037-04-15,35,51502,521,Employed,Associate,9,24847,36,Widowed,0,Own,398,0.11277430020873883,3,0,0.09468196510141215,0,Auto,0,32,25,8810,2128,198589,40592,4291.833333333333,0.8723484874308824,2,157997,0.249347,0.22999341087023484,961.811918380452,0.3168370746876903,1,36.0
2037-04-16,39,24290,491,Self-Employed,High School,18,38196,36,Single,2,Mortgage,217,0.2518033159963122,3,2,0.17831860354547305,0,Auto,0,25,4,5033,1358,27939,8888,2024.1666666666667,0.9666944349170287,6,19051,0.277696,0.2401953568423433,1498.9298544522378,0.8477216242662352,0,58.0
2037-04-17,49,90390,521,Employed,Master,26,20246,48,Married,0,Other,318,0.1138785184478267,2,0,0.48406200245978964,0,Home,0,20,25,10177,264,29170,5219,7532.5,0.6131532941976228,2,23951,0.254746,0.28817331535012686,715.1172401013373,0.13715462862281277,1,43.2
2037-04-18,47,15000,578,Employed,High School,24,13116,60,Married,4,Mortgage,290,0.2991819862555098,2,0,0.16841449288774907,0,Home,1,31,17,2749,160,13447,42463,1250.0,0.970942307635514,4,9748,0.229116,0.22289553328169615,364.41224387536766,0.5235297951002942,0,58.0
2037-04-19,69,44593,616,Self-Employed,Bachelor,45,9821,72,Married,2,Rent,298,0.2700999063502486,4,0,0.521750592387433,0,Home,1,24,7,5376,383,15647,20846,3716.0833333333335,0.6989242467342555,4,1265,0.216821,0.22101536285526313,247.35594939666137,0.1467555758249038,0,66.0
2037-04-20,59,90911,542,Employed,Associate,38,31833,36,Single,1,Rent,428,0.3558178869267909,5,1,0.11863670213780465,0,Auto,0,21,3,7208,5484,279722,41372,7575.916666666667,0.8443250791452128,1,238350,0.245833,0.2559726458416291,1275.7518028667114,0.22489051527758505,0,48.0
2037-04-21,43,49990,608,Employed,Associate,20,12658,36,Single,3,Own,276,0.1562622604833666,3,1,0.07693188951309984,1,Other,0,24,12,1946,960,58011,21149,4165.833333333333,0.780109761287877,7,36862,0.193658,0.17054031465831082,451.6326796392364,0.17466677646871048,0,59.0
2037-04-22,50,42709,525,Employed,High School,29,29872,60,Single,0,Own,925,0.1499576774855745,4,2,0.7920138212399098,1,Home,0,27,18,2732,829,78827,31930,3559.0833333333335,0.5620532321004948,4,46897,0.272372,0.28377693475425886,936.9075850727241,0.5231424528992177,0,70.0
2037-04-23,45,60038,648,Employed,Bachelor,21,36150,36,Married,1,Own,304,0.11674585190829564,1,1,0.2295720995132261,0,Home,1,25,18,914,703,296013,9512,5003.166666666667,0.9608262248190664,8,286501,0.19715000000000002,0.21014167163344374,1362.216652056366,0.33303240988501265,0,48.0
2037-04-24,51,123524,653,Employed,Doctorate,31,12562,36,Single,1,Mortgage,937,0.07204402240601175,3,0,0.4635377432807219,0,Debt Consolidation,1,22,25,5578,2601,57192,15990,10293.666666666666,0.7788208983830004,4,41202,0.171062,0.17238221871179032,449.3603200363232,0.13468090282403322,1,42.400000000000006
2037-04-25,26,44495,611,Self-Employed,Master,4,11024,48,Widowed,2,Mortgage,386,0.2781602304933308,3,0,0.19038397889804484,0,Debt Consolidation,0,23,18,2210,242,107366,70189,3707.9166666666665,0.8799741423121378,4,37177,0.200524,0.19487215318817527,332.4598437258848,0.19376375153861375,1,40.800000000000004
2037-04-26,27,149132,525,Employed,High School,3,27621,120,Married,3,Rent,273,0.24814141950014199,1,0,0.224588549640019,0,Other,0,19,18,2940,1226,8950,22241,12427.666666666666,0.6539375000191666,2,3004,0.320121,0.35428456651854984,841.0886071994323,0.08964583916525755,0,50.0
2037-04-27,63,109208,699,Employed,Doctorate,41,33905,60,Married,1,Other,202,0.47108899274293636,2,1,0.3219357232335713,0,Education,0,19,6,987,1120,72111,36623,9100.666666666666,0.6106223323448235,12,35488,0.189405,0.18186341679953172,864.4047799396308,0.117178753930807,1,40.0
2037-04-28,37,77457,613,Employed,High School,16,13537,36,Married,1,Own,386,0.2115446490731159,1,2,0.2797821170968104,0,Home,0,24,14,11368,12203,137618,23487,6454.75,0.7205792129287869,8,114131,0.19203699999999999,0.1626558061453579,477.69760113468215,0.13380806400475342,1,36.0
2037-04-29,41,63440,616,Employed,Associate,17,26034,36,Divorced,3,Mortgage,309,0.3806279915316013,4,1,0.4238307381079448,1,Auto,0,21,16,1544,547,50067,41229,5286.666666666667,0.8283671168179081,1,8838,0.20303400000000002,0.20845501671944464,978.768760178157,0.24358803786472072,0,65.0
2037-04-30,39,23939,637,Employed,Bachelor,17,17921,60,Single,1,Mortgage,739,0.057381505122733115,5,1,0.25511646611014693,0,Home,0,32,23,1081,3642,86265,9063,1994.9166666666667,0.9496930783184313,6,77202,0.20442100000000002,0.2453052,521.0839573274451,0.6316474158456636,0,48.0
2037-05-01,27,58120,639,Employed,Master,4,18562,24,Divorced,4,Rent,457,0.17302169429486386,4,2,0.03956907049934477,0,Home,0,20,11,1206,843,238069,80429,4843.333333333333,0.9721208801293565,5,157640,0.174062,0.1755358844539538,922.6923831565599,0.2848642222621941,1,33.6
2037-05-02,38,15000,543,Employed,Bachelor,13,12642,48,Married,0,Rent,265,0.3828587006653897,5,2,0.23990736589549141,1,Debt Consolidation,0,20,1,1676,664,43922,2865,1250.0,0.8065761185488227,4,41057,0.236142,0.2279650217365622,403.7865035831098,0.5350292028664879,0,70.0
2037-05-03,57,52650,639,Employed,Doctorate,31,27379,12,Married,0,Mortgage,536,0.5527328373787915,3,1,0.298095422658606,0,Home,0,14,13,6299,265,21503,5448,4387.5,0.5868870667819921,2,16055,0.172879,0.16655891206738024,2492.6260181281073,0.6902851323368906,0,50.0
2037-05-04,30,49207,549,Employed,Bachelor,6,9137,60,Married,3,Mortgage,167,0.17064078204514724,4,0,0.07505125850699104,0,Debt Consolidation,0,27,22,999,12839,85061,31232,4100.583333333333,0.8851491719091084,4,53829,0.239637,0.19699435423329648,240.54909329963263,0.09938807729785584,1,38.400000000000006
2037-05-05,50,25806,604,Employed,Bachelor,28,45937,36,Married,0,Rent,350,0.2681648733142065,0,0,0.37034948670361434,0,Other,0,26,5,1296,3678,70647,4542,2150.5,0.7646159171116159,3,66105,0.228937,0.22878867550336157,1775.309566881692,0.9882862436092501,0,53.0
2037-05-06,33,43032,613,Employed,Bachelor,12,15886,24,Married,1,Other,114,0.21628920734185736,1,1,0.04440500716401744,0,Debt Consolidation,0,35,23,1420,1288,25124,15095,3586.0,0.7824865121249819,8,10029,0.184386,0.1848474890321743,796.8200959163128,0.2539933340536288,1,38.400000000000006
2037-05-07,30,81248,428,Employed,Bachelor,7,26536,48,Divorced,4,Mortgage,327,0.46185254564765926,6,0,0.025379221989184738,0,Auto,0,31,23,4421,2830,48439,28430,6770.666666666667,0.7889857347201225,2,20009,0.307536,0.3207164199171304,987.6915291052727,0.19417460551968385,0,50.0
2037-05-08,56,47290,613,Employed,High School,36,35891,48,Single,0,Rent,315,0.2804415469470492,3,1,0.8541267863988393,0,Debt Consolidation,0,24,7,968,2071,62375,19253,3940.8333333333335,0.8778786243325645,4,43122,0.224391,0.22837229104729057,1147.1609755601369,0.37102837189092075,0,57.0
2037-05-09,50,138294,577,Employed,Bachelor,30,30684,24,Married,1,Rent,477,0.3220618772641706,3,0,0.1431428273056676,0,Debt Consolidation,0,33,4,16877,1581,66803,2492,11524.5,0.8403181840338545,6,64311,0.217184,0.2272361419601081,1602.8152202086708,0.18046901993220277,1,39.2
2037-05-10,57,78577,555,Employed,Bachelor,33,16132,60,Divorced,1,Mortgage,328,0.11926199874879426,5,2,0.24679694364106441,0,Other,0,21,14,1946,489,18055,37320,6548.083333333333,0.8415618025151578,7,5190,0.24363200000000002,0.24666822961649967,470.3496788933175,0.12192112382401735,1,40.800000000000004
2037-05-11,50,133423,635,Employed,High School,28,23422,36,Married,2,Own,209,0.35425081286060517,3,0,0.19847286565133893,0,Debt Consolidation,0,19,2,3459,176,83710,3896,11118.583333333334,0.7134783266280919,4,79814,0.190922,0.1888764028684548,857.2273095500401,0.09589596782114387,1,37.6
2037-05-12,26,22545,575,Employed,Bachelor,1,16974,96,Divorced,4,Mortgage,317,0.3228753283464092,1,4,0.2007985729197097,0,Auto,0,27,2,17665,1937,38073,21171,1878.75,0.7731909416271702,2,16902,0.264474,0.23852137952063723,397.46737020084834,0.3802886867336518,0,58.0
2037-05-13,41,37593,647,Employed,Master,18,17475,48,Married,2,Mortgage,597,0.12684042980593066,5,0,0.08216253369290075,0,Education,0,23,5,1096,4177,26357,110444,3132.75,0.8585564942657092,1,10899,0.188975,0.20908528632425855,540.2661332243207,0.3630248609765607,0,49.0
2037-05-14,62,158846,627,Employed,High School,43,14371,60,Divorced,1,Other,356,0.7009733853948443,5,2,0.27109311962324906,0,Home,0,16,4,2431,1774,551307,48170,13237.166666666666,0.8586206205749611,5,503137,0.20587100000000003,0.24704520000000002,419.32202512083205,0.05857159954578638,1,35.2
2037-05-15,27,52239,604,Employed,Bachelor,3,18578,48,Married,1,Own,385,0.2863955675296372,4,1,0.35399533197929717,0,Auto,0,29,18,809,456,39999,19483,4353.25,0.9205879828472904,7,20516,0.21157800000000002,0.204136279659744,569.4375470666854,0.21924712503685417,0,51.0
2037-05-16,45,27750,555,Employed,Bachelor,23,50175,72,Married,1,Mortgage,590,0.15501121508683954,2,0,0.048403555963766304,0,Home,0,34,11,2727,9369,165304,14043,2312.5,0.9841797087813976,9,151261,0.287675,0.2920094064138289,1483.7214175572587,0.8967443967815174,0,47.0
2037-05-17,45,47530,621,Self-Employed,Associate,22,41624,36,Divorced,0,Rent,253,0.05644970911763799,4,0,0.29861879387045265,1,Debt Consolidation,0,25,15,23916,574,40479,22518,3960.8333333333335,0.8879478936212978,7,17961,0.216124,0.23612588433943832,1624.573419927823,0.4740349471730249,0,64.0
2037-05-18,57,33122,552,Employed,Doctorate,32,24632,60,Married,0,Own,370,0.22081609438333694,2,0,0.08410872720788719,0,Debt Consolidation,0,30,23,2771,1280,103453,19883,2760.1666666666665,0.6907393577116339,3,83570,0.25363199999999997,0.24655680138818925,718.0179866064926,0.3941856119581521,0,49.0
2037-05-19,42,30116,626,Self-Employed,Bachelor,20,16654,36,Married,0,Rent,332,0.1831321940884097,3,0,0.60353263156874,0,Auto,0,29,14,2400,1048,5713,217044,2509.6666666666665,0.8664778325754607,7,8499,0.18865400000000002,0.19216616309404516,612.2948509680034,0.37626305656847,0,58.0
2037-05-20,37,50813,496,Employed,Bachelor,12,23760,36,Married,1,Own,438,0.19541718275552064,4,0,0.018185102240680345,0,Home,0,34,10,2572,367,794745,11282,4234.416666666667,0.5714760954963995,3,783463,0.26076,0.23593224576427688,927.1054820189102,0.32238336221492375,1,32.800000000000004
2037-05-21,42,45837,478,Employed,High School,20,44349,60,Single,1,Own,556,0.30590105316242655,2,0,0.40272386295109025,0,Other,1,21,14,1580,5604,89179,20674,3819.75,0.8345028857489576,6,68505,0.310349,0.27308625583404655,1362.4038298111748,0.5022328240882714,0,61.0
2037-05-22,64,25287,555,Employed,High School,43,25624,108,Married,2,Rent,425,0.10217943490012409,6,1,0.36568014153514417,0,Home,0,27,5,562,1845,28157,23041,2107.25,0.8584937687271277,2,5116,0.293124,0.3042835335556035,696.3387871886542,0.5321337227137997,0,57.0
2037-05-23,18,24316,563,Employed,Bachelor,0,24997,48,Married,2,Mortgage,386,0.39345532683252715,0,2,0.31130738061526914,0,Home,0,19,13,2262,1689,63099,37689,2026.3333333333333,0.8304609033488379,7,25410,0.238497,0.28486630750217046,878.1735962942499,0.6238724771973597,0,56.0
2037-05-24,44,53448,589,Employed,High School,21,29057,36,Divorced,3,Mortgage,489,0.21710432847490804,6,0,0.2268102872020667,0,Home,0,25,19,2245,582,103934,28713,4454.0,0.9436521802816624,2,75221,0.219557,0.1756456,1044.1439072281992,0.34421731190574745,0,50.0
2037-05-25,23,102700,461,Employed,High School,1,63879,36,Single,0,Own,569,0.2196463090281717,6,0,0.05618528143339256,0,Other,0,19,9,412,2454,126309,1960,4800.666666666667,0.8215978968310454,3,124349,0.31837899999999997,0.30835334595960917,2741.073296869951,0.6895028392313465,0,46.0
2037-05-26,18,24683,581,Employed,High School,0,29887,36,Married,0,Rent,390,0.5007580281855674,6,1,0.5760937566675736,0,Education,0,18,9,833,346,26085,6574,2056.9166666666665,0.6544358036892678,4,19511,0.224387,0.211322995201207,1128.025910382308,0.7380104089692379,0,62.0
2037-05-27,35,52977,544,Employed,High School,12,19220,60,Single,0,Mortgage,312,0.21875782476548025,5,2,0.2414881673539835,0,Home,0,26,15,7298,457,28792,62333,4414.75,0.9463420050792513,1,7967,0.25222,0.22861937495202844,540.2973680573444,0.193056768346417,0,52.0
2037-05-28,28,78156,597,Employed,High School,6,32084,36,Married,1,Mortgage,175,0.36283055798778135,3,2,0.08434464155652299,0,Auto,0,21,2,2146,1459,121164,21864,6513.0,0.7005224204965691,7,99300,0.218584,0.23360936126003604,1248.0064485499552,0.21848709481804932,0,52.0
2037-05-29,54,34450,628,Employed,Associate,33,16426,96,Married,1,Rent,204,0.4387392194004474,5,0,0.08231658770391151,1,Debt Consolidation,0,28,3,8437,964,11725,10530,2870.8333333333335,0.7209066902407537,3,1195,0.23742600000000003,0.2785798561982357,428.6782767719732,0.22038140264916337,0,64.0
2037-05-30,39,30812,597,Unemployed,Associate,13,32362,36,Married,1,Own,205,0.28258069918562007,2,4,0.5849760032683399,0,Debt Consolidation,0,25,17,3326,343,45724,11891,2567.6666666666665,0.8946496167340284,4,33833,0.218862,0.1910440233099399,1187.9710587796735,0.5425046314863068,0,62.0
2037-05-31,36,78882,566,Employed,Bachelor,12,24445,60,Married,2,Own,505,0.29730251740827596,3,2,0.11378233545498748,0,Auto,0,19,24,5195,566,17712,15623,6573.5,0.8174611393166584,4,2089,0.24644499999999997,0.28388015988868537,766.8475259671833,0.19348102623673585,0,50.0
2037-06-01,45,53414,470,Employed,Associate,23,9502,60,Married,4,Own,306,0.5839172063039202,4,1,0.17670486116776948,0,Debt Consolidation,0,16,2,5694,1337,30058,43743,4451.166666666667,0.6892247706894205,7,4471,0.27950200000000003,0.26644529229634106,288.1312670562437,0.13347765014181534,0,55.0
2037-06-02,49,26245,629,Employed,Bachelor,24,32917,24,Married,0,Rent,302,0.2014479298192149,5,0,0.10032283188818202,0,Debt Consolidation,0,35,26,1948,1626,73411,16737,2187.0833333333335,0.8139944481581236,1,56674,0.193417,0.1809051233209801,1644.7916025636637,0.8901314243003986,0,47.0
2037-06-03,50,48633,483,Employed,Bachelor,26,46977,60,Widowed,0,Own,362,0.40282954372454793,3,2,0.2636767444506859,0,Auto,0,25,19,16329,457,16990,16020,4052.75,0.9464435490098941,6,8696,0.310477,0.31783432287144125,1571.7258996545115,0.47713920169132357,0,54.0
2037-06-04,35,38578,572,Employed,High School,13,32091,60,Married,2,Mortgage,713,0.21451328817377804,2,4,0.17245970487215997,0,Debt Consolidation,0,17,14,11335,435,47924,18071,3214.8333333333335,0.8614434067171721,7,29853,0.251091,0.24827051853443208,938.6622857160337,0.5137629589038416,0,51.0
2037-06-05,42,44417,658,Employed,Master,21,46537,60,Single,4,Own,356,0.2454227320390408,4,1,0.18130480976587063,0,Debt Consolidation,1,20,23,46124,244,77263,23975,3701.4166666666665,0.7917111375759095,1,53288,0.22253699999999998,0.2205066605134366,1286.64226239441,0.4437874495966166,0,49.0
2037-06-06,57,69629,641,Employed,Bachelor,33,19283,48,Married,3,Other,316,0.3184123895884448,2,1,0.46285652145615,0,Home,0,29,18,1151,1547,14135,13831,5802.416666666667,0.6984112547822215,2,10589,0.193783,0.2087534960885645,595.8194243830711,0.15714476859637297,0,53.0
2037-06-07,39,43458,506,Employed,High School,11,14549,36,Divorced,3,Mortgage,285,0.19953061368171254,4,1,0.4925491023151448,0,Auto,0,22,2,1178,666,57213,19869,3621.5,0.8568551442396376,7,37344,0.246549,0.23171402286999243,564.4883048926405,0.23456808087605702,0,60.0
2037-06-08,52,43642,654,Employed,Bachelor,29,17246,60,Married,2,Mortgage,940,0.4343961256680342,5,0,0.36409623275575437,0,Other,0,22,4,3142,460,90814,5810,3636.8333333333335,0.8067522989135001,6,85004,0.19524600000000003,0.22307362995417435,479.3344962647033,0.39026657703992573,0,51.0
2037-06-09,45,62322,574,Employed,High School,23,28252,60,Divorced,1,Own,497,0.45946177512185765,2,1,0.4714683007520573,0,Home,0,25,22,7553,4175,19156,21920,5193.5,0.6082217387962203,7,9103,0.24625200000000003,0.2525848186114068,833.5203157452507,0.2561895283999712,0,57.0
2037-06-10,43,39277,544,Employed,Bachelor,22,24850,60,Widowed,3,Mortgage,730,0.09393477893584193,0,0,0.14632743105022922,0,Debt Consolidation,0,29,10,771,1526,39692,22290,3273.0833333333335,0.8276041549823626,7,17402,0.25785,0.293976147855162,794.8116054207156,0.4658639729370519,0,50.0
2037-06-11,48,73726,538,Employed,High School,22,17188,72,Married,0,Mortgage,248,0.35879266326727366,2,2,0.4771822045774533,0,Home,0,23,25,295,553,24580,47411,6143.833333333333,0.8089011335172247,3,3942,0.263188,0.2765321703505162,491.366908907424,0.12034293067424094,0,56.0
2037-06-12,39,38129,580,Employed,Bachelor,18,48124,48,Single,4,Mortgage,211,0.43683491398701674,4,0,0.32950758936564084,0,Education,0,21,1,2065,3779,45898,21424,3177.4166666666665,0.8534819762490591,2,24474,0.253124,0.23375900169527628,1552.3730519015671,0.5549706685939523,0,60.0
2037-06-13,58,62706,521,Employed,Associate,36,6799,48,Single,0,Mortgage,593,0.12822604939899285,3,1,0.3534832740217406,0,Auto,0,20,27,615,13357,87519,21649,5225.5,0.8724186672858666,7,65870,0.241299,0.24606045134510288,223.94398187165567,0.1563379546209273,1,40.800000000000004
2037-06-14,25,46896,594,Employed,Associate,7,19256,24,Single,3,Mortgage,446,0.16388219039933558,5,0,0.2367263105727963,0,Home,0,27,8,9805,291,38392,2689,3908.0,0.9492144280114425,5,35703,0.197256,0.21684119566455456,995.9645302038712,0.3689776177594348,0,53.0
2037-06-15,28,35191,545,Employed,Bachelor,9,45862,36,Single,1,Own,414,0.22361141871284143,2,0,0.565827663278995,0,Other,0,20,12,1460,549,24885,27238,2932.5833333333335,0.5905748605937137,5,8828,0.258362,0.23870195066205604,1796.1728548680815,0.7536607160471989,0,59.0
2037-06-16,45,77646,562,Employed,High School,22,29875,36,Married,0,Rent,225,0.4985240213959986,4,1,0.1490128904696901,0,Home,0,31,1,3443,1221,100041,63266,6470.5,0.6699888369957662,5,36775,0.23387499999999997,0.2554720156944075,1196.4879396321478,0.21968749549990693,0,55.0
2037-06-17,27,74520,526,Employed,Bachelor,5,45333,36,Widowed,1,Mortgage,259,0.2894694387004794,3,1,0.2894574745454254,0,Home,0,18,23,9222,910,38684,4010,6210.0,0.9397121988111702,5,34674,0.26733300000000004,0.24621641530723753,1793.373051652882,0.3304948553386284,0,52.0
2037-06-18,23,15558,582,Self-Employed,Associate,1,14935,36,Single,1,Mortgage,1098,0.021746936281690533,1,0,0.5875681629454257,0,Education,0,25,24,2573,323,250542,9601,1296.5,0.8480867868350895,5,240941,0.208935,0.2356702847733034,582.552801287172,1.2962227545601017,0,58.0
2037-06-19,38,30263,581,Employed,Bachelor,14,6286,12,Single,2,Mortgage,417,0.1121896843199114,5,0,0.24020173966417574,0,Education,0,26,15,986,2844,164244,27742,2521.9166666666665,0.882922085987047,5,136502,0.180786,0.14624733216983718,566.251241403696,0.38988252641325555,1,38.400000000000006
2037-06-20,41,77712,582,Employed,High School,19,15301,48,Married,1,Other,168,0.42150637851293465,4,0,0.8004520688265283,0,Other,0,20,14,16333,1392,17725,53131,6476.0,0.8260791724199621,8,1377,0.21930100000000002,0.2111525114893824,474.7551125971804,0.09925187038251705,1,47.2
2037-06-21,39,26549,431,Unemployed,Master,14,38661,24,Single,5,Rent,431,0.3485889676287913,2,0,0.3313270123344505,0,Home,0,27,10,5353,415,115063,16601,2212.4166666666665,0.8704103038707878,4,98462,0.298161,0.28821990923612645,2138.271702560174,1.1612964869005271,0,57.0
2037-06-22,36,40658,526,Employed,High School,13,31628,36,Divorced,2,Rent,371,0.32468206136192773,1,0,0.4615793411734004,0,Auto,0,24,7,14636,745,51818,39647,3388.1666666666665,0.5532380279033475,3,12171,0.25362799999999996,0.28325454966014413,1313.8149379043718,0.4972644806643825,0,58.0
2037-06-23,20,39350,477,Employed,High School,0,9055,72,Married,1,Rent,1060,0.33209576885401954,3,1,0.2739366651089111,0,Debt Consolidation,0,21,1,3846,179,96853,31726,3279.1666666666665,0.8349033596194694,4,65127,0.285555,0.2952024068622088,269.6176943951607,0.4054742651268597,0,55.0
2037-06-24,31,25667,478,Employed,Associate,5,38314,48,Married,2,Own,561,0.5572269369618164,2,0,0.3724976355248485,0,Auto,0,19,22,987,12059,176858,9611,2138.9166666666665,0.4775302381478114,7,167247,0.29431399999999996,0.23545119999999997,1239.4913241865713,0.8417772193960672,0,53.0
2037-06-25,34,15043,515,Employed,High School,13,56998,60,Married,3,Own,501,0.3179880105020047,0,0,0.283506809742674,0,Home,0,23,22,3535,1879,26486,89794,1253.5833333333333,0.7613928986264743,4,4268,0.304498,0.2633583754705273,1717.8975894095902,1.7700439455504278,0,54.0
2037-06-26,26,17579,548,Employed,High School,1,17070,24,Married,1,Mortgage,338,0.24938043920349484,4,0,0.2205131429578595,0,Debt Consolidation,0,22,17,4132,2129,158410,155111,1464.9166666666667,0.819583046930422,2,3299,0.21806999999999999,0.2186113261674893,884.3899311173918,0.8344433229085102,0,54.0
2037-06-27,44,116562,597,Employed,Master,17,9919,12,Married,0,Own,439,0.16191633198797406,1,1,0.10048038504271208,0,Home,0,16,20,6397,2512,48472,12915,9713.5,0.9635658771591684,1,35557,0.17641900000000002,0.15718806350880063,898.6400212726777,0.1377093757422842,1,38.400000000000006
2037-06-28,27,173013,616,Employed,Bachelor,2,13658,48,Married,3,Mortgage,380,0.15147267675170875,2,0,0.1370031137491269,0,Debt Consolidation,0,33,26,5505,482,14184,19223,14417.75,0.8890450866206387,5,6660,0.20065800000000003,0.17839550380323657,400.05953895600294,0.054104110485755606,1,35.2
2037-06-29,52,17566,467,Employed,High School,31,11437,24,Divorced,2,Other,148,0.36259401176298084,2,0,0.26188852180408945,0,Auto,0,20,17,13017,4764,70345,4356,1463.8333333333333,0.8862487311025732,7,65989,0.252937,0.2892816158459362,633.1818054599371,0.5336548824729161,0,52.0
2037-06-30,18,118678,587,Employed,Associate,0,25483,108,Divorced,3,Other,336,0.07744524892461571,3,0,0.40611698216463116,0,Debt Consolidation,0,29,11,15900,5295,21195,19517,9889.833333333334,0.9373901575407124,4,1678,0.276983,0.2920955687371726,670.1981292853204,0.1017406558201507,0,54.0
2037-07-01,50,24713,547,Employed,Master,24,43491,36,Married,0,Mortgage,217,0.23271182003585572,3,0,0.31922649056912555,0,Education,0,21,12,779,1418,76353,29257,2059.4166666666665,0.7182707099967052,9,47096,0.25499099999999997,0.2713095864610746,1778.586414117483,0.9690056637967789,0,56.0
2037-07-02,34,52364,459,Employed,Associate,12,12224,60,Married,0,Mortgage,649,0.28417430848292574,0,0,0.16601015312830286,0,Home,0,19,26,11002,1106,251463,19023,4363.666666666667,0.665094436767741,6,232440,0.28772400000000004,0.29567311505320587,392.2452857278978,0.23861705424976648,1,36.800000000000004
2037-07-03,55,149843,669,Employed,Master,33,58193,60,Single,0,Own,589,0.4006651720681475,2,1,0.3159865605134854,0,Home,0,17,29,4115,237,20966,48991,12486.916666666666,0.66480929102837,4,7074,0.22869299999999998,0.25261732889359373,1716.982489725213,0.18467188908859644,1,37.6
2037-07-04,31,31735,484,Employed,High School,8,22790,36,Single,0,Own,519,0.14510710776997743,4,3,0.37088149630090317,0,Auto,0,25,5,5259,4327,32290,9682,2644.5833333333335,0.8802596905074446,7,22608,0.26578999999999997,0.25977506646465853,917.9501905236853,0.5433559882238608,0,56.0
2037-07-05,23,55275,569,Employed,High School,0,29590,36,Married,3,Rent,309,0.20641685927159414,2,0,0.6673702155450283,0,Home,0,29,24,2261,1835,253386,20746,4606.25,0.9557664764356888,4,232640,0.23009000000000002,0.184072,1075.8034787561742,0.3006357620094815,1,43.2
2037-07-06,47,37189,572,Employed,High School,22,66820,72,Married,0,Rent,351,0.3541169827188235,4,0,0.07906174327746801,0,Auto,1,24,18,884,1198,117664,29288,3099.0833333333335,0.7904161455503311,4,88376,0.29582,0.2877028766546957,1957.552571471426,0.7449146483545432,0,55.0
2037-07-07,41,259935,590,Employed,Bachelor,20,25600,84,Married,3,Rent,292,0.22070423818165502,4,1,0.2696423792551364,0,Auto,0,22,1,1527,500,135479,27343,21661.25,0.8914364046860869,3,108136,0.25560000000000005,0.23951600608406967,630.9176258681427,0.04260684982944857,1,40.0
2037-07-08,24,24353,517,Employed,Associate,1,17016,96,Single,5,Mortgage,281,0.15617304309263494,3,0,0.19452660308942338,0,Education,1,29,3,1757,1123,339336,3314,2029.4166666666667,0.7139558673807586,8,336022,0.293516,0.2990252406711467,468.0874973341766,0.3691146868151816,0,54.0
2037-07-09,40,48048,573,Employed,Doctorate,20,9728,24,Widowed,2,Other,774,0.16738520811836202,1,1,0.26929789107941104,0,Debt Consolidation,0,19,9,11523,1291,29444,30019,4004.0,0.6075732078633831,8,7392,0.198228,0.17909551788093994,485.2366319798093,0.3144946633316207,1,42.400000000000006
2037-07-10,60,68641,531,Employed,High School,40,40997,60,Married,3,Mortgage,445,0.5187295686101117,3,0,0.7405614900364036,0,Debt Consolidation,0,28,15,956,3725,181910,5501,5720.083333333333,0.8653182177452964,1,176409,0.280497,0.27942722686990296,1275.058981579634,0.3007052312605529,0,55.0
2037-07-11,49,40355,500,Employed,Bachelor,26,34344,60,Divorced,1,Mortgage,264,0.23613057754479805,2,0,0.2709037016776841,0,Home,0,24,26,6232,2709,23467,7407,3362.9166666666665,0.8371039712075254,4,16060,0.289344,0.23782131798496353,983.6686910390954,0.3710079120919129,0,53.0
2037-07-12,28,16604,451,Employed,High School,8,37181,24,Married,0,Rent,183,0.3710133001442793,2,2,0.34865225028226904,0,Education,0,24,12,1154,3782,62830,21333,1383.6666666666667,0.7737160209184717,10,41497,0.286681,0.3078939291388576,2094.0324949953433,1.6456510443233028,0,56.0
2037-07-13,30,21963,522,Employed,High School,12,30612,24,Divorced,1,Mortgage,903,0.2237516707143163,4,0,0.7186564969852495,0,Auto,0,27,25,1140,2238,52303,92456,1830.25,0.7784212068759101,9,8460,0.244612,0.24767421200833925,1630.2389394659988,1.3840944895320304,0,60.0
2037-07-14,18,29651,543,Employed,Master,0,24251,24,Married,4,Mortgage,527,0.5473224023931395,0,0,0.0762636080560219,0,Home,0,18,15,2083,2048,57301,37903,2470.9166666666665,0.8718778393702719,3,19398,0.22775099999999998,0.2412487648704567,1283.688967063663,0.732800499300663,0,53.0
2037-07-15,24,31562,457,Employed,Master,4,18622,84,Married,3,Own,408,0.24509374192491973,3,1,0.3864685903940387,0,Education,0,30,25,3227,98,178224,9630,2630.1666666666665,0.8272938237382651,3,168594,0.315122,0.31037061798711224,545.5065541040515,0.3625270467412907,0,51.0
2037-07-16,59,36280,647,Employed,High School,38,65142,96,Divorced,0,Mortgage,327,0.10521973007654463,3,4,0.21752931500007874,0,Auto,0,30,24,3850,2247,14697,3642,3023.3333333333335,0.4558987762550106,5,11055,0.276642,0.2769807298904095,1692.932396164899,0.6681143537480372,0,49.0
2037-07-17,38,89603,604,Employed,Doctorate,17,24786,12,Married,1,Mortgage,760,0.05301901587397578,5,1,0.16830260056334545,0,Education,0,18,21,8732,1993,126932,2425,7466.916666666667,0.9503002686555437,2,124507,0.187786,0.16986830072877898,2260.4460748063593,0.40451048399803924,1,32.800000000000004
2037-07-18,43,93010,632,Employed,Master,19,26541,48,Single,1,Own,495,0.47353661347996,5,1,0.4641471585031279,0,Debt Consolidation,0,24,11,1040,1781,331824,73917,7750.833333333333,0.9087089662048758,2,257907,0.20554100000000003,0.17229013606510868,768.989966565476,0.16307794429400832,1,37.6
2037-07-19,27,62304,556,Employed,Associate,4,20395,108,Married,0,Own,207,0.30830173440576675,4,1,0.2658200808063562,0,Other,0,27,16,4063,1474,9400,7979,5192.0,0.7482273888403675,6,1421,0.28739499999999996,0.27302561108013845,508.8401753381837,0.13787368554279347,0,52.0
2037-07-20,35,103977,509,Employed,High School,12,25394,48,Married,2,Other,400,0.5349982599221131,3,2,0.18761258077078935,0,Debt Consolidation,0,22,24,4497,1234,68474,74876,8664.75,0.9667124511371085,5,9970,0.265894,0.28723005391772605,895.5725112761089,0.14952220332682523,0,50.0
2037-07-21,39,51739,544,Employed,High School,16,27775,36,Single,0,Mortgage,355,0.2556920596670258,3,1,0.040130087854186806,0,Home,1,18,1,3270,1131,20051,6512,4311.583333333333,0.9506237554517349,2,13539,0.240775,0.19262,1021.803963496829,0.3193267663070788,0,60.0
2037-07-22,34,53229,505,Employed,Bachelor,13,50319,36,Single,1,Other,923,0.4902469697798264,1,0,0.19559682743954612,0,Education,1,20,14,8033,3566,12874,14612,4435.75,0.8425307416500161,2,10572,0.28281900000000004,0.2380997817113764,1969.1409729592365,0.6520072080165105,0,57.0
2037-07-23,37,117599,625,Employed,Bachelor,15,23574,60,Married,1,Rent,588,0.3072301165482054,4,2,0.2668967232751344,0,Education,0,28,11,3335,735,43682,53122,9799.916666666666,0.622533472095273,5,8663,0.21607400000000004,0.22368667870929704,656.039247304609,0.12694385979179507,1,38.400000000000006
2037-07-24,27,33915,554,Self-Employed,Doctorate,4,18883,36,Single,3,Own,172,0.16364648944096244,4,0,0.389856007139306,0,Auto,0,37,9,3725,462,73014,38340,2826.25,0.6608037517889569,4,34674,0.226883,0.24342594302490478,744.234904967758,0.3241874940177826,0,58.0
2037-07-25,46,53662,556,Self-Employed,Bachelor,25,29047,48,Married,3,Own,396,0.16089122980872453,2,1,0.18260603020688784,0,Other,0,22,19,1298,828,69752,10251,4471.833333333333,0.8049504453461226,8,59501,0.246047,0.24054414601467447,947.8595300933986,0.3005164615765492,0,50.0
2037-07-26,36,38023,517,Employed,Master,11,59190,72,Divorced,1,Mortgage,220,0.1887336430716101,2,1,0.2551426332077783,0,Education,0,24,15,6886,1197,134385,22162,3168.5833333333335,0.8007132192625251,7,112223,0.31569,0.32397489154958586,1873.1533555851545,0.6605959621024605,0,48.0
2037-07-27,54,52138,651,Employed,Associate,29,25802,36,Divorced,1,Mortgage,437,0.33183530235843167,4,1,0.11813791133399575,0,Auto,0,22,7,899,6312,604218,13029,4344.833333333333,0.9985324149727285,3,591189,0.185302,0.1941184576166204,951.1799397556371,0.3195013095452001,1,29.6
2037-07-28,37,22206,584,Employed,High School,15,19107,60,Married,3,Mortgage,281,0.15303081056243978,2,1,0.30856759239489845,0,Auto,0,21,21,1871,539,33402,8197,1850.5,0.8011753081074949,2,25205,0.232107,0.25734055170997383,569.0681417121413,0.45937213818543166,0,55.0
2037-07-29,46,30458,557,Employed,High School,24,33200,24,Divorced,0,Rent,392,0.21640645184344437,0,3,0.13013035783111288,0,Home,0,29,1,1118,4594,99515,40390,2538.1666666666665,0.817791528012405,3,59125,0.2297,0.236794129025089,1750.01266343445,0.8439212016945761,0,53.0
2037-07-30,37,58002,563,Employed,Associate,13,16920,48,Single,2,Mortgage,875,0.2284362390052545,4,2,0.23260918668226002,0,Home,0,20,20,2025,838,243676,76008,4833.5,0.5910131625757497,4,167668,0.23041999999999999,0.20306603922958966,517.6497739508463,0.28812450066222123,1,38.400000000000006
2037-07-31,37,141074,591,Employed,Master,12,37567,48,Divorced,0,Rent,634,0.16740803552294303,3,0,0.2600379291916933,1,Education,0,22,26,19063,206,196506,43831,11756.166666666666,0.8600986694134614,1,152675,0.237067,0.2588715588549679,1264.2742134547202,0.161470508821304,1,45.6
2037-08-01,38,19671,539,Employed,Bachelor,14,43298,12,Widowed,2,Own,427,0.5173906093068777,4,1,0.15984483627655693,0,Auto,0,17,12,5759,2017,137873,15978,1639.25,0.7093153595639248,3,121895,0.238798,0.23214859266442583,4077.807592757439,2.7480906467942283,0,49.0
2037-08-02,43,66356,629,Employed,Bachelor,23,23725,60,Single,4,Other,765,0.2340997671829959,2,1,0.15157613392311473,0,Home,0,21,21,437,1213,135771,35200,5529.666666666667,0.8862739311284474,4,100571,0.214225,0.22120705124592654,656.8879486121035,0.25713809426947437,0,43.0
2037-08-03,45,84725,595,Employed,Bachelor,21,11065,84,Single,3,Other,545,0.4181552020345255,2,0,0.3957625099234508,0,Education,0,31,26,1386,1582,44791,10031,7060.416666666667,0.8540699923600308,5,34760,0.238565,0.22365797848315788,261.7130362446563,0.11425855927926673,1,43.2
2037-08-04,55,52195,635,Employed,Master,31,15094,84,Married,3,Rent,162,0.09673764938698158,3,3,0.04526903946801901,0,Auto,0,21,13,18803,3204,118620,53227,4349.583333333333,0.7850388652846843,6,65393,0.22259400000000001,0.2283493771984222,361.4127902001038,0.12033630582242066,0,44.0
2037-08-05,20,45072,498,Employed,Master,0,13054,60,Married,4,Own,216,0.48044096929108554,1,2,0.4975811105354166,0,Education,0,24,18,4625,598,46993,20637,3756.0,0.9554440234090016,6,26356,0.269054,0.25402623000616326,386.2396007184556,0.16034068176742697,1,46.400000000000006
2037-08-06,42,19997,581,Employed,High School,17,20916,72,Divorced,0,Rent,384,0.3867261782644713,1,2,0.7129107828640778,0,Other,0,20,26,959,417,81351,78679,1666.4166666666667,0.9051235062702377,5,2672,0.245416,0.24664314029974138,559.1173264439942,0.5659552891597704,0,60.0
2037-08-07,71,24267,648,Employed,Bachelor,49,12615,24,Married,1,Mortgage,382,0.49225615752336266,4,1,0.20316206943390272,0,Debt Consolidation,0,26,19,101,249,5230,172839,2022.25,0.755014721672928,8,7944,0.16361499999999998,0.17225412573152343,625.0813526790207,0.4980004216486689,0,52.0
2037-08-08,57,16535,623,Unemployed,High School,35,20792,60,Married,1,Other,282,0.48909897111325173,3,1,0.212199403195624,0,Home,0,27,14,667,670,195312,21673,1377.9166666666667,0.7539218743584208,3,173639,0.21429200000000004,0.19164526627707495,541.2399634376518,0.5974526496070046,0,51.0
2037-08-09,46,23032,646,Employed,Bachelor,24,29769,60,Single,2,Rent,305,0.2463300309778347,1,1,0.3138243017073889,0,Home,0,33,21,6240,2273,47527,8146,1919.3333333333333,0.8877946111943794,7,39381,0.21176899999999999,0.22892281239914405,837.360797230601,0.5951862437811397,0,53.0
2037-08-10,26,34128,454,Employed,Associate,3,8470,60,Single,0,Mortgage,382,0.3609355270078951,3,2,0.2514628690484714,0,Other,0,25,5,7122,335,216408,6924,2844.0,0.8958688303159152,4,209484,0.28647,0.2864100977752249,267.00548467994656,0.22820164721517108,0,51.0
2037-08-11,20,45620,524,Employed,Doctorate,0,15787,48,Single,1,Mortgage,478,0.3896368643369274,4,2,0.3554031705142693,0,Auto,0,27,20,3431,1374,25611,10504,3801.6666666666665,0.865877554347922,8,15107,0.248787,0.27396168335752635,544.769912524002,0.2690319804973263,0,55.0
2037-08-12,25,50689,524,Employed,High School,7,39148,72,Single,3,Mortgage,1364,0.24246573106887478,0,2,0.25838423909460456,0,Other,0,17,19,2085,341,141045,7008,4224.083333333333,0.7420999679474065,7,134037,0.292148,0.3174076335644757,1222.0136928503262,0.6122070728206103,0,48.0
2037-08-13,34,31037,576,Employed,Bachelor,14,20733,84,Married,1,Rent,695,0.39064151414556925,3,2,0.4115557903368618,1,Home,0,20,23,10848,183,13287,25778,2586.4166666666665,0.8718359486746143,7,3729,0.257733,0.2925078547633003,582.4088906645268,0.4938913776452081,0,69.0
2037-08-14,22,29553,608,Employed,Associate,0,45702,108,Divorced,1,Rent,239,0.23037882827615552,4,1,0.3023868946490049,0,Other,0,22,17,777,888,39571,91621,2462.75,0.7069492069573139,2,5872,0.286702,0.3218781706594608,1300.4421789124704,0.6250907233427958,0,53.0
2037-08-15,44,17876,611,Self-Employed,High School,23,18241,60,Married,1,Mortgage,496,0.4973847933291944,5,1,0.6528969023397216,0,Home,0,17,2,565,2153,48897,45789,1489.6666666666667,0.7379391324695734,8,3108,0.21774100000000002,0.22599495502557973,510.0337282363866,0.6753415047458402,0,65.0
2037-08-16,62,71870,565,Employed,Associate,35,34582,72,Divorced,4,Rent,447,0.30161383115999596,5,1,0.15267256663186582,0,Auto,0,29,7,10710,667,67823,9004,5989.166666666667,0.7594141805901993,4,58819,0.267082,0.30288658236181804,1046.814454654681,0.24941941638870418,0,49.0
2037-08-17,32,21325,574,Employed,Bachelor,8,29600,48,Single,1,Mortgage,277,0.19379715943327366,1,1,0.139118659261348,0,Debt Consolidation,0,24,20,1064,1262,32237,16830,1777.0833333333333,0.9403793426450758,7,15407,0.2376,0.21630732323659366,926.6560091368532,0.6773210836877955,0,51.0
2037-08-18,48,158773,545,Employed,Associate,27,19107,96,Married,3,Own,601,0.4708942973657364,1,2,0.2108967257935848,0,Debt Consolidation,0,16,24,1759,973,2993,70466,7537.166666666667,0.7927755551011518,6,7225,0.281607,0.32531897449956143,561.0171920147487,0.1541716195760673,0,51.0
2037-08-19,57,99454,618,Unemployed,Bachelor,39,22666,60,Single,2,Rent,1332,0.116460782231765,5,0,0.4648121311332641,0,Auto,0,23,21,3079,167,56510,21079,8287.833333333334,0.7110512560150908,3,35431,0.21866600000000003,0.22224553277264725,628.9075411344618,0.23660074500385644,0,54.0
2037-08-20,31,31499,504,Self-Employed,Bachelor,8,61358,72,Married,2,Mortgage,455,0.49603442605737935,4,1,0.2523678416794033,0,Debt Consolidation,1,27,6,6346,1341,105362,15568,2624.9166666666665,0.7936546733854396,9,89794,0.324358,0.33384198137535925,1981.7949726477932,0.928332317590194,0,63.0
2037-08-21,53,83088,609,Unemployed,Master,31,10809,24,Married,0,Mortgage,238,0.12531152990405625,6,0,0.0885704900380052,0,Other,0,20,7,2452,1381,97078,21009,6924.0,0.794451164490045,8,76069,0.18130899999999997,0.18515855000657166,542.3276064291005,0.11269896106717223,1,37.6
2037-08-22,51,53007,624,Employed,High School,28,21024,72,Married,0,Mortgage,262,0.25505110831071964,2,0,0.203673075419164,0,Auto,0,21,24,1849,2157,52956,96175,4417.25,0.7107222151273828,9,3899,0.224024,0.20875849612025038,514.3146317573896,0.17574613883239337,0,49.0
2037-08-23,44,109363,534,Employed,Bachelor,21,21691,36,Married,0,Rent,280,0.5307990601925349,3,0,0.263624705715847,0,Debt Consolidation,0,19,15,980,4521,33650,6482,9113.583333333334,0.8743999617464936,4,27168,0.239691,0.23880131836398288,849.635228299134,0.12395072135539083,1,41.6
2037-08-24,26,40716,593,Employed,Bachelor,6,21483,60,Single,1,Mortgage,212,0.4787192212566075,1,0,0.3267394044372527,0,Other,0,28,16,5808,1140,78993,33069,3393.0,0.5831213957457806,4,45924,0.229983,0.24192677995062792,620.4271555212206,0.24533662113799604,0,56.0
2037-08-25,29,33674,499,Employed,Doctorate,6,12672,36,Married,1,Rent,725,0.23626715805226967,3,0,0.25851104170095646,0,Education,0,22,17,2011,1580,167878,4766,2806.1666666666665,0.7783258003237714,6,163112,0.24817199999999998,0.23929180365209482,496.6876314563124,0.4353581866566416,0,49.0
2037-08-26,35,49362,542,Employed,High School,13,12304,36,Married,1,Rent,784,0.2417568636511602,4,1,0.36018524593965884,0,Auto,1,29,11,3005,148,79547,12175,4113.5,0.8119866783487381,3,67372,0.226304,0.21224387667607483,464.9727703688487,0.3036277550428707,0,59.0
2037-08-27,50,62406,561,Employed,High School,26,20711,36,Married,4,Own,184,0.0915879318458298,4,0,0.2626067441259863,0,Auto,0,19,10,741,942,116674,28752,3246.5,0.48215181046625094,3,87922,0.225211,0.2139728667281218,784.5193665004299,0.2983272344064161,0,49.0
2037-08-28,57,105033,526,Employed,Associate,34,44428,48,Married,0,Mortgage,415,0.18231001755376983,4,2,0.25328995220593215,0,Auto,0,29,27,5319,472,26403,18982,8752.75,0.7912204679664407,4,7421,0.276428,0.2936093330942622,1583.2032080804458,0.22829433127650692,0,50.0
2037-08-29,47,35162,653,Employed,Bachelor,23,17217,36,Single,2,Rent,192,0.6005694031130229,2,3,0.2850345602643445,0,Debt Consolidation,0,30,13,1152,853,49117,58856,2930.1666666666665,0.8430588892358178,5,6993,0.175717,0.19203519767277352,632.879712239794,0.2815128987792938,0,49.0
2037-08-30,37,95757,630,Self-Employed,Doctorate,13,49953,24,Married,0,Other,1894,0.7024057634188998,6,2,0.15086431408919573,0,Auto,0,28,15,4219,415,23290,6079,7979.75,0.8699488276324349,8,17211,0.209953,0.1778576397963545,2488.6908968552275,0.5492265919176951,0,51.0
2037-08-31,38,67881,640,Employed,Bachelor,19,18855,24,Single,0,Other,200,0.10412705507687989,2,3,0.3863403138943448,0,Home,0,21,1,1324,134,153091,204410,5656.75,0.5531004642507303,4,2532,0.173855,0.20396567358271186,963.297090960238,0.2056476052433355,0,54.0
2037-09-01,56,57704,657,Employed,Associate,31,20952,24,Single,1,Mortgage,269,0.38996065803652247,4,3,0.09330811196632252,0,Home,0,27,9,1560,4501,18759,41261,4808.666666666667,0.9437433164336004,4,3748,0.167452,0.1855383445615237,1051.6251487505237,0.27463437170744287,0,45.0
2037-09-02,52,60759,597,Unemployed,High School,27,39870,60,Single,0,Own,656,0.043321743554819256,5,1,0.14959748483993182,0,Auto,0,27,4,24999,428,30828,50189,5063.25,0.932863123304173,7,4969,0.24636999999999998,0.2379187804228439,1142.1674894172688,0.35514096468024864,0,55.0
2037-09-03,28,20962,572,Employed,Bachelor,6,13116,120,Single,0,Own,494,0.7024464607606964,4,2,0.14408599299852884,0,Debt Consolidation,0,30,22,15240,961,27338,4229,1746.8333333333333,0.8573896773783589,8,23109,0.28211600000000003,0.33853920000000004,383.63849075609676,0.5024168442454519,0,54.0
2037-09-04,39,45542,599,Employed,Doctorate,14,14891,12,Married,1,Mortgage,259,0.15978803518685855,1,2,0.17906692550794165,0,Home,0,22,21,4014,1711,49991,113241,3795.1666666666665,0.7729963428802418,13,2285,0.180391,0.19636534437146774,1376.831397691222,0.43103018691086614,0,50.0
2037-09-05,27,44135,548,Employed,Master,5,16341,24,Married,4,Mortgage,286,0.39779908801033365,2,0,0.022986929354672187,0,Education,0,28,22,1778,882,113167,55155,3677.9166666666665,0.8314713137363487,4,58012,0.21734099999999998,0.20428478504489644,835.1127940028963,0.30482278300747156,1,39.2
2037-09-06,38,63549,566,Employed,Master,18,15623,24,Single,5,Other,174,0.751252893517486,3,0,0.48468766792205353,0,Auto,0,22,7,18294,864,87292,52859,5295.75,0.8340011370170556,5,34433,0.20762299999999997,0.17531773177237717,776.4343349622598,0.17947114855540003,1,47.2
2037-09-07,33,118770,624,Employed,Master,7,16731,48,Married,3,Rent,256,0.19113028876436242,4,2,0.5521851507266304,0,Auto,0,20,12,4588,1755,42124,16378,9897.5,0.5872825981621466,2,25746,0.19973100000000002,0.19013312860653298,500.3764212068074,0.0764209569292051,1,42.400000000000006
2037-09-08,34,74720,448,Employed,High School,13,28878,108,Single,1,Rent,200,0.42222397593194694,3,2,0.3557989425994104,0,Home,1,29,25,1324,102,21066,49749,6226.666666666667,0.818494790046733,2,3413,0.349878,0.320279876732171,818.3403307416567,0.16354502099705406,0,61.0
2037-09-09,45,25274,607,Self-Employed,Associate,26,34097,48,Married,1,Mortgage,168,0.47172458468651457,3,0,0.5889516193907637,0,Debt Consolidation,0,29,11,6382,343,9548,5191,2106.1666666666665,0.960614385409092,3,4357,0.22559700000000002,0.22848440766904035,1090.0296552191442,0.5973077416566326,0,61.0
2037-09-10,53,92784,522,Employed,Bachelor,28,40014,48,Married,1,Own,424,0.2153791760216978,2,1,0.385778197981186,0,Education,0,18,23,9993,3235,97269,30582,7732.0,0.8486567546332767,6,66687,0.274014,0.2520114549593821,1331.2423505037962,0.22701013327778016,1,40.800000000000004
2037-09-11,36,54638,545,Employed,Bachelor,16,15714,24,Divorced,0,Own,477,0.1537336024409279,1,1,0.27844704959938593,0,Debt Consolidation,0,21,16,3025,120,54467,72254,4553.166666666667,0.6690311719233228,5,7657,0.218214,0.24557849318615063,835.198060571713,0.28819460314910056,0,51.0
2037-09-12,42,67385,612,Employed,Bachelor,19,37471,60,Married,1,Rent,697,0.30303066486112196,2,0,0.3408305928089427,0,Home,0,15,9,541,581,55765,6175,5615.416666666667,0.6465546347258089,2,49590,0.236471,0.28095607666690203,1168.8525625919729,0.332273217349613,0,52.0
2037-09-13,44,161139,572,Employed,Doctorate,22,23070,60,Divorced,0,Own,277,0.242043108365624,4,0,0.18780013390024974,0,Education,0,26,5,2205,114,12642,74233,13428.25,0.9034366327682659,4,10809,0.24207,0.22504777076085672,643.8070055784735,0.06857237581803091,1,40.0
2037-09-14,41,115991,473,Employed,Associate,17,12286,72,Married,0,Mortgage,285,0.2894798236087952,2,0,0.3384911706270347,0,Auto,0,21,15,11295,1582,58389,24956,9665.916666666666,0.8456108495111444,5,33433,0.290786,0.31229645226776964,379.407774356025,0.06873717178291679,1,42.400000000000006
2037-09-15,30,64977,629,Self-Employed,Master,9,36315,72,Single,4,Rent,179,0.04198838387577365,0,1,0.1412868392363326,0,Auto,0,30,29,1051,590,212259,34698,3398.5833333333335,0.5696341644424403,3,177561,0.236815,0.25640201492122994,992.537853494523,0.344713587571642,0,45.0
2037-09-16,50,31653,640,Employed,Doctorate,25,13157,36,Divorced,2,Mortgage,168,0.14840690601872145,3,1,0.2727677184367653,0,Debt Consolidation,0,23,18,15332,4151,84145,10653,2637.75,0.7528279829155475,2,73492,0.178157,0.167824648389628,467.6597469128878,0.24098559261222172,1,37.6
2037-09-17,32,28373,515,Employed,Bachelor,9,22953,12,Married,2,Rent,181,0.20365170496758284,3,1,0.22657088949623155,0,Home,0,17,20,1189,825,148163,67531,2364.4166666666665,0.4127374727317933,7,80632,0.23045300000000002,0.22677499273974014,2155.762951592456,0.988304212424117,0,52.0
2037-09-18,29,39753,530,Employed,High School,4,9664,48,Divorced,2,Rent,140,0.2390620337316631,4,0,0.06439625169015185,0,Debt Consolidation,1,29,18,3574,206,202977,14468,3312.75,0.9037362323642206,5,188509,0.23966400000000002,0.27024605602211005,331.4393581704436,0.14231057525332236,0,53.0
2037-09-19,38,48782,457,Employed,High School,13,19468,60,Single,2,Mortgage,848,0.36082182184960643,2,0,0.15067539992539927,1,Auto,0,25,9,3415,251,207462,4949,4065.1666666666665,0.910602576578146,8,202513,0.295968,0.3235282873038029,658.2782357762044,0.37053295947920245,0,60.0
2037-09-20,53,59557,536,Employed,High School,32,46115,60,Married,3,Rent,608,0.2174613487149064,2,4,0.33317515465632713,0,Home,0,25,23,6888,6221,179473,2908,4963.083333333333,0.6780070569292835,2,176565,0.283115,0.26439580997031903,1392.7310383633692,0.4031225961744284,0,50.0
2037-09-21,46,46062,501,Employed,High School,22,22930,36,Married,3,Mortgage,255,0.36213646170452835,2,0,0.13987038194666582,0,Auto,0,19,20,4759,1158,27626,33187,3838.5,0.9143523246628769,7,5824,0.25743,0.2690187112227321,934.9154522306713,0.30999490744579167,0,51.0
2037-09-22,39,54856,518,Employed,Master,12,61004,48,Divorced,0,Mortgage,294,0.061398015660039544,2,0,0.5324282087400865,0,Debt Consolidation,0,21,11,658,1782,30661,13667,4571.333333333333,0.8594012241308138,3,16994,0.297004,0.24485460052149866,2005.2499786976236,0.5029714114111763,0,57.0
2037-09-23,30,28996,590,Employed,Associate,6,18324,24,Single,1,Rent,274,0.2734806989693593,3,2,0.08363745889539691,0,Home,0,28,13,3086,1923,25786,116096,2416.3333333333335,0.8348361051583737,5,9048,0.198324,0.20021472435676896,932.8069116653584,0.4994372651394778,0,52.0
2037-09-24,34,20666,519,Employed,High School,14,46989,24,Married,1,Own,357,0.12169113323688772,5,1,0.3119334784753486,0,Debt Consolidation,0,25,29,4172,964,74429,24311,1722.1666666666667,0.9039867167336729,2,50118,0.26248900000000003,0.2535868933171934,2516.3387845802486,1.668444082791202,0,53.0
2037-09-25,39,244906,594,Self-Employed,Master,16,86630,60,Married,2,Rent,148,0.2866041746670218,3,1,0.28727666684520947,0,Education,0,28,7,1819,579,22889,35923,20408.833333333332,0.7541316276803146,5,7341,0.29463,0.2875833703607858,2737.0666658540754,0.1413636251878227,1,43.2
2037-09-26,35,45726,490,Self-Employed,High School,16,33764,48,Widowed,0,Own,470,0.5204505418015275,4,1,0.6946174639050346,0,Home,0,24,8,680,8127,11455,7745,3810.5,0.7744825627814529,3,3710,0.28376399999999996,0.34051679999999995,1296.5445838739806,0.46359915598319923,0,64.0
2037-09-27,48,75775,634,Employed,High School,28,41662,48,Married,0,Rent,429,0.44499693896932585,7,0,0.5658850161028584,0,Other,1,10,26,11087,1273,46934,26150,6314.583333333333,0.9752322545587544,10,20784,0.21966200000000002,0.1860830508141222,1237.1038992420242,0.26385017210035355,0,62.0
2037-09-28,51,130342,634,Self-Employed,Associate,32,14088,84,Married,1,Other,458,0.12236549687604208,3,0,0.5259069625188992,0,Debt Consolidation,0,24,4,2931,147,34619,39931,10861.833333333334,0.9246898484767891,6,6269,0.222088,0.2239608543958771,333.4787367813384,0.07286787713381765,1,46.400000000000006
2037-09-29,31,27089,560,Self-Employed,High School,4,21506,60,Divorced,2,Own,822,0.1671885136550353,2,2,0.29992915786444996,0,Home,0,30,2,400,1193,15578,9763,2257.4166666666665,0.7278589990344141,4,5815,0.246506,0.23456159690975725,611.9138525646193,0.6352012341088794,0,60.0
2037-09-30,32,159600,633,Employed,Master,10,11381,24,Married,3,Mortgage,967,0.2623687217623516,5,2,0.1251364538611317,0,Education,0,22,5,787,3177,24658,41769,13300.0,0.8113875630346966,5,2839,0.169881,0.15037820100590246,552.031067271753,0.11421286220088368,1,37.6
2037-10-01,32,16897,509,Employed,High School,10,33923,96,Widowed,0,Mortgage,794,0.5739652725698735,2,0,0.2711731690503603,0,Education,1,25,15,20735,376,50958,36966,1408.0833333333333,0.8308411316586541,7,13992,0.314423,0.3649371083976067,1093.2638703824457,1.3403069446996123,0,61.0
2037-10-02,36,77930,592,Employed,Bachelor,17,20442,36,Single,3,Mortgage,448,0.3899841530728455,5,1,0.28186149932716675,0,Home,0,24,3,5365,471,13975,7773,6494.166666666667,0.8596870056072475,8,6202,0.209442,0.2021775486238436,761.9679498010154,0.18631612213027313,1,44.0
2037-10-03,25,39493,563,Employed,Bachelor,3,28437,120,Single,1,Mortgage,197,0.24834188876301586,5,0,0.002508159511328609,0,Home,0,24,2,5179,415,51224,9914,3291.0833333333335,0.5511572386235837,4,41310,0.301937,0.35844603716019013,875.0194454849211,0.32573451866961367,0,55.0
2037-10-04,35,71033,444,Employed,Associate,11,29786,24,Married,2,Mortgage,258,0.07583827957236064,5,0,0.1488196594531878,0,Education,0,28,16,6310,398,94177,4943,5919.416666666667,0.965107442353428,5,89234,0.28278600000000004,0.309261695464359,1679.6524783837024,0.327338416519145,0,47.0
2037-10-05,53,35461,575,Employed,High School,31,20467,36,Married,0,Rent,414,0.2990240071887289,1,4,0.5353833536216267,0,Home,0,34,1,1034,3419,520848,20168,2955.0833333333335,0.9305467978394706,4,500680,0.217967,0.20528510679246906,766.1498234263411,0.39936262037494974,1,44.0
2037-10-06,43,64514,544,Employed,High School,21,20430,12,Married,0,Mortgage,639,0.26898302319182044,3,2,0.0073423535860599465,0,Auto,0,22,13,1871,1972,499615,9878,5376.166666666667,0.7078699082113584,7,489737,0.21343,0.20343726362529221,1895.8854464418948,0.47150425267853074,1,35.2
2037-10-07,34,29754,564,Employed,Associate,11,19202,60,Single,1,Mortgage,119,0.32770929484064015,2,1,0.43104734428030816,0,Education,0,21,20,13558,405,60792,4070,2479.5,0.8798470297299253,8,56722,0.24220199999999997,0.24999635404277973,563.6000070659084,0.2752974418495295,0,56.0
2037-10-08,25,22875,543,Employed,High School,0,21552,72,Married,1,Mortgage,554,0.13769445344958384,4,1,0.33703269897846816,0,Debt Consolidation,0,18,22,2647,918,33158,120656,1906.25,0.9482520017790478,2,9431,0.265052,0.27440819728734467,613.2409847222792,0.6123231395264416,0,55.0
2037-10-09,18,26624,520,Employed,Bachelor,0,11082,24,Married,3,Mortgage,264,0.6032323070132453,3,2,0.5295899678093742,0,Debt Consolidation,1,17,5,2710,1116,31923,135300,2218.6666666666665,0.7913469546855804,5,2885,0.226082,0.18433436011241439,555.5825499374977,0.369403192580002,0,70.0
2037-10-10,40,93824,584,Employed,Bachelor,19,18262,60,Married,2,Rent,330,0.3303320942227927,0,0,0.19836341420694414,0,Debt Consolidation,0,33,3,3150,1480,49106,374200,7818.666666666667,0.8252600710689069,6,4421,0.23126200000000002,0.24764905098593837,533.4997815592221,0.11044079743680364,0,52.0
2037-10-11,39,29051,571,Employed,High School,18,30250,72,Married,0,Mortgage,588,0.0358150100150654,2,1,0.41638142547086643,0,Education,0,22,7,8557,647,335041,8729,2420.9166666666665,0.8935909639292011,5,326312,0.25975000000000004,0.3074103065215038,924.5458808545902,0.6247822990690539,0,52.0
2037-10-12,27,49399,423,Employed,Bachelor,2,74261,12,Married,1,Mortgage,200,0.2743801330478934,5,1,0.4238100247931453,0,Education,0,34,22,3653,800,19110,13607,4116.583333333333,0.8351835701068124,7,5503,0.32776099999999997,0.3091372539583571,7272.909023337407,1.8153182914643797,0,57.0
2037-10-13,31,28954,633,Employed,Doctorate,8,9836,36,Divorced,1,Mortgage,320,0.07282612399343301,3,0,0.490758901009601,0,Other,0,29,27,44481,3715,48196,48549,2412.8333333333335,0.7851292732579936,5,6170,0.17833600000000002,0.16916123670249888,350.26977234669374,0.27779364744630536,1,43.2
2037-10-14,39,52733,552,Employed,High School,17,10076,60,Married,2,Mortgage,465,0.2760159630100527,5,1,0.3176000876814602,0,Debt Consolidation,0,29,17,8140,1060,23674,10201,4394.416666666667,0.7105554245044657,4,13473,0.239076,0.23350971051081387,286.0826554912339,0.17091748745367807,0,54.0
2037-10-15,40,134008,567,Self-Employed,Bachelor,16,32023,96,Single,1,Mortgage,629,0.2821753640673556,2,1,0.13342424953620088,0,Debt Consolidation,0,22,5,7892,390,8689,4819,11167.333333333334,0.9179320612338696,5,3870,0.28352299999999997,0.2466448360123659,766.9683375515328,0.125004626967184,1,42.400000000000006
2037-10-16,60,24099,580,Employed,Bachelor,33,25914,36,Married,3,Mortgage,291,0.4520112484512857,2,1,0.2831594660659493,0,Auto,0,24,4,3488,902,149894,53596,2008.25,0.8432266714135835,4,96298,0.220914,0.21968344692217942,989.2430798679534,0.6374918859046201,0,56.0
2037-10-17,64,162806,636,Employed,High School,41,26363,96,Widowed,2,Mortgage,250,0.471747287280392,4,2,0.13653574616882297,0,Auto,0,26,23,620,393,171362,12291,13567.166666666666,0.8108929198586151,6,159071,0.243363,0.232155936526043,606.3777598537811,0.06312134146312405,1,33.6
2037-10-18,38,58790,651,Employed,Bachelor,15,26036,12,Divorced,0,Mortgage,463,0.24060395225997117,6,0,0.3883243311766936,1,Home,0,24,4,1767,189,16226,21922,4899.166666666667,0.899738057171098,7,5797,0.16553600000000002,0.1630839414076761,2366.069935449522,0.5774594187003617,0,63.0
2037-10-19,44,21962,517,Employed,Bachelor,22,15144,48,Single,0,Own,324,0.29121963053274774,6,1,0.2512778783857243,0,Debt Consolidation,0,23,20,1854,1008,17046,3081,1830.1666666666667,0.9385007370758565,7,13965,0.251644,0.2391863041281296,493.0412072113747,0.44642994656845897,0,54.0
2037-10-20,74,77155,623,Employed,Master,54,24395,108,Married,2,Own,964,0.19067237858236016,3,0,0.35012694540711475,0,Auto,0,16,2,1354,933,30954,2490,6429.583333333333,0.8929364724146347,5,28464,0.257895,0.30481394620084745,663.874889187866,0.2531851295477207,0,54.0
2037-10-21,44,25139,614,Unemployed,High School,25,29084,72,Married,4,Rent,115,0.36480103541026637,5,1,0.11088019932976932,0,Home,0,20,26,6787,2213,100645,8050,2094.9166666666665,0.9208260839742028,7,92595,0.237084,0.23984892650523734,765.4228380566774,0.4202662817407267,0,50.0
2037-10-22,47,80338,540,Self-Employed,High School,24,47775,48,Single,0,Mortgage,623,0.14655829809356363,3,1,0.010356522271721453,0,Home,0,25,20,3796,1352,101568,51446,6694.833333333333,0.7772470355619042,4,50122,0.272775,0.23831822507469266,1553.114169786779,0.32504381534817084,0,49.0
2037-10-23,35,65115,613,Unemployed,Master,15,24835,60,Married,0,Mortgage,822,0.32409227932411666,5,0,0.5306161659116216,0,Education,0,18,15,6601,345,20805,44502,5426.25,0.7326126460810889,6,3531,0.223335,0.20097941238424474,659.3297420865955,0.2729932719809437,0,58.0
2037-10-24,50,16245,477,Employed,Associate,26,28653,48,Single,2,Mortgage,543,0.489363370102723,1,1,0.43939629602815733,0,Auto,0,27,1,1172,8287,75358,65361,1353.75,0.9414580646475457,3,9997,0.285153,0.26177581053030696,968.9668552559835,1.116873023273118,0,63.0
2037-10-25,26,49250,562,Employed,Bachelor,5,17053,24,Widowed,1,Own,219,0.37287079634916115,5,0,0.6479287282669137,0,Education,1,27,6,6599,1329,40073,74970,4104.166666666667,0.9611061110856542,9,2676,0.21105299999999996,0.17460211876845594,846.9147112428012,0.25971525959215463,0,67.0
2037-10-26,28,61462,519,Employed,Master,3,15836,24,Single,2,Mortgage,511,0.2736887035086056,3,0,0.37723903839122397,0,Home,0,21,5,1800,3303,273939,19021,5121.833333333333,0.6806048452007847,5,254918,0.23133599999999999,0.2015908381363648,807.2171640645207,0.25737213186642555,1,40.0
2037-10-27,34,16849,544,Employed,High School,11,20002,36,Married,0,Rent,429,0.10863807461246647,3,1,0.21584826852950126,0,Debt Consolidation,0,24,8,1311,62,16862,13639,1404.0833333333333,0.6942786017234147,5,3223,0.233002,0.23926974665005565,783.9687986764964,0.8638866154737941,0,54.0
2037-10-28,53,39835,584,Employed,High School,30,31367,36,Married,0,Mortgage,505,0.592843777952019,4,2,0.11983263133677756,0,Home,0,30,3,2770,1524,46403,9987,3319.5833333333335,0.8692542101668381,3,36416,0.224367,0.21299093584624737,1186.576214731413,0.5095748607198934,0,55.0
2037-10-29,32,136241,480,Employed,Doctorate,9,15602,48,Single,1,Rent,602,0.4855833082979446,0,0,0.04425908479328134,0,Home,0,26,15,2847,598,81689,38534,11353.416666666666,0.9321815893994508,5,43155,0.270602,0.2980047297899157,559.9563875959074,0.10234420366226679,1,39.2
2037-10-30,58,26600,609,Employed,Master,36,32543,60,Married,2,Mortgage,476,0.1887837530529648,4,0,0.3710163192719509,0,Home,0,24,12,6303,154,10188,3683,2216.6666666666665,0.5156844310296202,5,6505,0.233043,0.229414539433516,916.3081833479497,0.6281089548938119,0,52.0
2037-10-31,37,24010,570,Employed,Associate,14,12892,60,Married,1,Rent,693,0.5363939782338338,3,0,0.3452859347345503,0,Other,0,25,7,12040,831,22089,23751,2000.8333333333333,0.7406449747101509,6,1984,0.232892,0.20134642058500837,342.52569529072775,0.5175472029774566,0,58.0
2037-11-01,39,97355,464,Employed,High School,18,23091,60,Single,0,Mortgage,335,0.2683130249957329,5,1,0.36560907210006577,0,Debt Consolidation,0,20,8,406,1155,4925,31963,8112.916666666667,0.8374151027141545,4,7334,0.296091,0.2795818485895242,718.3748434612592,0.12983922881757598,0,54.0
2037-11-02,21,45176,578,Employed,Associate,0,25738,72,Married,0,Own,462,0.126355145033042,6,1,0.3505663063674796,0,Other,0,16,14,12785,2168,37331,49609,3764.6666666666665,0.8163651565335971,7,4508,0.251738,0.2299807680774048,662.0316729457159,0.29857402327228155,0,54.0
2037-11-03,45,125865,612,Employed,High School,24,45607,36,Married,0,Mortgage,285,0.24417172307323856,2,2,0.20584642564324163,0,Auto,0,27,25,2265,990,20788,114154,10488.75,0.893088591688249,7,5672,0.224607,0.20324020360733222,1702.458508690324,0.1894847821418495,1,37.6
2037-11-04,31,45733,572,Employed,High School,7,35901,36,Divorced,3,Mortgage,258,0.06843645513645029,1,2,0.19693266395190678,0,Debt Consolidation,0,24,17,3969,910,14664,50244,3811.0833333333335,0.743102140240129,5,9694,0.234901,0.25751206536514654,1441.719767001346,0.4459938601013743,0,50.0
2037-11-05,55,15000,583,Employed,High School,28,20903,48,Married,2,Mortgage,608,0.5267725769905331,2,0,0.2865147679940429,0,Auto,0,32,8,44450,774,87768,15504,1250.0,0.5867341141485134,5,72264,0.22440300000000002,0.24764433081576978,690.3399301756292,1.0386719441405035,0,54.0
2037-11-06,38,31953,550,Self-Employed,Bachelor,16,33500,48,Single,3,Rent,209,0.41969940286817137,3,1,0.6732622846362164,0,Home,0,15,8,2382,222,61702,43564,2662.75,0.6664864321675801,11,18138,0.2535,0.22719282527007334,1068.5785258619026,0.4797966485257356,0,64.0
2037-11-07,51,56939,487,Employed,High School,24,60045,36,Married,0,Mortgage,620,0.5477131446672087,2,0,0.39113203064389174,0,Education,0,27,16,1449,3105,99083,42654,4744.916666666667,0.9854571818750163,5,56429,0.30154499999999995,0.274620891933298,2466.259692238776,0.6504349620974255,0,53.0
2037-11-08,26,41251,592,Employed,Bachelor,5,19126,72,Single,4,Own,417,0.3331657215451919,4,1,0.23345580933522586,0,Other,1,21,20,12703,649,13352,9224,3437.5833333333335,0.5759798157011482,5,4128,0.238126,0.21556102537589822,475.53581223144744,0.25964048742521073,0,59.0
2037-11-09,31,49650,504,Employed,Bachelor,7,15311,36,Widowed,1,Own,234,0.4894631584568802,2,0,0.2261292898354491,0,Auto,0,21,9,8082,1038,136835,25416,4137.5,0.8656287754201341,1,111419,0.24831099999999998,0.2562509473256965,613.836002149235,0.2049150458366731,0,51.0
2037-11-10,41,63108,548,Self-Employed,Bachelor,20,19397,48,Married,2,Mortgage,308,0.1721119106867161,5,0,0.26621899948656824,0,Debt Consolidation,0,25,12,2546,1183,122832,21484,5259.0,0.8943090775974046,4,101348,0.240397,0.24500116583556972,637.752666897593,0.1798350764209152,0,50.0
2037-11-11,49,83319,587,Employed,Associate,30,30737,72,Divorced,2,Mortgage,247,0.37920123173609127,4,1,0.49930455795392964,0,Home,0,27,3,544,3983,66551,44365,6943.25,0.8930899393741056,6,22186,0.252237,0.26562554428944424,857.6810670764639,0.15910143910653712,0,58.0
2037-11-12,35,24626,563,Self-Employed,Associate,11,26220,48,Married,1,Own,500,0.03609284216360619,6,1,0.07120128338459242,0,Home,0,29,28,8651,1012,29148,49098,2052.1666666666665,0.8547509043932501,8,1479,0.23972,0.219214067234938,824.9710145688515,0.6456449352239998,0,54.0
2037-11-13,25,28879,587,Self-Employed,Bachelor,0,11797,60,Married,4,Mortgage,394,0.19451116016850292,2,0,0.42666062395997606,0,Auto,0,26,6,1513,1088,53070,13874,2406.5833333333335,0.9830072695141134,7,39196,0.22329700000000002,0.21820796494110636,324.6194563096898,0.2986056814888423,0,62.0
2037-11-14,36,31083,629,Employed,Bachelor,14,20274,12,Single,3,Own,203,0.04279192873139732,4,1,0.20667206862749857,0,Education,0,23,20,10178,377,16995,36316,2590.25,0.9831372336290698,4,4940,0.17077400000000004,0.18282003823260154,1861.4422213940686,0.7970050077768821,0,49.0
2037-11-15,37,40032,543,Employed,Associate,16,15927,36,Married,2,Mortgage,342,0.1012666253101584,5,1,0.14992957562774853,0,Debt Consolidation,0,23,8,2754,1413,85790,55991,3336.0,0.5369011797681973,3,29799,0.229427,0.2220860951029634,609.9795352460377,0.28536556811931585,0,51.0
2037-11-16,43,24651,519,Employed,High School,20,13814,48,Married,1,Mortgage,479,0.21393030092275536,2,2,0.040922390372607045,0,Debt Consolidation,1,19,17,3850,4532,28532,71866,2054.25,0.9385321161643099,1,2413,0.249314,0.26056891277828853,466.2131362652277,0.46012565961554225,0,58.0
2037-11-17,18,70721,618,Employed,Master,0,21423,48,Married,1,Own,860,0.5123609716377227,2,1,0.3128962387269972,0,Other,0,22,28,1337,5328,44272,17797,5893.416666666667,0.825483301528875,3,26475,0.20742300000000002,0.2013628982093026,653.4662847682529,0.25680625863914586,1,41.6
2037-11-18,30,53158,480,Employed,High School,8,13584,84,Single,2,Own,241,0.14501963363687156,5,2,0.32977626400967675,0,Debt Consolidation,0,35,11,6977,2967,130638,16835,2615.8333333333335,0.6117811100617572,4,113803,0.298584,0.33613397796740574,421.94544976771226,0.2534356609497466,0,49.0
2037-11-19,46,43366,554,Unemployed,Bachelor,23,15486,60,Married,1,Own,332,0.3567746751217248,1,0,0.12761972383445447,0,Auto,0,26,10,1953,2445,10606,4389,3613.8333333333335,0.8392050465394851,4,6217,0.24348599999999998,0.23479913245814793,440.8381369312994,0.21385550069583528,0,54.0
2037-11-20,48,17818,624,Employed,High School,22,35939,24,Married,0,Mortgage,579,0.09626973311485595,2,2,0.4063390152182703,0,Other,0,24,16,5271,1878,53817,63112,1484.8333333333333,0.7247013155721583,6,7145,0.198939,0.2113929412935324,1849.2087139713726,1.6353409230921805,0,54.0
2037-11-21,39,205214,553,Employed,Associate,20,24498,36,Divorced,2,Mortgage,384,0.5553256566826754,1,0,0.2564350622092901,0,Home,1,23,17,2513,2125,78040,25010,10462.333333333334,0.844862090974177,6,53030,0.23299799999999998,0.21217042554541027,925.6960562903353,0.1251820234132286,1,44.0
2037-11-22,45,43629,528,Employed,Bachelor,19,46103,36,Divorced,1,Mortgage,403,0.27630024543019643,2,0,0.3777573658145601,0,Home,0,27,4,1385,2717,26911,9948,3635.75,0.8052243056087334,5,16963,0.267103,0.2773483103364446,1900.3869203044076,0.6335383126739759,0,58.0
2037-11-23,36,61918,611,Employed,Bachelor,14,9302,48,Single,0,Own,1036,0.4935714692142776,7,0,0.15788757320719687,0,Other,0,20,28,2503,1623,21426,29157,5159.833333333333,0.9100600449982185,4,9899,0.198802,0.1963997987815825,281.2820210057632,0.2552954593505791,1,38.400000000000006
2037-11-24,36,122913,530,Employed,Master,13,32885,72,Single,2,Own,236,0.22345841178909742,5,2,0.1511331959498457,0,Debt Consolidation,0,25,6,1140,342,18574,37191,10242.75,0.6791025043854235,5,2626,0.282885,0.25685989416167815,899.72174501389,0.11088054917028045,1,40.0
2037-11-25,32,45402,492,Self-Employed,Associate,10,20912,108,Married,2,Mortgage,802,0.5068739223071039,5,1,0.1332444382513865,0,Home,1,26,17,8522,444,24212,3386,3783.5,0.9213669872539232,2,20826,0.319912,0.34526198730341306,631.1672838322803,0.3787940488521951,0,61.0
2037-11-26,52,40991,470,Employed,Bachelor,32,15592,60,Married,1,Own,377,0.3364918884391591,1,1,0.24389145737468618,0,Debt Consolidation,0,21,2,2221,901,59167,4748,3415.9166666666665,0.8796050266433686,8,54419,0.285592,0.2801331822787693,485.59500004763635,0.2525222609980639,0,55.0
2037-11-27,42,59056,608,Employed,High School,18,20265,36,Married,2,Rent,534,0.11642537875549912,5,0,0.18847719879093272,0,Auto,0,23,5,797,2199,50971,226127,4921.333333333333,0.9336264525369891,6,6178,0.201265,0.2001024187271651,753.2257740168817,0.26156037131201876,0,48.0
2037-11-28,25,19726,598,Employed,Associate,2,16829,60,Divorced,1,Rent,235,0.05501833593234638,5,4,0.5418484167704039,0,Auto,0,25,10,1865,563,86997,19803,1643.8333333333333,0.9400485416018042,3,67194,0.222829,0.21652583561522767,461.48055328521997,0.423692925044238,0,57.0
2037-11-29,30,88297,601,Employed,Bachelor,8,23602,24,Single,0,Mortgage,392,0.1188527600811877,2,1,0.34881247123853826,0,Auto,0,27,14,9008,630,108790,8481,7358.083333333333,0.8844222461312397,4,100309,0.198102,0.20624226011200864,1208.4523005110707,0.21750940129486673,1,36.0
2037-11-30,44,36072,440,Employed,High School,21,11637,36,Married,0,Own,898,0.33549797848086654,2,0,0.08207451545655572,0,Debt Consolidation,0,17,14,12715,260,37274,11891,3006.0,0.7394779518094824,4,25383,0.276637,0.23498686233517438,453.4952659233483,0.4495992235273947,0,51.0
2037-12-01,43,88955,477,Employed,Bachelor,21,16987,96,Married,0,Mortgage,430,0.5565601069560716,2,1,0.27501618556058366,0,Auto,0,27,6,3824,1548,49134,16091,7412.916666666667,0.9215377994836186,8,33043,0.313487,0.2507896,411.5110971522042,0.1135195679368945,1,43.2
2037-12-02,20,21342,618,Unemployed,Bachelor,0,7472,12,Married,0,Own,478,0.1845423527934643,1,2,0.1464842433952808,0,Other,1,30,13,1814,551,131419,10688,1778.5,0.8914134684212944,7,120731,0.16347200000000003,0.15235676969390352,675.2413437732395,0.6484348292230753,0,53.0
2037-12-03,56,28606,494,Employed,High School,34,22630,36,Single,3,Own,256,0.47436726673327434,5,3,0.21756757904488777,0,Home,0,26,1,2034,406,54325,6420,2383.8333333333335,0.7922756417477119,2,47905,0.26063000000000003,0.2676425741894337,921.0149132216541,0.4937488274718537,0,59.0
2037-12-04,38,95233,559,Employed,High School,14,14050,36,Married,4,Rent,255,0.3423288260803101,1,1,0.32449310748216403,0,Home,0,25,22,5855,502,53796,63461,7936.083333333333,0.8625960164053417,11,9711,0.21955,0.1996850731689839,521.9229221066214,0.09789752570305942,1,42.400000000000006
2037-12-05,44,54437,578,Employed,Master,20,21843,108,Single,4,Mortgage,349,0.1793107624998084,4,0,0.15296520938482122,0,Auto,0,18,3,1510,8844,117957,15974,4536.416666666667,0.9425351706663135,2,101983,0.277843,0.314155716472134,609.2228210411972,0.21122901431920138,0,48.0
2037-12-06,53,22447,562,Employed,Associate,32,7638,60,Single,1,Mortgage,235,0.20334054453387385,6,1,0.5447601081340478,0,Home,0,15,23,3866,896,14208,8052,1870.5833333333333,0.904892274997178,10,6156,0.231638,0.22859647754232887,214.70335328113646,0.24040808301214583,0,60.0
2037-12-07,49,50234,630,Employed,Bachelor,29,25928,36,Single,3,Own,481,0.14518714918055,1,0,0.17679383601055043,0,Debt Consolidation,0,22,13,879,14552,52949,24385,4186.166666666667,0.8519453328280445,7,28564,0.19592800000000002,0.2062515669364269,971.8561851753509,0.3470612378489511,0,46.0
2037-12-08,18,63016,618,Employed,Bachelor,0,20516,48,Divorced,2,Other,302,0.18389882788790496,1,2,0.4760022996950494,0,Auto,0,17,17,904,986,26906,6968,5251.333333333333,0.9787980619057555,10,19938,0.20651600000000003,0.20803979708832868,633.1311404326051,0.1780749918305075,0,52.0
2037-12-09,20,23378,566,Employed,Bachelor,0,33233,60,Married,0,Rent,229,0.41896519001510635,5,2,0.14499631696982035,0,Auto,1,34,8,3983,351,160798,7993,1948.1666666666667,0.595847763948796,2,152805,0.255233,0.2823053780972327,1039.3636713876156,0.651055011406082,0,56.0
2037-12-10,21,36527,551,Self-Employed,High School,0,24919,60,Married,3,Mortgage,271,0.5439324227148769,5,0,0.30087548067410963,0,Auto,0,33,17,34857,308,46267,7527,3043.9166666666665,0.9037642322542536,4,38740,0.254419,0.24425890360233854,723.042221411059,0.3265668315747997,0,59.0
2037-12-11,58,44326,609,Employed,High School,35,28297,72,Married,0,Mortgage,325,0.09405280069396518,1,0,0.28184951455826135,0,Education,0,18,12,4460,331,6282,65065,3693.8333333333335,0.8452614776759387,7,9755,0.23879699999999998,0.24036214261813663,745.5925320978248,0.2898323869777083,0,49.0
2037-12-12,38,66420,607,Employed,Bachelor,15,16041,60,Married,0,Mortgage,361,0.29329385062458735,5,2,0.04532991367560069,0,Debt Consolidation,0,23,19,16509,1257,78189,17595,5535.0,0.8267736944222395,2,60594,0.21754099999999998,0.21339549346405506,437.0324704715864,0.14417930812494786,1,36.0
2037-12-13,51,40634,518,Employed,High School,27,12364,36,Single,3,Rent,878,0.1241049342279336,3,0,0.18742702329714683,0,Education,0,17,14,8266,7045,78250,14634,3386.1666666666665,0.660230830723168,4,63616,0.238364,0.24029138904312444,485.2641732652816,0.40259807252998425,0,48.0
2037-12-14,42,103526,622,Employed,Associate,19,11705,96,Divorced,1,Own,132,0.32405480125961195,5,0,0.6069752346630927,0,Other,0,34,4,1292,2710,185399,43759,8627.166666666666,0.8154558112794116,10,141640,0.235705,0.2191637615952928,259.424675557593,0.04537117348966555,1,42.400000000000006
2037-12-15,42,26661,588,Employed,Bachelor,22,41371,60,Married,1,Rent,366,0.27089999132084425,3,0,0.23846743830525174,0,Home,0,30,3,3914,785,94611,60125,2221.75,0.9308091995172071,9,34486,0.252371,0.23853456376920912,1186.6431215877603,0.6988379077698933,0,57.0
2037-12-16,42,15781,353,Employed,High School,16,50858,48,Single,0,Other,302,0.34640286540328086,4,3,0.2972872403909808,0,Auto,1,26,18,1126,4624,27149,4468,1315.0833333333333,0.7752437287898849,3,22681,0.36935799999999996,0.4161646215658113,2190.130231756033,1.8950359787765285,0,60.0
2037-12-17,72,61455,627,Employed,Doctorate,48,23100,36,Married,1,Mortgage,414,0.3017113907887865,3,1,0.22926436137145018,0,Other,0,25,7,7408,367,31777,9845,5121.25,0.938635587099957,6,21932,0.19460000000000002,0.21971756564535416,881.8619857650989,0.25303626766221116,0,50.0
2037-12-18,18,78696,550,Employed,Bachelor,0,28456,36,Single,0,Mortgage,211,0.5143377749384894,1,0,0.48813728682649016,0,Auto,0,30,16,699,502,11208,3309,6558.0,0.9117498236279725,3,7899,0.238456,0.23532010564937259,1109.4298146523704,0.20134641882469814,0,57.0
2037-12-19,35,15275,592,Employed,Master,12,6138,48,Married,0,Rent,362,0.19207445184618235,1,1,0.09172966308623813,0,Debt Consolidation,0,23,17,496,1031,70019,11563,1272.9166666666667,0.6001245418603869,4,58456,0.20513800000000001,0.1791901500169795,180.04410233343282,0.4258284273650536,0,49.0
2037-12-20,38,25663,464,Employed,Associate,13,39275,48,Married,0,Mortgage,209,0.05739892308583416,4,2,0.5085817360136059,0,Other,0,20,24,6160,286,30873,16539,2138.5833333333335,0.6695099938598824,6,14334,0.30227499999999996,0.36272999999999994,1560.9497641700377,0.8276272131099424,0,59.0
2037-12-21,56,49723,668,Employed,Associate,35,23709,36,Single,4,Other,1206,0.5800953326414601,2,1,0.34625910333004,0,Home,0,26,14,809,576,42033,19961,4143.583333333333,0.7742084799003057,3,22072,0.174709,0.15635627919749584,829.2793363740287,0.4911882234878899,0,50.0
2037-12-22,43,86421,603,Employed,Master,18,11430,96,Married,2,Rent,728,0.5745101280372679,4,1,0.21735115586740622,0,Debt Consolidation,0,26,24,2085,2165,34607,2167,7201.75,0.9024429707953759,7,32440,0.24492999999999998,0.27506889882741653,295.5570096551679,0.14212615123479264,0,49.0
2037-12-23,19,39341,486,Employed,Associate,0,12475,48,Divorced,1,Rent,435,0.2796283984605788,9,1,0.27154388720810224,0,Home,0,13,11,14247,712,21974,16594,3278.4166666666665,0.8955781385640633,9,5380,0.26447499999999996,0.27462592625756854,430.95296871491445,0.2641375568638056,0,53.0
2037-12-24,38,38136,455,Employed,High School,13,21627,36,Married,1,Own,287,0.2464780794378042,4,0,0.2619745191380751,0,Debt Consolidation,0,31,8,12481,527,58570,93420,3178.0,0.8760337374143673,5,3620,0.279127,0.2782219898286552,892.4941542349919,0.3711435350015708,0,54.0
2037-12-25,34,15247,646,Employed,Bachelor,11,30770,48,Married,3,Own,186,0.5237867800932082,5,0,0.47928404110689904,0,Debt Consolidation,0,30,6,954,3974,27802,43234,1270.5833333333333,0.9606281181444739,5,2960,0.20277,0.19104849818453074,921.7299446244241,0.8718278569878068,0,58.0
2037-12-26,32,72915,566,Self-Employed,Bachelor,9,14365,24,Married,1,Own,532,0.18000433203823907,3,1,0.48832187556721973,0,Auto,1,25,5,4539,1960,55304,9647,6076.25,0.8333702525999132,4,45657,0.20636499999999997,0.20829710889371866,736.9539098411398,0.20883833118142597,0,66.0
2037-12-27,32,15530,573,Employed,Doctorate,8,14707,36,Single,5,Rent,843,0.06254678524557528,3,3,0.1801706767882446,0,Debt Consolidation,0,20,28,1886,1428,42969,6262,1294.1666666666667,0.937161468263871,4,36707,0.213207,0.20134525432874933,547.5734232091601,1.074493308339338,0,51.0
2037-12-28,18,16750,579,Employed,Associate,0,9350,60,Single,0,Rent,497,0.23415031945280348,1,0,0.15831553615117594,0,Debt Consolidation,0,32,6,3506,503,44858,3999,1395.8333333333333,0.9533738910359336,5,40859,0.22485,0.19594594643626753,245.61342526777827,0.5320215584007963,0,54.0
2037-12-29,57,44979,561,Employed,High School,35,20000,48,Divorced,2,Rent,494,0.15765518488378344,3,1,0.14161577952934168,0,Debt Consolidation,0,28,17,1372,5525,17065,5040,3748.25,0.7087961845995959,7,12025,0.2345,0.22963609259095413,640.6307373731531,0.30270946104799656,0,50.0
2037-12-30,66,23490,594,Employed,Master,42,11349,36,Single,0,Mortgage,838,0.24775658087959326,4,1,0.12459472680928423,0,Home,0,16,2,354,3029,18893,59138,1957.5,0.750430426213424,4,3510,0.199349,0.22483602612272405,436.2679206683937,0.6509670092814273,0,56.0
2037-12-31,34,35604,605,Employed,High School,11,21845,72,Single,1,Rent,561,0.2381679374232079,4,1,0.5002338921701395,0,Debt Consolidation,0,18,2,4487,1843,34714,64331,2967.0,0.7528682163379308,6,2253,0.234345,0.20822883151518876,533.721339518045,0.3689657362716701,0,60.0
2038-01-01,59,50988,620,Employed,High School,32,25591,36,Divorced,0,Mortgage,498,0.08337314953053768,1,0,0.23883176969406283,0,Other,0,25,21,1624,460,16229,12209,4249.0,0.7674403002691605,3,4020,0.20059100000000002,0.21610162955346351,972.1783888809936,0.3460057399108011,0,48.0
2038-01-02,48,50576,610,Employed,Associate,24,33190,48,Single,1,Mortgage,453,0.12406223815694997,2,1,0.37249728879653393,0,Home,0,20,13,1897,10121,455006,27295,4214.666666666667,0.7741614836311735,3,427711,0.22319,0.24129876621385593,1084.4393558923573,0.36478314359989494,0,44.0
2038-01-03,35,134957,617,Employed,Bachelor,12,16891,84,Divorced,3,Own,947,0.01776734984789384,4,0,0.545188237878604,0,Education,0,23,29,2927,3398,26246,10458,11246.416666666666,0.7285649213156471,4,15788,0.23339100000000002,0.25406703049167023,431.94088463154566,0.12261157713626229,1,41.6
2038-01-04,28,30157,529,Employed,High School,5,26453,24,Married,3,Mortgage,613,0.5118069938722278,4,0,0.013380330544986028,0,Other,0,24,15,990,7531,40992,19459,2513.0833333333335,0.7452012583582924,6,21533,0.236953,0.2730735263655264,1442.6452932881934,0.8179773690837391,0,52.0
2038-01-05,27,43504,463,Employed,Bachelor,3,42727,72,Single,1,Other,442,0.2499261907761379,1,0,0.33008160871669956,0,Auto,0,22,21,2419,2009,10039,30900,3625.3333333333335,0.869484559202614,7,8571,0.326227,0.3809482933157367,1516.1765077732648,0.5401369550680208,0,55.0
2038-01-06,47,18285,645,Employed,Bachelor,26,21232,36,Married,2,Own,94,0.29114753744163707,3,0,0.3444521867705687,0,Education,0,25,28,1546,814,128406,33315,1523.75,0.930346637245001,8,95091,0.183732,0.18351182535754357,771.3332897662702,0.5678971548917278,0,51.0
2038-01-07,57,61334,495,Employed,Bachelor,34,17805,108,Married,4,Other,865,0.07231790665756163,3,1,0.4822846303773066,0,Home,0,19,1,4058,295,10659,14107,5111.166666666667,0.9343532825611724,4,7341,0.31530499999999995,0.2584877172695965,426.18824230530726,0.2526210406571182,0,59.0
2038-01-08,34,63380,476,Employed,Bachelor,12,13857,36,Single,5,Rent,415,0.22759898210019766,2,0,0.4283971743595077,0,Home,0,20,28,421,77,37116,7635,5281.666666666667,0.8284762011144651,4,29481,0.260857,0.2646549885596058,561.7489548158917,0.18493195736495266,1,44.800000000000004
2038-01-09,22,85679,545,Self-Employed,Associate,2,37464,36,Single,2,Rent,531,0.49222216642414895,4,1,0.24087488965684561,0,Home,0,23,19,15212,1502,34571,3168,7139.916666666667,0.5745429511018346,8,31403,0.249964,0.25952024964908293,1508.4905339351403,0.2856462657970061,0,55.0
2038-01-10,44,100716,622,Employed,Master,26,12668,72,Married,0,Other,321,0.2723895423242945,2,0,0.15268599865787855,0,Debt Consolidation,0,25,17,1847,1023,20380,12471,8393.0,0.7472432275696876,7,7909,0.21666800000000003,0.22857035241376672,324.7739058616616,0.07694196423944498,1,36.800000000000004
2038-01-11,38,54840,551,Employed,Bachelor,17,12564,72,Married,0,Own,378,0.3618375045751102,1,0,0.17734874829497,0,Auto,0,15,17,3319,1314,92144,51223,4570.0,0.9212704512882707,3,40921,0.25206399999999995,0.28733178297658535,367.77669675323745,0.1631896491801395,0,50.0
2038-01-12,45,104549,581,Employed,Bachelor,21,17709,60,Single,2,Rent,579,0.6327983160222254,4,1,0.4529884039037909,0,Auto,0,21,2,126,770,63112,27028,8712.416666666666,0.6639584456722761,4,36084,0.232209,0.20643711089357403,475.54552128404725,0.12103938110750527,1,48.800000000000004
2038-01-13,71,145729,630,Employed,Associate,48,23328,36,Married,3,Rent,190,0.2604323612464306,1,1,0.2502902911627945,0,Home,0,25,12,698,641,131056,136611,12144.083333333334,0.630667458051205,7,4219,0.19332800000000003,0.1631000914089518,823.7181391101492,0.08347424101806634,1,37.6
2038-01-14,43,67920,582,Employed,Bachelor,17,13253,60,Single,2,Rent,211,0.033833321603932175,5,2,0.3048500412154534,0,Other,0,21,10,1240,912,22403,81724,5660.0,0.9542333969749075,6,2931,0.22725299999999998,0.22687099335223831,371.2296296925585,0.10286742574073472,0,53.0
2038-01-15,29,21884,628,Unemployed,Doctorate,6,20406,60,Married,1,Mortgage,266,0.20700234808620052,5,1,0.36622944676119634,0,Debt Consolidation,0,22,11,2189,3456,15235,45384,1823.6666666666667,0.9380272017816984,3,4012,0.21140600000000004,0.25368720000000006,603.3622324895482,0.4767111492357237,0,56.0
2038-01-16,45,33059,604,Employed,High School,23,20716,48,Married,1,Mortgage,165,0.6134395420240039,3,1,0.29666811232875595,0,Debt Consolidation,0,28,12,352,910,17470,18352,2754.9166666666665,0.9581229354254666,4,9518,0.213716,0.20885010194928816,640.2047669539528,0.2922791737029987,0,52.0
2038-01-17,25,44560,622,Employed,Master,3,78340,60,Married,0,Mortgage,932,0.203916702353814,4,0,0.5468156636214356,0,Debt Consolidation,0,25,7,4482,1314,197951,63869,3713.3333333333335,0.758054085532718,6,134082,0.27234,0.2854030996788314,2464.779320180035,0.914752061089776,0,53.0
2038-01-18,44,83240,611,Employed,High School,19,10379,60,Married,0,Mortgage,403,0.23927771725810723,3,2,0.5155435812336371,0,Home,1,19,4,1093,7132,28068,20330,6936.666666666667,0.6372007170891387,4,7738,0.20987899999999998,0.20412049506228244,277.3650246901522,0.09808241586114641,0,63.0
2038-01-19,35,66629,505,Employed,Bachelor,14,35841,36,Married,0,Own,355,0.30539669601204555,2,2,0.18771229493610056,0,Other,0,28,29,4147,1728,89760,100659,5552.416666666667,0.8691079955180048,5,7692,0.26834099999999994,0.2342743205630933,1395.3923860365699,0.3152487450275231,0,50.0
2038-01-20,35,104688,541,Employed,High School,13,12126,120,Divorced,2,Other,342,0.5936175744511152,2,1,0.10022596041050438,0,Debt Consolidation,0,16,15,9076,226,53808,20036,8724.0,0.8464902634822022,11,33772,0.296626,0.28825229601623903,309.19172764384433,0.07464371018384278,0,50.0
2038-01-21,44,97270,600,Employed,Associate,23,11806,96,Married,2,Own,601,0.2961352208431922,5,0,0.6254992261137988,0,Debt Consolidation,0,17,6,3640,489,9090,15527,8105.833333333333,0.7397740507913254,6,3483,0.24680600000000003,0.2075578723763033,252.96622039427282,0.10535205762034824,1,44.800000000000004
2038-01-22,24,19682,497,Employed,High School,5,28461,48,Married,1,Mortgage,264,0.09536465484864251,4,2,0.3876825254924562,0,Auto,0,25,15,2284,1463,69821,20981,1640.1666666666667,0.7533272425055011,4,48840,0.27496099999999996,0.24999270811102528,943.6734511399987,0.7363114222985461,0,55.0
2038-01-23,43,29680,574,Employed,High School,19,25960,48,Single,1,Mortgage,373,0.023551810533289346,5,2,0.4078981911139405,0,Debt Consolidation,0,27,5,579,1126,69510,32800,2473.3333333333335,0.7446869262738648,5,36710,0.23396000000000003,0.2160372266960815,812.3230497046508,0.4792411252175137,0,59.0
2038-01-24,40,36320,610,Self-Employed,Bachelor,17,32873,36,Married,0,Rent,1273,0.41234190884604693,3,0,0.6032705928153816,0,Home,0,18,18,11706,901,28342,16228,3026.6666666666665,0.9220665075659817,4,12114,0.212873,0.20113234587520376,1223.5759441765624,0.824859893450406,0,60.0
2038-01-25,44,60195,500,Self-Employed,Bachelor,23,26803,36,Single,2,Other,786,0.21825968177454447,2,0,0.16317178729844384,0,Auto,0,31,25,4862,176,145354,8114,5016.25,0.6806261760740309,3,137240,0.261803,0.2668476265748558,1089.7103298737104,0.37392680386218996,0,49.0
2038-01-26,45,83389,590,Employed,Bachelor,24,24176,120,Divorced,0,Other,363,0.08833694287382361,4,1,0.32812279204977757,0,Education,0,16,2,2316,4913,15423,14655,6949.083333333333,0.6712827912589734,10,9305,0.284176,0.2817529615609746,604.984906876632,0.13929677634363746,0,56.0
2038-01-27,57,132813,632,Employed,High School,32,18757,72,Married,3,Own,282,0.06578102749419988,2,2,0.45308058273343227,0,Other,0,25,21,11585,742,33024,4936,11067.75,0.8932947562803867,3,28088,0.217757,0.19143831717122467,440.02319652827623,0.06523667380707698,1,40.0
2038-01-28,18,52216,563,Employed,High School,0,19295,72,Married,1,Own,649,0.18780226627997765,4,0,0.5065803960572415,0,Debt Consolidation,0,22,3,9953,12604,63431,20622,4351.333333333333,0.5019750499795406,10,42809,0.252795,0.2986048955885815,578.739715651492,0.28215253155771997,0,60.0
2038-01-29,38,47662,462,Employed,High School,17,40439,60,Married,2,Rent,659,0.2920905522470753,3,1,0.4832306390235008,0,Home,0,26,7,29946,1446,31392,7329,3971.8333333333335,0.5198537665421037,8,24063,0.31443899999999997,0.3194895582411636,1357.1596524994045,0.5076143642732754,0,58.0
2038-01-30,26,44353,514,Employed,Bachelor,1,17377,36,Married,0,Mortgage,313,0.15181327531890337,2,0,0.049081097912949984,0,Debt Consolidation,0,26,24,1335,909,40755,9850,3696.0833333333335,0.645573443180841,2,30905,0.245377,0.21644571611561067,660.4445921895652,0.263371927632286,1,40.0
2038-01-31,22,80058,485,Employed,Associate,0,72247,60,Married,1,Own,359,0.24015299225227538,2,0,0.08881665051545447,0,Other,0,18,15,3220,636,62032,17233,6671.5,0.6884987260485352,5,44799,0.33474699999999996,0.29035329535819443,2294.809070839668,0.39778296797416896,0,49.0
2038-02-01,40,39347,572,Self-Employed,Associate,21,16563,12,Married,0,Mortgage,181,0.3601070095520788,3,4,0.4706108315697538,0,Debt Consolidation,0,22,16,3169,111,49335,13893,3278.9166666666665,0.8312134781527942,4,35442,0.19556300000000001,0.1887541091989643,1525.4047252984958,0.5204172288505338,0,60.0
2038-02-02,41,47948,531,Employed,Bachelor,20,53144,36,Married,0,Own,362,0.06107281451184593,1,0,0.32232628307706906,0,Education,0,22,11,6949,2141,20904,34764,3995.6666666666665,0.6000772364292951,2,1917,0.272644,0.24296134112960954,2093.2628619091365,0.6144814036645875,0,54.0
2038-02-03,37,43079,594,Employed,Associate,16,34875,48,Married,0,Own,322,0.2652112349100827,2,0,0.46949984391133137,0,Auto,0,29,15,16460,443,23488,1609,3589.9166666666665,0.9271385604230393,1,21879,0.23287500000000003,0.27945000000000003,1214.3713047541457,0.42796851498525385,0,57.0
2038-02-04,34,36189,606,Employed,Bachelor,11,34219,36,Married,0,Rent,309,0.0521782474796818,5,0,0.1003997725902324,0,Home,0,27,27,2522,610,167124,68741,3015.75,0.9127596118192841,5,98383,0.216219,0.2268005911982091,1318.908569823035,0.5398022282427373,0,45.0
2038-02-05,58,132878,664,Unemployed,Bachelor,38,28880,60,Divorced,4,Own,404,0.23434950295404422,3,1,0.3798791122934474,0,Other,0,33,25,4343,760,35487,24351,11073.166666666666,0.9511562690562363,7,11136,0.20188,0.18902157715742293,747.6091738047637,0.10399998559322962,1,39.2
2038-02-06,40,71536,627,Unemployed,Master,17,13485,36,Divorced,0,Rent,316,0.3244981235195299,5,1,0.20950488275219128,0,Home,1,25,19,1970,6193,91063,42163,5961.333333333333,0.9112320867598492,2,48900,0.184985,0.1697180019794152,480.5877955393098,0.13362577648277396,1,46.400000000000006
2038-02-07,33,173734,586,Employed,High School,12,28677,72,Single,1,Other,623,0.4304266577104164,2,0,0.4490702992467879,0,Auto,0,20,29,1695,1086,56179,147591,14477.833333333334,0.8133200769902531,5,7943,0.25067700000000004,0.2918287806347717,847.6741278361987,0.10158109255548357,1,44.0
2038-02-08,36,20078,623,Employed,Master,13,21251,48,Single,1,Rent,789,0.5386307047544349,4,0,0.5658338393555805,0,Debt Consolidation,1,30,5,1271,1201,48271,37614,1673.1666666666667,0.7981941100493509,2,10657,0.20475100000000002,0.2239598103538727,674.1124571575973,0.8744570916371734,0,66.0
2038-02-09,39,100781,539,Employed,Doctorate,16,11851,36,Married,0,Mortgage,337,0.0978235196603235,1,2,0.27786188354357366,0,Other,0,21,12,5851,687,11128,73727,8398.416666666666,0.7309510959431024,5,3288,0.227351,0.247322037000477,469.5168155261016,0.09603200788157708,1,40.0
2038-02-10,32,20924,613,Employed,Doctorate,11,29275,72,Single,2,Mortgage,294,0.07113843815484933,5,1,0.3919674792782166,0,Debt Consolidation,0,25,2,785,10597,11522,28818,1743.6666666666667,0.8712315430428499,2,5970,0.237775,0.21925798348907202,734.2785363294221,0.5897219669256865,0,56.0
2038-02-11,69,45150,638,Employed,Associate,46,36438,96,Married,0,Mortgage,234,0.8475798354025569,5,2,0.45767912558315416,0,Other,0,27,21,6595,2392,168948,22096,3762.5,0.7304360611461862,4,146852,0.252438,0.23860807645720764,853.448012197591,0.28902272749437635,0,53.0
2038-02-12,45,20873,494,Employed,High School,21,20000,36,Married,1,Own,615,0.2686011900729865,4,3,0.11409552390460574,0,Debt Consolidation,0,20,7,1430,3146,20080,53505,1739.4166666666667,0.8044699969572362,5,10514,0.258,0.20640000000000003,749.8096523454651,0.784636412022497,0,53.0
2038-02-13,25,15000,568,Unemployed,Bachelor,1,8732,84,Married,2,Rent,248,0.6109691953194925,3,2,0.19188529674000446,0,Auto,0,28,4,2404,530,47948,113680,1250.0,0.835103170654154,4,4254,0.24973199999999998,0.23809858247682414,214.42059335505198,0.3699364746840416,0,60.0
2038-02-14,25,15000,583,Employed,High School,5,22365,120,Married,1,Own,1080,0.17599606448746158,1,2,0.28333617973761815,0,Education,0,26,12,2424,697,195822,7923,1250.0,0.9362288593734408,3,187899,0.28586500000000004,0.263221298865272,529.7796791690155,1.2878237433352124,0,49.0
2038-02-15,54,97217,659,Employed,Master,30,9869,72,Married,1,Own,428,0.22814397583296187,1,1,0.15070267067382667,0,Debt Consolidation,0,24,2,1688,381,27627,3036,8101.416666666667,0.9138561589476071,6,24591,0.195369,0.21019288648517756,242.25743977326192,0.08273336224404315,1,37.6
2038-02-16,53,52133,596,Employed,Master,31,37775,12,Married,0,Other,429,0.15515420529662133,2,0,0.26144370800826555,0,Auto,0,24,23,4928,1017,66223,24852,4344.416666666667,0.6582810248290679,2,41371,0.204775,0.18249497342657733,3467.698683429709,0.8969440508153473,0,51.0
2038-02-17,32,25148,582,Unemployed,Associate,9,28854,48,Widowed,0,Mortgage,880,0.1989569158607258,0,0,0.5695691058532967,0,Education,0,21,8,4332,780,24012,111831,2095.6666666666665,0.9222200596488045,4,9979,0.232854,0.2236086571792488,914.7386250328965,0.8564046246379338,0,63.0
2038-02-18,37,45939,521,Employed,Associate,13,14556,24,Married,2,Mortgage,1407,0.14967215193082045,3,0,0.15877132978185257,0,Home,0,27,29,6766,573,54249,4807,3828.25,0.9566222065573237,4,49442,0.229056,0.21735344620439004,753.2373806137563,0.5642884818425536,0,50.0
2038-02-19,52,300000,626,Employed,Associate,28,10140,72,Married,0,Mortgage,82,0.17643871299600208,3,1,0.4012922504953874,0,Home,0,24,3,7736,1327,209506,135915,25000.0,0.8791726041832872,10,73591,0.21214000000000002,0.17804890182488556,230.15398463355928,0.012486159385342371,1,40.800000000000004
2038-02-20,45,145938,575,Employed,Bachelor,22,17199,12,Widowed,4,Rent,298,0.4491354108827001,0,4,0.2941141120277804,0,Debt Consolidation,0,22,3,3474,803,29228,45778,12161.5,0.8920268543336832,5,3171,0.194699,0.19873305407552147,1592.178176891304,0.1554231120249397,1,43.2
2038-02-21,55,112753,585,Employed,High School,35,68773,24,Married,0,Mortgage,133,0.22569191855647758,3,2,0.3351790671204787,0,Home,0,21,22,10095,1143,11238,2287,9396.083333333334,0.5750992287528703,3,8951,0.251273,0.21771587107169046,3560.063701461574,0.39304288504553214,0,53.0
2038-02-22,18,67446,460,Employed,Bachelor,0,27786,60,Single,3,Mortgage,427,0.18980788145323452,4,0,0.5089034264884665,0,Other,0,17,1,2053,927,46145,85242,5620.5,0.9087448479746516,10,5486,0.302786,0.3178819135739012,929.7283893984111,0.2413892695308978,0,61.0
2038-02-23,31,27723,597,Employed,High School,7,11840,60,Single,0,Rent,500,0.5117119238318495,1,1,0.602257566516795,0,Debt Consolidation,0,14,12,4097,511,35647,15765,2310.25,0.9162726304775295,4,19882,0.21833999999999998,0.19269997598654875,308.89779053409995,0.35013431037078235,0,61.0
2038-02-24,36,21069,423,Employed,Associate,13,15723,60,Divorced,5,Rent,382,0.03557192997006062,5,1,0.4468143227076706,0,Auto,0,27,13,1701,1499,10057,44332,1755.75,0.9085710551907002,4,9036,0.30922299999999997,0.29019381562168367,499.26296327610163,0.5019296387732317,0,57.0
2038-02-25,22,15000,553,Employed,Bachelor,0,48817,36,Single,0,Other,539,0.6985824972845825,4,3,0.2452377059179296,0,Debt Consolidation,0,18,23,4703,505,35519,12616,1250.0,0.8502042452812374,8,22903,0.257317,0.2396202446877504,1914.2569253805011,1.9626055403044012,0,56.0
2038-02-26,48,26667,647,Employed,Associate,27,19064,48,Married,1,Mortgage,572,0.3837372355482506,3,2,0.044286201118221596,0,Other,0,22,20,1887,352,3589,33172,2222.25,0.9482925214232514,3,8596,0.190564,0.1696292591536133,549.7269311839467,0.5047708093976586,0,49.0
2038-02-27,55,94555,656,Employed,Bachelor,33,22748,36,Divorced,2,Mortgage,415,0.08383189801714185,1,1,0.061835108549989394,0,Debt Consolidation,0,28,27,5637,381,59636,32219,7879.583333333333,0.6028817182778228,8,27417,0.179748,0.1646282180287078,804.9597327549635,0.15482541159176738,1,33.6
2038-02-28,34,59523,488,Employed,Associate,14,32986,36,Married,4,Rent,369,0.08290135433845452,7,1,0.2509056638133954,0,Debt Consolidation,0,25,14,596,890,22396,31414,4960.25,0.6467107975628344,6,8588,0.27398599999999995,0.2608542410303801,1330.5279033566328,0.34262948507769425,0,51.0
2038-03-01,46,35449,489,Employed,High School,21,32591,36,Married,3,Mortgage,288,0.21940926153835963,2,1,0.3213739142543041,1,Other,0,23,25,6643,2559,27272,52234,2954.0833333333335,0.6902675284447113,7,9770,0.273091,0.28675610923725187,1360.0043495033337,0.5578733446370844,0,67.0
2038-03-02,30,49291,547,Unemployed,Bachelor,9,11915,48,Married,3,Mortgage,991,0.05068026708253332,1,1,0.17413531549010333,0,Auto,0,30,12,3543,2574,48309,10433,4107.583333333333,0.9331376042666956,6,37876,0.233415,0.23049570351635965,382.2169543359708,0.33431262202088924,0,53.0
2038-03-03,23,56333,521,Self-Employed,High School,0,10025,36,Single,3,Rent,148,0.37839517327183186,3,2,0.4228177488614318,0,Home,0,25,23,3196,2034,41510,7619,4694.416666666667,0.8963794851377331,4,33891,0.234525,0.23172758778664868,388.968211402422,0.11438443783979307,0,59.0
2038-03-04,41,15000,604,Employed,Master,20,22321,48,Divorced,5,Rent,388,0.30705418693342673,1,2,0.047070173251710486,0,Auto,0,22,15,3233,331,38256,12783,1250.0,0.8344865620743834,1,25473,0.215321,0.2128858918917313,694.6546738462391,0.8661237390769913,0,49.0
2038-03-05,62,54512,573,Employed,Associate,40,31059,48,Divorced,2,Rent,174,0.14501933588933208,3,1,0.21952098420579716,0,Auto,0,20,26,4013,3202,38715,81451,4542.666666666667,0.6822932159210433,7,4402,0.23955900000000002,0.2490717226708004,1028.2198504795283,0.26465068619302795,0,51.0
2038-03-06,46,21355,585,Employed,High School,25,18409,24,Married,1,Rent,579,0.15835277395835604,3,0,0.4327785234110626,0,Auto,0,27,6,3712,775,56483,47664,1779.5833333333333,0.6805544279615788,2,8819,0.200909,0.22154568969828917,956.4307013430454,0.862803484716298,0,59.0
2038-03-07,34,19221,516,Employed,Master,8,14904,24,Divorced,1,Other,414,0.5821181310040804,3,2,0.503668281364063,0,Debt Consolidation,0,19,19,1452,521,32053,14320,1601.75,0.9088178448997893,7,17733,0.231904,0.20774385745040533,764.2011388459218,0.7355711807997015,0,61.0
2038-03-08,47,45340,502,Employed,High School,23,21762,36,Married,0,Mortgage,568,0.4840788151792368,2,1,0.2798062346419113,0,Auto,0,19,25,5133,453,82025,11333,3778.3333333333335,0.5052713377810474,4,70692,0.255762,0.22957962038839794,841.9242225232035,0.3731603588504288,0,52.0
2038-03-09,62,88382,683,Employed,Doctorate,41,65393,48,Divorced,3,Rent,201,0.4761242185466755,4,1,0.11309219266789598,0,Auto,1,21,22,6906,10587,52078,14643,7365.166666666667,0.922174155702127,4,37435,0.21889300000000003,0.24008551921620722,2132.241009060548,0.3167940543179219,0,50.0
2038-03-10,62,39510,584,Employed,Master,40,27310,36,Single,2,Rent,1066,0.5298754927890892,3,1,0.46671782065354694,0,Debt Consolidation,0,18,10,4683,2656,33704,16875,3292.5,0.5888377062980134,5,16829,0.22031,0.19911395956276237,1013.7049411199391,0.6316491848503991,0,58.0
2038-03-11,33,73385,576,Employed,Bachelor,7,24490,36,Single,0,Mortgage,169,0.2383690460439704,5,0,0.3606689181132981,0,Auto,0,28,10,3295,1160,58120,68631,6115.416666666667,0.92407354986939,8,10477,0.22149000000000002,0.19509778795966184,904.0305705981258,0.17546319884414405,1,43.2
2038-03-12,22,65218,487,Employed,Associate,0,18340,36,Divorced,1,Mortgage,329,0.1422594099589209,4,2,0.25177082479051993,1,Other,1,28,12,5685,710,541809,20147,5434.833333333333,0.8093457061248022,3,521662,0.25983999999999996,0.24341037624017092,722.8186406981229,0.1935328235821012,0,61.0
2038-03-13,38,78111,622,Employed,Master,17,19786,96,Single,5,Mortgage,401,0.2696943513986723,2,2,0.23859681563721058,0,Home,0,19,24,817,1604,166899,18563,6509.25,0.4657868020763044,5,148336,0.243786,0.25016180012808337,478.4927197360901,0.13511429423298998,1,36.0
2038-03-14,33,84838,575,Employed,Master,10,12809,36,Married,0,Own,235,0.2715653282909741,4,0,0.12031675872582723,0,Auto,0,24,16,2993,2854,105586,17395,7069.833333333333,0.8472672165026512,8,88191,0.210309,0.23698598575873012,500.5087891865756,0.10403481305828646,1,37.6
2038-03-15,67,116265,620,Employed,Bachelor,44,11704,36,Married,2,Own,510,0.06894718932244094,6,0,0.2622629636254269,0,Debt Consolidation,1,25,19,2451,668,28206,14127,9688.75,0.49481047995302746,5,14079,0.186704,0.19342822482219135,431.05342012744575,0.09712846550147808,1,42.400000000000006
2038-03-16,35,66206,586,Employed,Associate,11,23646,36,Widowed,2,Own,320,0.42903874978484813,5,0,0.48146521072884424,0,Home,0,21,1,6019,256,88698,18248,5517.166666666667,0.837535421472977,5,70450,0.215646,0.21665917098638124,898.9698147619195,0.22094127083864049,0,59.0
2038-03-17,48,95739,568,Employed,High School,28,44667,48,Married,1,Other,610,0.2941244370426853,2,2,0.4874769070256809,0,Home,0,28,25,21624,1153,22777,88734,7978.25,0.9326958181119016,5,3115,0.255667,0.22894823437570852,1429.0703837321894,0.2555786524278118,0,55.0
2038-03-18,48,15000,600,Employed,Associate,25,18278,60,Single,0,Rent,127,0.39939475696753024,5,0,0.06023084412590944,0,Other,0,23,20,7587,223,222203,73028,1250.0,0.8498129356242176,11,149175,0.22327799999999998,0.19227897635179178,476.4363657125728,0.4827490925700582,0,45.0
2038-03-19,24,113480,461,Employed,High School,6,36586,48,Single,0,Mortgage,290,0.25924050741021654,4,0,0.36021617349459895,0,Home,0,28,25,1400,847,42039,9364,9456.666666666666,0.9193846278190215,5,32675,0.30108599999999996,0.27890712907778764,1272.8137898998352,0.16526053470918245,1,42.400000000000006
2038-03-20,48,102320,658,Employed,Bachelor,24,22061,60,Single,5,Rent,222,0.08296324139176081,1,1,0.2393037234941358,0,Auto,0,31,21,6724,1829,82000,16623,8526.666666666666,0.6136125638152439,4,65377,0.198061,0.1695923445166783,547.7892254176917,0.09028020626478012,1,33.6
2038-03-21,23,40703,438,Employed,Bachelor,3,28633,72,Married,1,Rent,257,0.2301242818242113,4,2,0.034074644158098764,0,Home,0,25,29,1710,324,141523,9288,3391.9166666666665,0.8305728194069598,12,132235,0.324633,0.27679447020412573,819.0277223624698,0.3172329476537267,0,47.0
2038-03-22,44,50728,545,Self-Employed,High School,18,38786,108,Divorced,1,Other,522,0.5675761786624657,4,0,0.22473120562882418,0,Debt Consolidation,1,24,15,1003,353,89224,88383,4227.333333333333,0.8120874651965967,5,3812,0.31128599999999995,0.3084031097905235,1065.5763399810119,0.3755503090950194,0,62.0
2038-03-23,43,30134,582,Unemployed,Associate,20,23150,12,Married,0,Mortgage,210,0.08575785536791312,2,0,0.514373296161093,0,Debt Consolidation,0,26,23,1378,2606,73401,18874,2511.1666666666665,0.8974917289106839,6,54527,0.19715000000000002,0.18121090028003153,2123.7261607277305,0.9293394149045188,0,59.0
2038-03-24,48,40541,571,Employed,Master,26,29204,48,Divorced,2,Other,138,0.10802789602011473,5,0,0.21037156265545853,0,Education,0,21,6,3551,492,23815,8491,2118.25,0.9187695041955587,4,15324,0.23870400000000003,0.2763172463620335,1011.6774076188724,0.542748687652011,0,54.0
2038-03-25,43,66395,623,Employed,Master,23,13654,48,Single,2,Rent,202,0.1622873873713787,7,1,0.1784128645343538,0,Home,0,19,10,6043,505,13742,5856,5532.916666666667,0.8437282737080041,5,7886,0.19715400000000002,0.17485940781230383,397.42785057735256,0.1083384924607008,1,36.800000000000004
2038-03-26,36,66278,524,Employed,Associate,13,29799,72,Single,3,Rent,542,0.4475889764299477,2,1,0.2068005689985555,0,Other,0,16,10,4917,5987,34127,15808,5523.166666666667,0.9226999513306137,2,18319,0.282799,0.2486828096792823,800.29410645718,0.2430298029132768,0,53.0
2038-03-27,37,46075,583,Employed,High School,14,16814,60,Divorced,1,Mortgage,317,0.10914138246534158,1,0,0.24904567437663475,0,Education,0,20,25,1847,836,248919,108041,3839.5833333333335,0.6869528448729371,6,140878,0.23031400000000002,0.18920773603880414,435.4317745107215,0.19596703839671528,1,38.400000000000006
2038-03-28,48,63668,672,Employed,Master,24,33693,36,Divorced,1,Other,478,0.3002999902417957,2,3,0.4266504453655017,0,Auto,0,18,26,4323,1057,22677,18874,5305.666666666667,0.6529887079103384,6,3803,0.182693,0.18796591241066876,1231.5889452824085,0.32221944058850444,0,50.0
2038-03-29,58,61559,541,Employed,Bachelor,33,18302,96,Single,0,Own,926,0.5894157488099188,4,2,0.18792256060226523,0,Debt Consolidation,0,25,6,1431,3651,107346,78326,5129.916666666667,0.8007350570485433,7,29020,0.282802,0.298756743427455,503.1212860640337,0.27858567281418484,0,53.0
2038-03-30,41,22974,519,Employed,Associate,19,28746,48,Married,1,Mortgage,548,0.18882713860710662,2,1,0.2680624496975558,0,Debt Consolidation,1,17,13,2046,766,31379,125746,1914.5,0.8431548482911073,4,4428,0.264246,0.283377486809042,1007.4230561536034,0.8124434871525742,0,59.0
2038-03-31,34,45290,588,Employed,Associate,11,20384,24,Single,2,Other,330,0.33673233850680584,5,2,0.4537323660089287,0,Debt Consolidation,0,21,7,3496,2697,106353,12130,3774.1666666666665,0.6633459748112741,6,94223,0.20138399999999998,0.16372322423366772,1001.6941400996458,0.3528445502582413,0,56.0
2038-04-01,49,40952,586,Employed,Bachelor,25,10090,60,Married,2,Rent,251,0.13369702930163072,5,1,0.16159523974084175,0,Education,0,22,28,1743,677,16154,10631,3412.6666666666665,0.8077948644520243,1,5523,0.22209,0.22392350003154649,280.93033140424694,0.15586940752224468,0,50.0
2038-04-02,44,62700,616,Employed,Bachelor,19,33767,48,Married,0,Own,216,0.13760445368119925,2,1,0.4650197658936888,0,Debt Consolidation,0,23,17,2688,868,95289,56967,5225.0,0.877579378714555,1,38322,0.22076700000000002,0.2174595838082312,1059.2141197798564,0.24406011861815435,0,52.0
2038-04-03,61,68928,537,Unemployed,Bachelor,39,34682,96,Single,0,Other,434,0.39886192652936153,3,3,0.2677348979474044,0,Debt Consolidation,0,27,14,2638,240,282104,33185,5744.0,0.7394394969791347,6,248919,0.301182,0.3246308678260495,1016.6281626372544,0.25254668569590083,0,51.0
2038-04-04,21,66546,483,Employed,Bachelor,1,9524,36,Single,5,Rent,500,0.06268593642902055,3,1,0.2041615343542492,0,Other,0,14,2,1380,205,18701,21614,5545.5,0.8125284252973075,10,3021,0.253024,0.23693066430282364,372.1205516987618,0.1572663514018144,0,55.0
2038-04-05,27,20912,543,Employed,Bachelor,7,48064,24,Divorced,2,Mortgage,482,0.6407196066088944,4,1,0.36327138647951296,0,Home,0,28,5,14275,913,41489,8701,1742.6666666666667,0.8409072932344719,7,32788,0.251564,0.28591772579961267,2652.676253860101,1.7987813239442048,0,60.0
2038-04-06,33,51755,583,Employed,Master,12,39062,60,Married,3,Own,759,0.4426372069435655,2,1,0.5641958961650428,0,Education,0,23,8,15337,517,46345,36396,4312.916666666667,0.8199244191878837,2,9949,0.252562,0.3030744,1271.1748049913206,0.47071969200842134,0,60.0
2038-04-07,41,22212,629,Employed,Associate,19,14769,36,Married,1,Own,1255,0.1436055644119128,0,0,0.2861076463141457,0,Home,0,26,11,6302,2603,39536,11630,1851.0,0.9646405397015059,5,27906,0.18526900000000002,0.1950568261792668,545.1562052443752,0.9725317154210562,0,50.0
2038-04-08,49,92499,610,Employed,Master,22,24589,60,Married,2,Mortgage,365,0.1552011330414767,2,0,0.15187904494995833,0,Education,0,25,27,2179,3394,49320,39753,7708.25,0.8393897567333491,7,9567,0.22458899999999998,0.2663007446106726,745.4060285787101,0.1440542313208199,1,36.0
2038-04-09,69,35515,562,Employed,Bachelor,47,40719,12,Married,3,Mortgage,501,0.2704927562047138,3,1,0.563077814033025,0,Home,0,26,28,2266,1149,67089,19131,2959.5833333333335,0.9522892465568976,7,47958,0.224719,0.17977520000000002,3732.6820113815597,1.43049934215342,0,59.0
2038-04-10,43,36237,449,Employed,Bachelor,20,9003,36,Single,0,Own,403,0.1281927432676105,2,2,0.32837679031148326,0,Debt Consolidation,0,29,13,3871,936,58354,23141,3019.75,0.8248978328786548,2,35213,0.26950300000000005,0.22059713219363994,344.10682811002147,0.24740684762315474,1,43.2
2038-04-11,29,28255,559,Employed,Bachelor,4,15723,60,Married,2,Mortgage,392,0.09201550424436446,2,2,0.19923915759861371,0,Home,0,23,28,2522,263,12177,7310,2354.5833333333335,0.7005518043747405,11,4867,0.24122299999999997,0.2874568785526058,496.64588998645814,0.377411101746151,0,51.0
2038-04-12,32,33425,624,Employed,Associate,13,27090,60,Married,0,Mortgage,288,0.2970738061521992,0,1,0.15638363142553932,1,Auto,1,21,25,5470,3397,67925,85059,2785.4166666666665,0.7881179416632339,6,10283,0.22009,0.21351471337519137,738.241678314068,0.36843381121223084,0,66.0
2038-04-13,36,63306,581,Self-Employed,Associate,15,22818,36,Married,0,Mortgage,204,0.13683207463776142,2,1,0.13957732970270637,0,Debt Consolidation,0,26,5,3224,492,15727,34993,5275.5,0.8567414775007672,6,9608,0.217318,0.19968134323453154,847.6282080255301,0.19934190276287178,0,54.0
2038-04-14,48,48811,678,Unemployed,Doctorate,28,12030,72,Married,3,Rent,224,0.3500750194579471,3,2,0.16736847832824758,0,Home,0,32,11,4251,367,508494,14644,4067.5833333333335,0.8510624890753596,6,493850,0.18803,0.20636715307612302,292.609646456662,0.1270065304435464,1,33.6
2038-04-15,41,77666,529,Employed,Associate,18,19505,48,Married,2,Other,724,0.16454876253796202,4,1,0.09117522297661311,0,Other,0,18,15,2043,804,467510,9788,6472.166666666667,0.7795914976694901,5,457722,0.250005,0.2116623594437181,605.7312290127342,0.20545379893586396,1,34.4
2038-04-16,38,83669,622,Employed,Associate,11,13990,24,Divorced,0,Rent,401,0.2533609689857775,1,1,0.08726742212522721,0,Education,0,18,14,2006,586,84714,3716,6972.416666666667,0.5829381553612561,6,80998,0.17799,0.17309527251752935,693.7797620373952,0.15701582598631206,1,35.2
2038-04-17,18,64631,616,Employed,Associate,0,21631,96,Single,3,Mortgage,349,0.2282800003327473,0,0,0.1227008366301845,0,Debt Consolidation,0,27,6,15109,432,114287,5347,5385.916666666667,0.8832400193140351,7,108940,0.24863100000000005,0.19981113550110313,452.9839453864259,0.14890389046490243,0,45.0
2038-04-18,32,100738,564,Unemployed,Associate,5,39906,60,Married,2,Rent,368,0.5206755849321271,4,0,0.325052395469444,0,Home,0,29,26,8073,6863,139688,65876,4553.666666666667,0.8543953762425418,10,73812,0.262906,0.26516021580299437,1207.0256275690042,0.34588074684920667,0,55.0
2038-04-19,30,21672,608,Employed,Bachelor,5,24132,24,Married,0,Other,500,0.23265204382761379,3,0,0.3758598987597722,0,Home,0,27,11,12431,3255,280902,22193,1806.0,0.9053160463651271,1,258709,0.195132,0.19038655317310055,1216.9140154706897,0.9506722123315003,0,47.0
2038-04-20,43,138406,570,Employed,High School,21,11310,60,Married,4,Mortgage,572,0.5116258468183792,4,0,0.2645154656714319,0,Debt Consolidation,0,22,2,3425,522,137961,27825,11533.833333333334,0.8255032097474806,5,110136,0.23131000000000002,0.21039706114474868,306.22617038108206,0.07614347676092788,1,40.800000000000004
2038-04-21,39,42767,490,Employed,Associate,15,64980,12,Divorced,3,Other,227,0.4170090781141543,2,2,0.2232436718033954,0,Auto,0,24,1,3033,1269,54652,8828,3563.9166666666665,0.6397267598949891,5,45824,0.28498,0.2525983564743,6184.168626625365,1.7989109247668618,0,58.0
2038-04-22,42,88931,607,Employed,Associate,19,24108,60,Married,0,Rent,195,0.24272031040819236,1,0,0.47634120820588455,0,Home,0,21,7,1053,3252,6619,41220,7410.916666666667,0.7421508193581945,5,5984,0.22560799999999998,0.2169875426356659,661.7141281715128,0.1156016410257183,0,53.0
2038-04-23,53,42653,619,Employed,Master,29,27760,24,Married,2,Other,981,0.7346714356852172,3,0,0.35457919691977985,0,Debt Consolidation,0,24,27,2529,3374,94557,11125,3554.4166666666665,0.9470324568585365,2,83432,0.19326000000000002,0.164535223509313,1365.2391399591702,0.6600911935739583,0,52.0
2038-04-24,45,18624,545,Employed,High School,21,16719,48,Divorced,0,Other,516,0.5391981302422032,4,5,0.34337257450190556,0,Auto,0,26,13,3602,1440,194370,48229,1552.0,0.7916936182112778,4,146141,0.23921900000000001,0.25119850773689556,555.4722099951557,0.6903815786051261,0,53.0
2038-04-25,30,36547,585,Employed,Associate,8,44210,12,Single,4,Rent,450,0.22616103380571417,2,0,0.12389257209421131,0,Auto,0,27,17,1408,1789,16228,36460,3045.5833333333335,0.6866149345732306,3,9262,0.21671,0.20752879390982895,4111.318333175935,1.4976829835037409,0,51.0
2038-04-26,44,98581,603,Employed,Master,24,9345,60,Married,2,Mortgage,757,0.22034764436070323,0,1,0.1996317033323989,0,Education,0,21,9,3899,2270,59222,37657,8215.083333333334,0.692482277395093,5,21565,0.212845,0.170276,232.3860264851726,0.12043530008644739,1,37.6
2038-04-27,34,35966,580,Employed,Associate,15,33382,96,Single,0,Own,357,0.11829892272273003,4,1,0.48013365546080217,0,Other,0,23,27,648,1243,86487,2716,2997.1666666666665,0.7741018771461032,6,83771,0.278382,0.2565963182383566,821.5901660710842,0.39323477709094734,0,54.0
2038-04-28,40,44128,633,Self-Employed,Associate,20,32612,48,Married,0,Mortgage,736,0.12264161295208693,1,0,0.34291202529729037,0,Home,0,20,23,3115,1265,105091,40835,3677.3333333333335,0.6249916811132781,5,64256,0.21111200000000002,0.1855869509436702,967.5245582293178,0.46324997051196093,0,52.0
2038-04-29,62,15000,607,Employed,High School,42,10734,60,Married,2,Rent,466,0.3634880323442636,2,1,0.06343950867211624,0,Debt Consolidation,0,21,27,2395,964,87928,99114,1250.0,0.75976240792316,5,9758,0.21223399999999998,0.25006258124550884,315.09648847087584,0.6248771907767007,0,49.0
2038-04-30,40,82911,602,Employed,Bachelor,21,13652,120,Divorced,0,Mortgage,175,0.3116039644623314,4,2,0.4732123984538479,0,Auto,0,25,17,5449,798,15898,16163,6909.25,0.6333288523538216,7,3819,0.267652,0.24936438300282307,309.961802604632,0.07019022362841582,1,41.6
2038-05-01,30,37024,600,Employed,High School,2,27622,60,Married,0,Own,602,0.23733946899082728,2,0,0.15528048973952624,0,Debt Consolidation,0,29,22,2334,1877,113070,36984,3085.3333333333335,0.7470323174771812,4,76086,0.232622,0.24155154691025965,797.1182750605285,0.4534739439478809,0,46.0
2038-05-02,27,33316,586,Employed,Bachelor,3,62442,72,Single,0,Other,644,0.22926046644037582,4,0,0.6605954061894921,0,Other,0,22,14,1390,802,3699,6066,2776.3333333333335,0.8097299662104958,5,3168,0.284442,0.2903320358321019,1839.770950250861,0.8946227459181874,0,59.0
2038-05-03,42,61136,602,Employed,Associate,16,10536,24,Married,1,Mortgage,873,0.14621809815985354,1,0,0.10732909797597188,0,Debt Consolidation,0,26,1,20620,1881,182505,32405,5094.666666666667,0.8325299237496807,6,150100,0.18453599999999998,0.17327246771793467,522.5819000566819,0.2739299725314084,1,36.800000000000004
2038-05-04,39,38156,595,Employed,High School,14,28764,36,Divorced,2,Mortgage,466,0.3338546494155851,4,1,0.549028267004739,0,Auto,0,29,18,1344,626,7589,8684,3179.6666666666665,0.8661212202915207,7,4952,0.216264,0.21986860130868152,1098.3146771524216,0.49197442409657877,0,59.0
2038-05-05,43,25598,647,Employed,Bachelor,22,21294,120,Married,1,Mortgage,619,0.45573132348717516,1,1,0.26227516441694365,0,Auto,0,32,17,3537,309,55646,49434,2133.1666666666665,0.8565925310661036,8,6212,0.252794,0.2584316597583262,497.138133661072,0.5232306275464046,0,52.0
2038-05-06,31,28192,590,Employed,High School,11,14932,48,Married,2,Own,378,0.2574110246691654,5,1,0.1326291672297697,0,Home,0,34,29,842,101,15437,19303,2349.3333333333335,0.8960509200262053,7,8168,0.214932,0.22389588155271378,473.6126259241835,0.36249118583605994,0,52.0
2038-05-07,47,25663,627,Employed,Associate,25,22704,36,Single,0,Mortgage,338,0.24537570167924397,4,1,0.25300105261851735,0,Debt Consolidation,0,28,4,10255,975,45446,75783,2138.5833333333335,0.9042966290693366,4,1636,0.19420400000000002,0.19400738603785056,836.8455622612332,0.5493569242541713,0,54.0
2038-05-08,30,64099,608,Employed,Master,7,24868,48,Married,2,Mortgage,289,0.13694950840091502,1,0,0.538579049937362,0,Debt Consolidation,0,21,1,23727,718,82291,14223,5341.583333333333,0.8331648821696643,4,68068,0.215868,0.1985416524602406,754.8113538762591,0.1954123503723164,0,56.0
2038-05-09,21,76484,587,Employed,High School,0,24540,24,Single,0,Mortgage,348,0.27799983653609167,2,1,0.16158270396783964,0,Education,0,29,6,4286,2417,65393,170429,6373.666666666667,0.5755078906083867,5,5911,0.20604,0.18430127826928827,1230.2436416110354,0.24761941973919283,0,52.0
2038-05-10,53,35199,667,Employed,Bachelor,34,9648,72,Widowed,1,Own,631,0.0564227951165929,3,2,0.34507037548503067,0,Other,0,21,19,815,916,300313,17344,2933.25,0.8109527871929378,7,282969,0.19114799999999998,0.17160726795966724,215.49686362977766,0.28858667472250155,1,33.6
2038-05-11,69,67079,654,Employed,High School,47,39914,60,Single,3,Other,242,0.625374257897198,4,1,0.03405483162596862,0,Home,1,38,12,6013,958,9088,66604,5589.916666666667,0.9070190895788572,6,2139,0.217914,0.217064833030163,1095.730586386865,0.23931136475860373,0,52.0
2038-05-12,44,37015,613,Employed,Bachelor,23,38388,48,Married,0,Other,568,0.20746838934242504,10,1,0.2848781426533676,0,Debt Consolidation,0,18,16,8021,2021,55676,22225,3084.5833333333335,0.7469873071983696,7,33451,0.226888,0.2117870404935067,1192.403990093243,0.5707104655171934,0,50.0
2038-05-13,44,54767,598,Employed,Bachelor,21,35783,72,Single,0,Mortgage,183,0.3147616305804199,2,0,0.42228450142895935,0,Debt Consolidation,0,18,6,1358,320,65852,41642,4563.916666666667,0.5327795351930955,3,24210,0.251783,0.22891055664253918,918.1109991852128,0.24126448390860467,0,58.0
2038-05-14,49,24131,599,Employed,Bachelor,24,25377,96,Married,1,Own,148,0.5108609746420899,1,4,0.4966728491684835,0,Home,0,24,16,8306,4080,141997,26039,2010.9166666666667,0.7153540573337257,5,115958,0.260877,0.26094280843948303,631.9592367842793,0.38786253538648835,0,55.0
2038-05-15,43,38932,596,Employed,Master,18,60073,60,Married,1,Mortgage,434,0.2775190230363995,3,0,0.395058569928043,0,Debt Consolidation,0,24,29,3716,289,88491,24928,3244.3333333333335,0.9738583500803502,2,63563,0.267073,0.2884755839697089,1901.258015819698,0.7197959567922627,0,53.0
2038-05-16,23,29513,567,Unemployed,High School,0,16963,12,Married,1,Mortgage,399,0.2479055000409373,4,0,0.1437061618521611,0,Debt Consolidation,0,16,5,3212,746,44348,11485,2459.4166666666665,0.6762075420193078,2,32863,0.198463,0.20806212196064827,1577.9117100590051,0.803813252489007,0,57.0
2038-05-17,36,36654,599,Employed,Doctorate,17,6527,72,Single,3,Mortgage,899,0.061965447383835734,3,0,0.25494445524452025,0,Debt Consolidation,0,22,11,8480,11602,47263,31421,3054.5,0.9847331364192973,6,15842,0.222027,0.21849637147325301,163.41619401554172,0.3478200013146315,0,52.0
2038-05-18,69,36096,641,Employed,High School,47,60088,36,Single,1,Mortgage,228,0.21024325133189065,4,2,0.2965911777355559,0,Debt Consolidation,0,28,27,2126,657,7316,9766,3008.0,0.8896573784707086,7,6035,0.224588,0.21709471988735696,2285.766636999431,0.835693695810981,0,50.0
2038-05-19,41,63067,493,Employed,Bachelor,21,19888,36,Single,0,Mortgage,548,0.30005783362932453,6,2,0.8761049132489133,0,Debt Consolidation,0,26,3,530,4716,24988,8647,5255.583333333333,0.39563679611288805,4,16341,0.25838799999999995,0.26008745592591787,801.392517767524,0.2567540903041256,0,61.0
2038-05-20,31,134553,558,Employed,Bachelor,12,32466,48,Single,1,Rent,851,0.32139477531725597,2,2,0.13081876257865793,0,Other,0,22,11,5852,132,84461,10390,11212.75,0.71705290378586,4,74071,0.248466,0.2418346773431449,1061.746828226557,0.17058677204312564,1,36.800000000000004
2038-05-21,34,56022,607,Employed,Bachelor,14,13425,12,Married,0,Own,290,0.35482278508684245,3,1,0.6084811088553496,0,Home,0,30,21,4453,640,99883,7843,4668.5,0.7620223591085072,3,92040,0.174925,0.16556797253312405,1221.6018952340783,0.32378748960781367,1,42.400000000000006
2038-05-22,40,51273,609,Employed,Bachelor,20,18308,48,Married,3,Mortgage,130,0.431003041575354,5,0,0.48399407096682884,0,Auto,0,27,4,2307,5417,32263,36606,4272.75,0.8206196081864852,4,9196,0.208808,0.1670464,525.4846404784871,0.15341048282218409,1,45.6
2038-05-23,35,20186,578,Employed,Bachelor,13,35855,84,Married,3,Own,539,0.14732222376518703,0,1,0.4320911895205517,0,Home,0,32,4,3005,148,82102,10519,1682.1666666666667,0.7423636096789314,6,71583,0.271855,0.2658392262373247,944.172240125981,0.8817035015115313,0,58.0
2038-05-24,42,15170,559,Employed,Associate,19,18976,72,Married,4,Mortgage,108,0.11508752660656058,3,0,0.311829996869252,0,Auto,0,22,13,9058,4603,354606,20008,1264.1666666666667,0.7948004326049685,7,334598,0.254476,0.24095945588568163,500.68375718771887,0.48149011774901945,0,49.0
2038-05-25,23,25989,445,Employed,Bachelor,1,22994,48,Single,2,Rent,288,0.49815670291923525,3,0,0.33412288268071644,0,Home,0,34,1,1142,331,247919,17602,2165.75,0.8545522479030693,5,230317,0.295494,0.2538378087888465,767.3451605310269,0.4872885423206866,0,57.0
2038-05-26,62,70689,530,Employed,Bachelor,38,24019,72,Married,1,Other,432,0.22856666736773254,4,1,0.40904973104532966,0,Education,0,25,19,1239,954,70857,56096,5890.75,0.8508123486890538,6,14761,0.274019,0.2440441103577081,638.2537684985729,0.18168378703875954,1,44.800000000000004
2038-05-27,45,48674,612,Employed,Associate,23,26163,36,Married,4,Rent,125,0.04720954639200663,2,0,0.049799950901685236,0,Home,0,19,4,26021,2565,28586,41611,4056.1666666666665,0.5499198212114027,5,2809,0.20516299999999998,0.20896788163086574,984.3068776256482,0.27348651295368737,0,50.0
2038-05-28,30,54700,574,Employed,Associate,6,11979,60,Single,0,Own,430,0.022553803327162784,6,1,0.2096569406069325,0,Home,0,20,29,1307,312,23226,9935,4558.333333333333,0.8833930381286853,3,13291,0.229979,0.23600177066967343,341.83708801730654,0.1693244068776541,1,40.800000000000004
2038-05-29,37,58494,420,Employed,Associate,17,19407,24,Married,2,Rent,501,0.2127384404223933,2,0,0.1967507760867846,0,Debt Consolidation,0,20,4,2449,2437,205545,12104,4874.5,0.8670593141708388,6,193441,0.284407,0.298854662424055,1083.9562745095502,0.3251525847798852,0,49.0
2038-05-30,39,209957,527,Employed,Bachelor,18,45046,72,Single,1,Rent,438,0.3677901357832662,0,0,0.16301139192672234,0,Education,0,26,1,2788,1789,15496,20850,17496.416666666668,0.9425615822192522,4,4642,0.296546,0.28133383883902896,1301.4344719840751,0.09941661227684193,1,41.6
2038-05-31,52,18169,574,Employed,Bachelor,26,9737,48,Married,1,Rent,230,0.26172251211185127,5,3,0.11570705614237307,0,Home,0,25,13,6991,1160,365959,44878,1514.0833333333333,0.9016225345008902,4,321081,0.217737,0.21806386741386877,305.752122617051,0.3538458622601471,0,46.0
2038-06-01,29,15000,569,Employed,High School,9,49350,36,Married,2,Mortgage,724,0.2878065689251881,3,3,0.5250814075385172,0,Auto,0,21,9,6086,331,111857,20932,1250.0,0.7597658311396684,7,90925,0.24985000000000002,0.2594845485338178,1986.9873204352614,2.168789856348209,0,59.0
2038-06-02,42,55921,622,Self-Employed,Bachelor,18,15621,84,Divorced,2,Mortgage,336,0.498684179214676,2,0,0.6211109491726845,0,Other,0,25,11,8324,1886,67569,39716,4660.083333333333,0.7576481565956045,5,27853,0.22962100000000002,0.2231033253654331,368.93583020113766,0.15127107817123533,0,59.0
2038-06-03,47,42091,605,Self-Employed,Associate,29,13529,120,Married,0,Rent,325,0.1874352592856912,3,2,0.06396898858667159,0,Education,1,27,18,5879,194,27501,119508,3507.5833333333335,0.9337372566302041,7,7953,0.26602899999999996,0.2707003856732272,327.73170203712016,0.18609157360113662,0,56.0
2038-06-04,30,64967,530,Employed,Bachelor,9,17909,48,Married,0,Other,446,0.48582446816205255,2,0,0.21201842955945738,0,Other,1,22,19,4229,721,40114,3641,5413.916666666667,0.7819923754196528,4,36473,0.24790900000000002,0.2974908,642.2203588582279,0.20100426841779262,0,59.0
2038-06-05,21,31526,523,Employed,Associate,0,26386,60,Single,1,Mortgage,371,0.17852360619604704,3,2,0.29084864506127867,0,Auto,0,20,10,2095,115,109915,8594,2627.1666666666665,0.9280329033302928,5,101321,0.269886,0.2797794056853116,821.1986515463938,0.4537963528058341,0,48.0
2038-06-06,35,112389,601,Employed,Master,12,30072,72,Single,0,Own,632,0.24241109720253198,2,1,0.08160625622281405,0,Auto,0,19,15,1634,1937,943967,27916,9365.75,0.9024016240169607,4,916051,0.244572,0.19565760000000001,712.7600711168506,0.14358274255845507,1,30.400000000000002
2038-06-07,54,58453,586,Employed,Master,30,16256,24,Divorced,0,Rent,503,0.25182048115796163,2,2,0.468294422713041,0,Education,0,26,22,3107,2876,22828,22305,4871.083333333333,0.7083752143931674,3,10686,0.198256,0.18548643979067264,815.8820935024628,0.2707574482409723,1,44.800000000000004
2038-06-08,53,27282,608,Self-Employed,Associate,27,26467,84,Married,2,Mortgage,349,0.3254798530004551,3,1,0.013714832104105684,0,Education,0,23,17,21887,446,92349,9049,2273.5,0.7831845328495811,8,83300,0.247467,0.22384103313818288,626.3067702648202,0.42898912261483185,0,50.0
2038-06-09,34,94310,544,Employed,Master,9,45765,36,Divorced,3,Mortgage,464,0.5731145492968301,5,4,0.1748693167659536,0,Home,0,9,4,664,500,32290,13222,7859.166666666667,0.9211522384215365,8,19068,0.258765,0.23320284379527179,1779.1991669525084,0.28542455734736616,0,53.0
2038-06-10,40,79397,568,Employed,Associate,18,17322,36,Married,1,Own,882,0.16182043687543685,5,2,0.1025108051952475,0,Debt Consolidation,0,22,16,4511,1338,96463,48197,6616.416666666667,0.951602956837317,3,48266,0.218322,0.2013522546561325,644.9417147187974,0.23078076724089785,1,39.2
2038-06-11,78,51677,593,Employed,Bachelor,54,11971,24,Married,0,Other,403,0.10842879398601425,5,1,0.2221464051566455,0,Home,0,24,16,6318,907,13674,97009,4306.416666666667,0.8213217850432148,8,9364,0.190471,0.1577999951675886,584.8798053065589,0.22939717212064759,1,40.800000000000004
2038-06-12,19,107538,531,Employed,Bachelor,0,14622,72,Single,0,Rent,327,0.15766571306713634,2,1,0.11287943213347694,0,Education,0,25,21,2384,4381,67424,9247,8961.5,0.6617144288058477,6,58177,0.26412199999999997,0.3142366291325072,453.3973212949496,0.08708333663950785,0,46.0
2038-06-13,33,180265,508,Employed,High School,11,30600,84,Married,4,Other,424,0.33118974201936147,1,2,0.30417362100535533,0,Home,0,21,25,2238,1198,158686,16885,15022.083333333334,0.8822858587422078,6,141801,0.3016,0.2798065665942887,833.7861199324814,0.08372914009480363,1,38.400000000000006
2038-06-14,23,22790,470,Employed,High School,0,49664,24,Divorced,0,Mortgage,483,0.2783782327940789,3,0,0.10170311781515173,0,Auto,0,23,24,3661,3412,11010,159424,1899.1666666666667,0.7999392621958148,2,7762,0.28966400000000003,0.30381077891494296,2786.6056485009835,1.7216001659504958,0,52.0
2038-06-15,37,78284,541,Employed,Associate,15,11989,48,Single,2,Mortgage,1276,0.23264269650157826,2,1,0.37093508083938515,0,Home,0,23,24,6188,979,962602,10620,6523.666666666667,0.4688728061296866,1,951982,0.236489,0.2611087479447226,404.98501020173245,0.2576748776559806,1,36.800000000000004
2038-06-16,48,82745,608,Employed,High School,30,27188,36,Married,1,Own,635,0.22828895903615076,2,0,0.10790151827635355,0,Home,0,26,9,12611,1062,36249,11693,6895.416666666667,0.7320005881226282,7,24556,0.20818799999999998,0.17927871658872852,981.9278630058454,0.23449313379745174,0,47.0
2038-06-17,33,97653,558,Employed,Bachelor,12,8188,72,Married,0,Rent,483,0.3438746762578781,4,2,0.4844868549951414,0,Home,0,24,3,4412,307,35651,15958,8137.75,0.6794525480206985,7,19693,0.244188,0.23665694305714666,213.90544382376922,0.08563859098937289,1,46.400000000000006
2038-06-18,43,46142,635,Employed,Associate,19,36257,84,Single,5,Mortgage,728,0.18898457097568577,2,0,0.19031095924790184,0,Auto,0,36,22,8139,259,601129,65492,3845.1666666666665,0.8648375812737829,2,535637,0.243757,0.24162735831000257,898.4048295037544,0.42297381895117364,1,31.200000000000003
2038-06-19,27,28277,553,Employed,Master,8,26202,24,Single,1,Own,415,0.5199866581130385,5,1,0.6056509247284605,0,Other,1,30,13,825,4374,65580,42747,2356.4166666666665,0.8090663077189545,9,22833,0.22470199999999999,0.203105743384043,1337.5505835335878,0.7437354387807424,0,67.0
2038-06-20,61,49179,559,Employed,High School,37,43449,72,Single,3,Mortgage,355,0.4907324954156095,3,2,0.48509580969094035,0,Home,0,27,8,1438,928,65233,29330,4098.25,0.8543872532335671,4,35903,0.278949,0.29833689374175854,1302.472029442956,0.4044340949046437,0,59.0
2038-06-21,18,71301,499,Employed,High School,0,32268,72,Married,2,Other,264,0.3999530522090712,7,2,0.2201032703179662,0,Debt Consolidation,0,20,15,815,1787,338836,13797,5941.75,0.9223645622174172,5,325039,0.297768,0.35732159999999996,1093.0032561810483,0.22838444165120517,0,46.0
2038-06-22,42,148365,545,Employed,High School,19,16102,48,Divorced,1,Mortgage,235,0.6233889086053038,5,1,0.39806191511493744,0,Debt Consolidation,0,23,19,6513,493,34866,20287,12363.75,0.9056115226308917,4,14579,0.238602,0.23952704828619423,524.533834725472,0.06143231905574539,1,43.2
2038-06-23,50,54798,568,Employed,High School,29,36538,12,Married,2,Mortgage,284,0.11760966369196213,5,0,0.42856390285918444,0,Other,0,23,18,5547,2311,8441,16929,4566.5,0.8226757583063493,6,9749,0.217538,0.23068681597271684,3438.5718451277867,0.8151914694246768,0,55.0
2038-06-24,68,57354,681,Employed,Associate,44,20489,36,Married,4,Rent,278,0.10794014006813231,3,0,0.22587111270093965,0,Other,0,23,21,4273,822,181205,11827,4779.5,0.911419166272233,10,169378,0.164989,0.16177190195723795,722.1260940361926,0.209253288845317,1,32.800000000000004
2038-06-25,66,83673,634,Employed,Associate,41,8767,108,Single,0,Other,683,0.6536168258315715,7,1,0.005069869609990285,0,Auto,1,16,28,4077,459,36080,31092,6972.75,0.9130657136734629,5,4988,0.236767,0.21975784261724493,186.87641239096592,0.1247537072734525,0,54.0
2038-06-26,48,173711,618,Unemployed,Bachelor,28,20612,36,Married,2,Mortgage,536,0.4340635285156522,4,1,0.06162255670238139,0,Auto,0,21,18,1241,1203,61772,27027,14475.916666666666,0.8400292708991192,7,34745,0.196612,0.21515629040658305,782.0260653351387,0.09104957535229011,1,39.2
2038-06-27,46,135176,627,Employed,High School,22,18421,60,Married,0,Mortgage,411,0.19241459363706842,2,2,0.5260595337305926,0,Debt Consolidation,0,21,26,1586,2789,143047,16532,11264.666666666666,0.900093805250318,7,126515,0.20992100000000002,0.17490369043425028,462.68035050240877,0.07755936117379496,1,38.400000000000006
2038-06-28,40,25132,587,Employed,Associate,14,40960,24,Widowed,0,Other,339,0.6691859214485013,3,1,0.4715794566668959,0,Home,0,26,4,2953,841,71461,22238,2094.3333333333335,0.8684167934885408,7,49223,0.22246,0.22859628559118925,2142.357154354198,1.1847957127268174,0,63.0
2038-06-29,37,54255,556,Employed,High School,16,5732,96,Married,1,Own,488,0.5142659912983043,3,2,0.3438033037047798,0,Debt Consolidation,0,22,7,1692,1116,104926,6879,4521.25,0.5964623775917048,4,98047,0.26273199999999997,0.2688389252405508,145.79362298886787,0.1401810612084861,0,54.0
2038-06-30,46,90251,566,Employed,Master,24,24898,60,Single,4,Mortgage,366,0.24537650593937063,2,0,0.25159671935827493,1,Other,0,13,21,515,788,534407,41874,7520.916666666667,0.927057064349254,8,492533,0.246898,0.24357055947256778,721.4341897303474,0.1445879854712321,1,45.6
2038-07-01,40,41392,572,Employed,Associate,15,28632,36,Married,3,Rent,273,0.06840059327654376,1,1,0.4707541680006081,0,Home,0,28,15,31917,3152,35069,12117,3449.3333333333335,0.6949573040688458,3,22952,0.227632,0.22484606608891788,1100.6601896700897,0.3982393282769877,0,56.0
2038-07-02,23,73189,530,Employed,High School,0,19567,84,Single,5,Mortgage,485,0.29686769760297,2,1,0.2311422277983409,0,Home,0,29,13,1533,389,159506,32109,6099.083333333333,0.9358877664564297,5,127397,0.279567,0.2855713623320495,540.6213976679663,0.16815992528953255,0,48.0
2038-07-03,48,46620,516,Employed,Associate,23,9234,120,Married,2,Rent,511,0.24054695371172016,3,2,0.40625052165313186,0,Home,0,25,13,1784,2426,73632,16814,3885.0,0.939977070881618,4,56818,0.306234,0.31418160601750544,253.15115165528306,0.19669270312877296,0,55.0
2038-07-04,25,29830,604,Self-Employed,Bachelor,0,11646,48,Single,4,Rent,365,0.17186692291819117,6,3,0.03931801395102075,0,Home,0,23,18,876,4488,15161,14411,2485.8333333333335,0.6141867537524832,4,10255,0.204646,0.21618319441958392,364.5108413515591,0.2934673180093432,0,51.0
2038-07-05,26,25451,604,Employed,High School,3,27718,60,Married,1,Mortgage,346,0.35285929321112947,4,1,0.37140151556094,0,Other,1,31,3,7940,180,71103,28400,2120.9166666666665,0.838581847317852,8,42703,0.23071799999999998,0.20152851908497488,736.7168495068119,0.5104947622522393,0,62.0
2038-07-06,42,38771,585,Employed,Doctorate,18,28806,36,Married,1,Other,655,0.15282149494996974,3,0,0.34933578492235706,0,Debt Consolidation,0,27,25,2021,220,43995,25681,3230.9166666666665,0.965859150000421,9,18314,0.221306,0.25806682688107113,1157.6472258394563,0.5610318720196403,0,54.0
2038-07-07,18,115407,526,Employed,High School,0,10602,60,Single,3,Rent,584,0.07687915431328342,7,1,0.5946290498971375,0,Home,0,26,5,4303,855,47403,88470,9617.25,0.7641723978240841,4,4089,0.252602,0.2633477238570211,319.5334564548412,0.09394925331616015,0,58.0
2038-07-08,44,84288,667,Employed,Master,21,37606,60,Married,0,Mortgage,479,0.4717842594813501,3,1,0.6868656405876153,0,Auto,0,20,26,1989,455,107744,26839,7024.0,0.7026046751399024,7,80905,0.20910600000000001,0.1787621052275814,952.4146054147631,0.20378909530392414,1,40.0
2038-07-09,30,15000,551,Employed,High School,3,20025,84,Married,0,Mortgage,132,0.669960338384254,3,1,0.48870519675822655,0,Education,0,25,16,1373,396,187628,6030,1250.0,0.9099742148704257,7,181598,0.269525,0.21747097893255316,465.98206306176803,0.47838565044941445,0,56.0
2038-07-10,32,69687,560,Employed,Associate,11,19672,48,Married,1,Other,337,0.2913692331289657,1,1,0.25832719948964367,0,Education,0,24,21,22612,275,22887,7076,5807.25,0.6847187212197647,5,15811,0.234672,0.2548915091359836,657.6454323092372,0.17127649615725812,0,52.0
2038-07-11,34,43015,626,Employed,Associate,13,13058,48,Divorced,2,Rent,333,0.07985441836878533,5,0,0.5007243519542162,0,Debt Consolidation,0,29,19,3965,1382,118662,4700,3584.5833333333335,0.8329328948778343,5,113962,0.19505800000000004,0.1935492456752807,392.88557858490435,0.202502079344853,1,40.800000000000004
2038-07-12,57,84505,628,Employed,Master,36,19373,48,Single,2,Mortgage,837,0.3742563130249933,3,1,0.18241826430529365,0,Home,0,34,2,1713,2824,88358,13648,7042.083333333333,0.8541765758348627,4,74710,0.20037300000000002,0.1870443807922975,576.2378337821142,0.20068462227543188,1,38.400000000000006
2038-07-13,44,31112,613,Employed,High School,23,37214,108,Married,1,Mortgage,174,0.11841062191390397,0,3,0.1287000400209634,0,Education,0,19,20,6183,3262,9445,3613,2592.6666666666665,0.7871248269186668,2,5832,0.275714,0.3151829447824068,1040.7188966105616,0.46852104523420995,0,47.0
2038-07-14,53,66973,604,Unemployed,Bachelor,28,26302,36,Single,2,Rent,226,0.5039759735604075,2,1,0.42113377640614574,0,Auto,0,30,26,8980,2265,32916,10085,5581.083333333333,0.8581847770894551,6,22831,0.209302,0.19425588004909822,969.7955734503184,0.21425868456547895,1,45.6
2038-07-15,45,67266,613,Employed,Bachelor,23,15749,72,Married,2,Mortgage,407,0.046031362467768795,3,0,0.4397755326349059,0,Debt Consolidation,0,28,18,1536,1449,21846,6326,5605.5,0.815603459104009,3,15520,0.22424899999999998,0.22738019176766333,402.63980781229134,0.14443667965610407,1,41.6
2038-07-16,39,32693,441,Employed,High School,16,15796,48,Single,0,Mortgage,231,0.11662943055775647,4,1,0.3181244284657717,0,Home,0,27,16,2346,5277,51951,33661,2724.4166666666665,0.608029280883736,5,18290,0.29029599999999994,0.27607624987420926,546.9838071084159,0.2855597738139966,0,54.0
2038-07-17,51,22362,617,Employed,Bachelor,29,24985,24,Married,0,Mortgage,505,0.736698901714446,5,2,0.09219880923689354,0,Education,0,21,13,260,254,70105,3096,1863.5,0.8516967301815378,6,67009,0.19148500000000002,0.19005311130534533,1259.5237736120987,0.9468869190298357,0,49.0
2038-07-18,52,48622,619,Employed,Bachelor,26,15177,48,Divorced,0,Own,1384,0.6187651214548321,2,2,0.5145111416062108,0,Education,0,24,23,1613,862,19498,51562,4051.8333333333335,0.6836731520407204,6,10943,0.20067700000000002,0.21877071007209997,477.1554426389888,0.4593366235792001,0,58.0
2038-07-19,52,52547,552,Employed,Associate,31,23976,96,Married,2,Rent,219,0.20650738861904444,3,0,0.7012216347684096,0,Home,0,20,8,834,880,23224,30695,4378.916666666667,0.9711040299283952,4,10004,0.282976,0.23733617882694308,559.5689458033413,0.17779944334862305,0,59.0
2038-07-20,18,59598,603,Employed,Bachelor,0,32179,24,Widowed,2,Rent,670,0.25848335831569424,1,0,0.4077390374722006,0,Education,0,17,11,8389,2329,10718,33902,4966.5,0.7838556374556546,2,7455,0.20567899999999997,0.20686107794251352,1648.5818204361765,0.46684422036367196,0,53.0
2038-07-21,44,21075,575,Employed,Bachelor,19,39355,12,Married,4,Mortgage,383,0.21122726426323782,3,1,0.31624484826278904,0,Auto,0,26,20,3101,4528,429238,21309,1756.25,0.9287457889363439,5,407929,0.21685500000000002,0.18981423967954572,3626.4732418981503,2.2829740879135376,0,50.0
2038-07-22,40,35748,623,Self-Employed,Associate,16,14661,96,Married,2,Rent,219,0.47269163344597764,4,1,0.2590610458707588,0,Education,0,25,17,8147,2664,86182,18116,2979.0,0.9651486979273048,4,68066,0.238161,0.2133941253986247,319.55093089795724,0.18078245414500074,0,52.0
2038-07-23,42,15000,503,Employed,High School,20,14362,60,Widowed,3,Mortgage,280,0.27373999465775045,3,0,0.35480205072363763,0,Debt Consolidation,0,22,13,352,705,102196,33245,1250.0,0.7875217079741801,7,68951,0.267862,0.24731323385052423,419.28447285368196,0.5594275782829456,0,54.0
2038-07-24,63,105132,631,Self-Employed,High School,42,28145,72,Single,2,Rent,468,0.3648575209140741,1,1,0.49103785121603327,1,Auto,0,19,28,5229,1910,789710,28739,8761.0,0.7766654825527064,6,760971,0.22764500000000001,0.25019232685954684,758.4790393657998,0.13999304181780617,1,47.2
2038-07-25,31,20246,594,Employed,High School,10,10469,96,Single,3,Other,189,0.4052652749975158,4,1,0.5387100657996232,0,Auto,0,18,5,908,165,87572,9084,1687.1666666666667,0.9314404941627558,6,78488,0.248469,0.2630778129951257,262.20971829521216,0.2674363637035733,0,61.0
2038-07-26,21,76641,612,Employed,Bachelor,1,8264,60,Married,3,Rent,413,0.04990587603032602,3,0,0.34384547614994926,0,Debt Consolidation,0,18,26,906,640,133392,2576,6386.75,0.8597870718757861,5,130816,0.207264,0.22010851465629205,228.29367911964894,0.10041001747675248,1,36.800000000000004
2038-07-27,31,180503,537,Employed,Bachelor,10,28238,36,Single,3,Mortgage,169,0.07115651595696372,5,0,0.1722042699791334,0,Debt Consolidation,0,25,27,15706,798,42104,18156,15041.916666666666,0.86214767702687,5,23948,0.24473799999999998,0.22509092804602218,1085.873230846795,0.0834250886143806,1,37.6
2038-07-28,29,48767,552,Unemployed,High School,8,19748,36,Married,2,Mortgage,410,0.2679328693835033,2,0,0.07860757002488186,0,Auto,0,18,3,1139,611,133382,18532,4063.9166666666665,0.9003607072781069,4,114850,0.22874799999999998,0.2075661121730493,741.5417027403018,0.28335760725251957,0,53.0
2038-07-29,38,78175,591,Employed,Associate,15,26944,12,Widowed,0,Own,256,0.5472470283867715,6,1,0.6047583878913552,0,Debt Consolidation,0,25,9,561,1337,5030,30687,6514.583333333333,0.8358150330054458,3,8132,0.196444,0.18372254589374476,2475.0016632004726,0.419213558789967,0,60.0
2038-07-30,41,62729,612,Employed,Bachelor,18,16052,96,Single,1,Mortgage,282,0.3593623347037048,2,0,0.1358911310455891,0,Debt Consolidation,0,25,12,8101,369,61697,32209,5227.416666666667,0.8852364300382642,6,29488,0.245052,0.2657163894746066,404.89646106258596,0.13140266117347688,0,47.0
2038-07-31,32,112557,535,Unemployed,Master,10,16093,48,Married,3,Rent,496,0.10253231223815308,3,0,0.20267317927292494,0,Home,0,22,23,324,794,16650,18431,9379.75,0.8500741174392232,2,9076,0.243593,0.23463675394294362,519.9012028306005,0.10830791895632617,1,42.400000000000006
2038-08-01,43,21007,634,Unemployed,High School,23,28569,60,Divorced,0,Rent,613,0.3409019990892965,3,0,0.5124061719497793,0,Education,0,37,5,17563,2728,59345,12705,1750.5833333333333,0.9233321636466678,10,46640,0.216569,0.1923330376276462,744.7679117167161,0.7756088418432234,0,62.0
2038-08-02,49,136494,655,Self-Employed,Master,27,20282,24,Married,0,Rent,625,0.28306943146322344,3,5,0.46720051442798033,0,Auto,0,20,1,5412,580,83788,22125,11374.5,0.923638609348842,6,61663,0.167782,0.1529059052013386,986.2087158926037,0.14165094869159997,1,42.400000000000006
2038-08-03,40,96923,615,Employed,Bachelor,17,9030,48,Married,2,Mortgage,614,0.3973562205749719,3,1,0.2732419425205783,0,Auto,0,20,21,1434,3239,243784,28232,4285.75,0.6493143807784089,7,215552,0.19653,0.20303789435651828,276.2498628846982,0.20772323697945475,1,35.2
2038-08-04,49,55208,599,Employed,High School,27,58159,108,Married,1,Mortgage,369,0.5692713765894233,3,1,0.46606610933744413,1,Other,0,19,17,1805,1414,81302,92519,4600.666666666667,0.8839579793423733,4,5248,0.303659,0.30908077408240675,1600.6713436674913,0.42812737509074583,0,69.0
2038-08-05,63,109934,660,Self-Employed,Bachelor,41,17714,12,Single,2,Mortgage,670,0.2741726777938949,4,1,0.28295933608304163,0,Debt Consolidation,0,22,29,4191,1436,84672,217726,9161.166666666666,0.88136014665475,3,2827,0.15271400000000002,0.15443827927717882,1602.547931509454,0.24806315769564874,1,38.400000000000006
2038-08-06,48,94201,568,Employed,High School,28,16749,120,Married,1,Rent,376,0.12718991138390245,2,0,0.16689978715632175,0,Debt Consolidation,0,23,28,6723,899,263973,25206,7850.083333333333,0.738303955220527,4,238767,0.28774900000000003,0.29660216665936145,437.33586348260724,0.10360856425931028,1,35.2
2038-08-07,47,37479,600,Employed,High School,25,16730,36,Married,0,Rent,631,0.19404236791813542,2,0,0.506370774023144,0,Education,0,24,20,438,1354,101024,12326,3123.25,0.7382668909246082,8,88698,0.20173,0.2340827354439773,651.1790576966079,0.41052719369138163,0,53.0
2038-08-08,24,29842,582,Employed,Bachelor,0,35800,36,Married,1,Own,305,0.575324106875551,5,0,0.4470282065217886,0,Debt Consolidation,0,22,16,3780,2189,33013,17665,2486.8333333333335,0.8663636381403108,3,15348,0.2298,0.1982165442848341,1327.2053053598468,0.6563388400347886,0,59.0
2038-08-09,31,31686,627,Employed,Bachelor,9,21279,96,Married,1,Rent,918,0.27388641234304606,1,1,0.6467757452513311,0,Auto,0,20,10,7596,6017,97632,21194,2640.5,0.938762954877574,1,76438,0.24277900000000002,0.24637580563104108,509.26545304830603,0.5405284806090914,0,54.0
2038-08-10,18,65289,476,Employed,Doctorate,0,40900,120,Married,2,Own,180,0.22767491118230662,2,2,0.1648783368648266,0,Education,1,17,5,827,1246,16833,65367,5440.75,0.9468817900031409,5,9000,0.3579,0.34299969072462877,1210.183086050795,0.25551313441176216,0,58.0
2038-08-11,42,40552,607,Employed,Bachelor,22,14645,48,Single,1,Mortgage,222,0.209830969660154,4,0,0.43001410329287687,0,Education,0,29,1,12889,333,32544,29575,3379.3333333333335,0.8088490614238442,11,2969,0.206145,0.1921411563074713,439.5436329157211,0.19576158006975372,0,58.0
2038-08-12,34,57494,590,Employed,Bachelor,12,8444,48,Single,3,Own,327,0.6076205715089319,5,0,0.05716618791314089,0,Education,0,26,29,1610,202,34657,12471,4791.166666666667,0.8695879734736568,9,22186,0.20844400000000002,0.19883256009531006,256.429050882451,0.12177181289507448,1,41.6
2038-08-13,32,22980,562,Unemployed,High School,14,22038,120,Married,1,Rent,471,0.4363814512141583,2,3,0.33232021248278787,0,Education,1,22,24,2207,3681,9695,11231,1915.0,0.8495162225775265,8,3897,0.296038,0.3334930923152837,636.1734560298115,0.5781584626787527,0,66.0
2038-08-14,21,29798,531,Self-Employed,Bachelor,0,12050,48,Single,4,Own,792,0.1289566682430106,2,1,0.09789350023247069,0,Debt Consolidation,1,29,13,4486,1843,37315,5493,2483.1666666666665,0.8308336389472577,3,31822,0.24155000000000001,0.23972367760307278,392.6680642650583,0.47707956141958185,0,60.0
2038-08-15,42,15289,608,Employed,High School,18,24663,96,Married,1,Rent,701,0.0963515392801015,1,2,0.12235049616719196,0,Home,0,22,22,12035,1441,13476,20484,1274.0833333333333,0.7167556602414017,7,10964,0.255663,0.23429471504198174,570.7075891113869,0.9981353305864767,0,48.0
2038-08-16,41,30824,439,Employed,High School,17,23854,60,Single,2,Mortgage,157,0.1904554092082944,4,1,0.17020392419192365,0,Other,0,24,7,5937,362,67945,8497,2568.6666666666665,0.7433440313325971,3,59448,0.30935399999999996,0.26360089634950945,719.293931534728,0.341147390942666,0,49.0
2038-08-17,26,15000,511,Employed,High School,2,31546,48,Divorced,4,Rent,358,0.34056897443912204,4,1,0.08744596575269199,0,Debt Consolidation,0,21,13,8862,676,15419,5496,1250.0,0.9225310037201574,8,9923,0.271046,0.3099599241304094,1154.1917773863795,1.2097534219091035,0,52.0
2038-08-18,45,225391,660,Employed,Doctorate,19,25457,84,Single,4,Mortgage,461,0.35759297550404506,4,0,0.13496464664720306,0,Auto,0,32,5,2418,928,108105,93534,10179.75,0.86326101248459,6,14571,0.22045700000000001,0.21115303666084712,582.5223719871035,0.10250962665950573,1,35.2
2038-08-19,42,44757,535,Unemployed,High School,19,23443,36,Married,5,Rent,501,0.5896221483666579,2,1,0.5187873963691787,0,Home,0,21,4,2331,1620,306934,18916,3729.75,0.9017551520864422,3,288018,0.240943,0.2248423396541307,901.1821374311997,0.3759453414923788,0,60.0
2038-08-20,31,52049,568,Employed,Associate,9,21253,48,Widowed,0,Rent,130,0.4261050120186064,3,0,0.3193950930661729,0,Debt Consolidation,0,34,27,1554,429,43571,20642,4337.416666666667,0.9166317765278702,6,22929,0.232253,0.24865866246242604,703.0993980455022,0.1920727156438361,0,55.0
2038-08-21,29,52770,657,Employed,Doctorate,8,10332,60,Single,0,Rent,285,0.45568247714703486,5,0,0.14010757519481645,0,Debt Consolidation,0,16,5,3572,1789,218683,15492,4397.5,0.826601513664167,10,203191,0.186832,0.15449398500841913,248.24154137927636,0.12126015722098382,1,34.4
2038-08-22,55,160751,636,Employed,High School,35,33228,72,Married,3,Mortgage,586,0.1257239536431261,1,2,0.4978788800347515,1,Debt Consolidation,0,26,15,8589,904,125740,45180,13395.916666666666,0.976582410907593,5,80560,0.23022800000000002,0.24282909652565418,880.5033417634273,0.10947390747902735,0,60.0
2038-08-23,18,46682,543,Employed,High School,0,20115,36,Married,2,Mortgage,690,0.21810922346537012,2,1,0.5929767917398259,0,Auto,0,25,13,6176,967,63402,143766,3890.1666666666665,0.5244069625084448,4,10573,0.233615,0.25776100129030416,808.0486116141811,0.38508597188145693,0,59.0
2038-08-24,43,110260,627,Employed,Doctorate,21,29166,36,Married,0,Mortgage,499,0.29173721755857285,2,0,0.21403125648296786,0,Auto,0,25,2,2446,613,409621,21329,9188.333333333334,0.8331995315771442,2,388292,0.200666,0.16750600159768925,1036.2309050087933,0.1670848073653684,1,36.800000000000004
2038-08-25,43,27249,490,Employed,High School,19,10203,60,Divorced,2,Mortgage,297,0.04745321982598412,1,1,0.1562087508425229,0,Other,0,30,2,5526,150,90816,9932,2270.75,0.9244156738949577,7,80884,0.27020299999999997,0.2709556746926373,312.1349999895722,0.26825277991393687,0,53.0
2038-08-26,49,84779,612,Employed,High School,29,25137,108,Widowed,0,Mortgage,633,0.02193596224162887,2,2,0.34264758570989995,0,Other,0,29,3,2049,2485,61864,88897,7064.916666666667,0.9663049244887411,4,3064,0.26413699999999996,0.22540931406806486,545.2422684461837,0.16677369656818558,0,52.0
2038-08-27,32,23956,515,Employed,Associate,11,15888,60,Married,0,Rent,512,0.28009076431260077,5,0,0.14571998140125397,0,Auto,0,34,13,6470,159,61172,6518,1996.3333333333333,0.9318203190724208,3,54654,0.263388,0.2685449226858388,483.76447866823713,0.49879669995069487,0,50.0
2038-08-28,47,58467,601,Unemployed,Bachelor,23,26257,60,Married,1,Rent,243,0.18814988651741327,4,1,0.5426550138310235,1,Auto,0,22,2,20300,1706,81534,13636,4872.25,0.9911199184235531,5,67898,0.230757,0.2473928931913573,766.6696085573184,0.20722861276767784,0,71.0
2038-08-29,53,107356,542,Employed,Bachelor,29,20758,72,Married,4,Rent,386,0.12030539411821646,2,1,0.6001892715167508,0,Auto,0,24,4,9253,4096,137737,75104,8946.333333333334,0.8096297342515028,3,62633,0.264758,0.2327884430357426,537.4408303731127,0.10322003394758889,1,45.6
2038-08-30,51,57136,604,Employed,High School,32,43322,48,Married,3,Mortgage,322,0.12675261072979896,0,0,0.1259975627650838,0,Auto,0,17,5,1485,783,178992,8337,4761.333333333333,0.9006163485815905,4,170655,0.236322,0.22928335383949539,1386.8334074598213,0.35889808333656287,0,44.0
2038-08-31,37,81818,547,Employed,Doctorate,18,33010,72,Married,3,Own,699,0.10373250424319612,4,0,0.3302012129176863,0,Home,0,20,12,455,1944,12984,91146,6818.166666666667,0.7498982838924646,8,10734,0.27451,0.305751891328692,1005.3507990448766,0.24997200601992858,0,52.0
2038-09-01,25,15000,532,Employed,High School,3,33484,24,Married,2,Rent,493,0.2333487082020471,2,2,0.5782889338275325,0,Debt Consolidation,0,30,14,1278,180,9456,38399,1250.0,0.7869052659271609,5,1172,0.242484,0.2909808,1856.6747328629065,1.879739786290325,0,60.0
2038-09-02,38,43006,545,Employed,Doctorate,16,20561,60,Married,4,Rent,407,0.3807754422844489,4,0,0.5085107461002729,1,Debt Consolidation,0,20,20,1154,461,169230,22689,3583.8333333333335,0.8742000855353596,5,146541,0.253061,0.25542301984660426,610.0470249998338,0.2837874784913269,0,67.0
2038-09-03,37,32906,550,Employed,High School,14,30398,60,Married,0,Mortgage,510,0.4508651605648909,1,2,0.43678395781427787,1,Home,0,18,22,10114,1017,22357,3252,2742.1666666666665,0.9528947175743521,4,19105,0.260398,0.2531916372563025,897.9183776279364,0.5134328247594736,0,70.0
2038-09-04,43,41311,543,Employed,Associate,23,21246,36,Married,4,Mortgage,261,0.20719797409186608,1,0,0.6123856121977799,0,Auto,0,23,29,4249,514,52272,7331,3442.5833333333335,0.896670008214948,4,44941,0.23474599999999998,0.25483888397888804,850.1840877149757,0.3227762352056282,0,59.0
2038-09-05,52,27383,611,Employed,High School,33,38027,72,Divorced,0,Mortgage,410,0.4217208407931705,0,2,0.18990380738999021,0,Home,0,27,25,1091,603,69053,12602,2281.9166666666665,0.9825052045888595,7,56451,0.247527,0.23391852303683797,987.1384160394332,0.612265310319293,0,48.0
2038-09-06,38,42851,572,Employed,Bachelor,14,58155,48,Married,0,Own,673,0.345699551864686,3,0,0.4773946213461098,0,Other,0,26,17,8122,1069,70614,39740,3570.9166666666665,0.7723041594194098,5,30874,0.267155,0.22855957870826013,1859.366814935258,0.709164355072766,0,57.0
2038-09-07,47,32920,625,Employed,High School,22,19936,60,Married,0,Rent,794,0.1316250359275646,2,2,0.4558175637473547,0,Home,0,23,12,1839,499,26767,27222,2743.3333333333335,0.6481080733761031,5,6324,0.212436,0.24190859413471139,575.7288465737216,0.49929362572553637,0,53.0
2038-09-08,40,76599,535,Employed,Bachelor,18,22180,36,Divorced,0,Rent,525,0.21688051466955574,2,1,0.28447730834190693,0,Home,0,28,16,23526,477,24003,38765,6383.25,0.7822084479700258,7,7699,0.23968,0.24092769519646207,871.2654063873395,0.2187389505952829,1,41.6
2038-09-09,47,64281,525,Employed,Master,25,13585,36,Married,1,Own,254,0.1010302376075693,7,1,0.12309373085976498,0,Auto,0,20,5,8058,1010,56681,31006,5356.75,0.9012651586685976,5,25675,0.23608500000000002,0.2401579422356082,533.0909673615158,0.1469344224317946,1,40.800000000000004
2038-09-10,44,220440,622,Employed,Bachelor,20,30736,48,Single,0,Mortgage,518,0.35785771157747764,1,2,0.33474566363326885,0,Debt Consolidation,0,22,2,2817,302,41534,43636,18370.0,0.6807338324931144,7,6174,0.214736,0.19268748659694254,923.3745538762341,0.0784635032050209,1,42.400000000000006
2038-09-11,34,53086,499,Employed,Bachelor,14,33199,60,Single,3,Mortgage,339,0.41756884873884137,2,2,0.13965367566123782,0,Auto,1,20,9,5701,480,43776,6821,4423.833333333333,0.8015293624814386,4,36955,0.288699,0.2428690151462817,960.6042837244764,0.2937733376915518,0,58.0
2038-09-12,33,22455,554,Employed,Bachelor,13,46848,72,Single,0,Rent,683,0.6115542511933617,3,0,0.14885331946854663,0,Other,0,17,21,5727,3856,137480,9960,1871.25,0.5788162815307618,7,127520,0.284848,0.33325683869125855,1511.318523333922,1.1726485094636856,0,50.0
2038-09-13,32,47473,495,Self-Employed,Bachelor,9,27099,72,Married,0,Other,246,0.4426948077406414,3,0,0.16871891080017035,0,Debt Consolidation,0,21,14,665,3817,153826,23766,3956.0833333333335,0.967752494940298,9,130060,0.294599,0.2707859335435761,764.9107273574836,0.2555332236911466,0,51.0
2038-09-14,47,105171,600,Employed,Associate,24,19519,48,Single,1,Mortgage,413,0.3720874915765473,2,1,0.3087118336033049,0,Other,0,26,11,7637,2158,147366,3930,8764.25,0.8586073172245918,5,143436,0.21451900000000002,0.24290622830510167,639.4953383996373,0.1200896070285121,1,36.800000000000004
2038-09-15,18,41107,611,Employed,Doctorate,0,47511,48,Married,2,Rent,567,0.4836685025728283,3,2,0.269106559966947,0,Home,0,20,23,9179,2783,14519,23148,3425.5833333333335,0.7444345696195545,5,2613,0.237011,0.199789555239229,1445.2442872682916,0.5874165336127545,0,51.0
2038-09-16,62,52293,638,Self-Employed,Bachelor,39,22745,36,Married,2,Other,137,0.36773370417362544,4,1,0.05361392852997627,0,Education,0,29,22,5360,264,223221,4365,4357.75,0.7585304763800365,2,218856,0.18874500000000002,0.20143993931016074,846.9554002088639,0.22579436640671538,1,36.800000000000004
2038-09-17,30,15123,552,Employed,Associate,5,39153,60,Widowed,4,Rent,619,0.21203981947937794,5,0,0.6407543104398676,0,Other,0,28,6,1036,1422,46829,13219,1260.25,0.7520932628235492,4,33610,0.268153,0.2822130616988485,1224.2934477556098,1.4626411011748541,0,62.0
2038-09-18,48,188347,564,Employed,Associate,22,17303,48,Single,3,Mortgage,401,0.17692481059606,2,2,0.15506000549571403,0,Debt Consolidation,0,19,21,885,397,25556,12901,15695.583333333334,0.891192719313233,3,12655,0.230303,0.22864831026746035,553.3059872446162,0.0608009251378328,1,37.6
2038-09-19,55,47587,601,Employed,High School,31,16940,36,Married,3,Rent,656,0.11388390351882867,3,1,0.09124687591350017,0,Auto,0,23,20,3652,996,173565,49750,3965.5833333333335,0.801296009136664,6,123815,0.20144,0.21472869326888497,642.3358726652162,0.3274009807716939,0,43.0
2038-09-20,33,42300,492,Employed,Master,13,25630,60,Single,1,Rent,424,0.16460640695595613,2,0,0.5520388015941186,0,Debt Consolidation,0,26,28,9139,1387,26634,40329,3525.0,0.6527821428224792,4,10305,0.28463,0.2882316430395661,810.7870585424731,0.3502942010049569,0,58.0
2038-09-21,58,96026,578,Employed,High School,37,13945,60,Divorced,0,Rent,851,0.08579413586669905,2,2,0.6242354106505368,0,Auto,0,25,9,2431,2039,81117,19211,8002.166666666667,0.7802842323417397,4,61906,0.229945,0.21054192912475508,377.6843387966057,0.15354395752774527,1,44.0
2038-09-22,50,108064,588,Self-Employed,Associate,26,19628,60,Single,2,Rent,202,0.24707559429036582,0,2,0.22993042168952585,0,Education,0,25,4,4781,205,155517,47691,9005.333333333334,0.7738368109006923,4,107826,0.230628,0.2767536,607.2954942238002,0.08986846619304859,0,53.0
2038-09-23,40,78115,538,Unemployed,Master,17,15947,72,Divorced,1,Own,195,0.5284353717591633,2,1,0.19233832243439244,0,Home,0,24,1,1223,1137,66544,17953,6509.583333333333,0.8117682153634569,3,48591,0.261947,0.2663434975456621,445.6972051406782,0.09842368894179272,0,58.0
2038-09-24,38,36880,582,Employed,Associate,17,50049,72,Single,2,Mortgage,442,0.2646018693847611,4,2,0.10385233893793351,0,Home,0,22,18,1109,1612,102796,6590,3073.3333333333335,0.8920787454776816,4,96206,0.274049,0.25949832288509034,1377.4952789701526,0.5920266634393121,0,49.0
2038-09-25,42,49345,581,Employed,Associate,15,18330,60,Married,1,Mortgage,368,0.1632328265970352,4,0,0.45145424760005437,1,Education,0,20,11,1594,525,67437,14965,4112.083333333333,0.7686281089240574,8,52472,0.23282999999999998,0.25603748151343036,544.5170573358564,0.2219111295578129,0,66.0
2038-09-26,26,40630,605,Employed,High School,0,17979,48,Married,0,Mortgage,484,0.5085376072834971,5,1,0.2212388111304844,0,Home,0,29,18,2454,365,259153,9557,3385.8333333333335,0.542546713813568,5,249596,0.210479,0.1683832,517.2821272174771,0.29572693887791596,1,37.6
2038-09-27,27,67531,535,Employed,Bachelor,4,45920,48,Married,0,Mortgage,425,0.25127358941546646,3,1,0.11063326477596835,0,Debt Consolidation,0,22,21,5638,1485,30290,23978,5627.583333333333,0.8458800856833192,2,6312,0.27342,0.2800497232983342,1600.5412213305935,0.3599309155197927,0,50.0
2038-09-28,34,56951,633,Employed,Master,12,8564,12,Married,0,Other,697,0.29743099574681087,6,0,0.4452654382059826,0,Other,0,15,24,824,1688,49263,31547,4745.916666666667,0.810940047199951,3,17716,0.157064,0.1884768,788.6065027703131,0.3130283582947403,0,53.0
2038-09-29,39,67455,545,Self-Employed,High School,15,33362,36,Married,0,Own,1332,0.6151944401069652,2,2,0.5092252095729832,1,Education,0,32,29,5599,2400,547116,117951,5621.25,0.8372630794125832,5,429165,0.245862,0.24262299949929458,1313.485519433946,0.4706222849782426,0,69.0
2038-09-30,53,43882,664,Employed,Bachelor,32,17736,72,Married,1,Other,890,0.2595909357109075,6,1,0.15103711914240636,0,Home,0,20,10,5041,1271,55013,16022,3656.8333333333335,0.8682294640363628,7,38991,0.200736,0.20206613649749022,426.9541387347363,0.36013512749685145,0,45.0
2038-10-01,47,44711,561,Employed,Bachelor,25,20491,108,Single,1,Own,382,0.1080936777556809,2,4,0.4612008350431047,0,Home,1,20,2,5429,4963,40286,10543,3725.9166666666665,0.7933646186320225,7,29743,0.284991,0.2800733623274858,521.405085357913,0.24246518808112,0,66.0
2038-10-02,48,48268,620,Employed,Bachelor,26,11362,120,Married,1,Mortgage,477,0.23157250040617283,3,1,0.1536537883640969,0,Debt Consolidation,0,27,29,11425,293,11718,17581,4022.3333333333335,0.9276059304625976,3,9194,0.25636200000000003,0.2643734237295097,270.07792631713437,0.185732475259087,0,48.0
2038-10-03,35,29964,539,Unemployed,Associate,12,35437,60,Single,5,Mortgage,575,0.24432335981888234,7,1,0.1426035114473804,0,Debt Consolidation,0,19,28,1086,229,537172,14581,2497.0,0.8465099222470046,6,522591,0.270937,0.2867481987118892,1117.8314643715582,0.677946121093936,0,47.0
2038-10-04,51,66364,619,Employed,Bachelor,29,36091,36,Divorced,1,Rent,271,0.5890626054252247,6,0,0.47544898373579675,0,Debt Consolidation,0,26,6,15237,2249,17486,38862,5530.333333333333,0.8214188894984953,5,3698,0.211591,0.20229097207592156,1345.4875431312466,0.29229477604687726,0,56.0
2038-10-05,54,47740,630,Employed,Associate,35,40547,60,Single,2,Own,650,0.5124462614939691,1,0,0.35943323629870216,0,Auto,0,23,18,6555,419,85422,11454,3978.3333333333335,0.6596382047470346,4,73968,0.230547,0.2238812392414764,1128.830036449218,0.4471294603558989,0,51.0
2038-10-06,39,61854,583,Employed,Master,14,20082,24,Married,2,Mortgage,229,0.24993603982418017,5,1,0.29400695074520805,0,Home,0,26,12,4252,8130,163079,4354,5154.5,0.9142728512369632,6,158725,0.20358199999999999,0.2053490340377417,1027.3447826712943,0.24373746874988733,1,38.400000000000006
2038-10-07,30,23391,529,Employed,High School,5,23826,72,Married,4,Own,625,0.17290587348322792,2,0,0.2558325522353254,0,Home,0,20,4,3061,3713,27601,6550,1949.25,0.8416056029624621,6,21051,0.274326,0.29971112317997173,716.3416663056385,0.688132187408305,0,56.0
2038-10-08,50,138882,625,Employed,Master,28,26853,48,Married,1,Own,362,0.12334660366951113,1,1,0.027608898093194566,1,Auto,0,25,2,4576,1034,580513,344790,7228.083333333333,0.9379774750628409,8,235723,0.209353,0.1997012966972571,816.7192221438783,0.163074935330096,1,44.800000000000004
2038-10-09,43,30147,584,Employed,High School,22,135524,96,Single,0,Own,835,0.18806614542240305,1,2,0.37270077990553185,0,Home,0,16,16,8540,9919,28321,8546,2512.25,0.8943814267931507,4,19775,0.378524,0.3054156721478232,3788.6027413828697,1.8404230237368373,0,54.0
2038-10-10,54,42006,528,Employed,Associate,28,76774,24,Married,2,Mortgage,401,0.09460100234743896,2,1,0.5042161884859061,0,Home,0,30,14,2706,1180,179424,201221,3500.5,0.8042699305256399,11,9177,0.28777400000000003,0.29053466811635004,4255.333441128875,1.3301909559002643,0,58.0
2038-10-11,41,45506,640,Employed,Master,16,11421,60,Single,1,Rent,251,0.19512590661479937,2,0,0.09851832416671609,0,Home,0,25,4,1507,213,48996,831,3792.1666666666665,0.8717753537863016,4,48165,0.196421,0.15713680000000002,276.0020359244728,0.13897122206068813,1,40.0
2038-10-12,43,32526,486,Self-Employed,High School,21,26035,36,Single,2,Own,450,0.41342016633611794,6,0,0.09674119581808441,0,Auto,0,20,12,2171,1187,180372,34477,2710.5,0.9720967384093657,4,145895,0.268035,0.2624640002710116,1052.386579957468,0.554283925459313,0,51.0
2038-10-13,47,23546,623,Employed,Associate,24,22548,84,Divorced,0,Mortgage,322,0.07825843063186877,0,2,0.28574080591615536,0,Auto,0,29,2,6249,229,395920,16912,1962.1666666666667,0.4999677467015917,4,379008,0.23604800000000004,0.26029558281398063,585.6528829037591,0.4625768535991297,0,48.0
2038-10-14,24,98960,576,Employed,Master,2,27299,72,Divorced,1,Own,191,0.22709915207257467,3,0,0.22090534586177274,0,Home,0,30,5,11956,2316,114516,40862,8246.666666666666,0.9228359387969188,3,73654,0.254299,0.249051104281834,733.7692823740076,0.11213855485537684,0,51.0
2038-10-15,44,76036,592,Employed,Bachelor,23,22232,24,Widowed,2,Mortgage,258,0.31685804114777516,5,0,0.14647759554302994,0,Education,0,30,27,2683,1904,111945,80619,6336.333333333333,0.6427017812692294,4,31326,0.201232,0.16745916422157395,1096.4881178773667,0.21376528768646957,1,40.0
2038-10-16,45,61217,601,Employed,Bachelor,22,27060,36,Single,2,Mortgage,255,0.5414733712682179,6,1,0.3051555153212443,0,Debt Consolidation,1,29,1,1385,524,6947,131937,5101.416666666667,0.8869330488263107,4,4575,0.21156,0.19163828939735286,994.1547496578557,0.24486428599726004,0,62.0
2038-10-17,18,31109,599,Employed,Associate,0,10484,60,Single,0,Own,237,0.36504752003325003,5,0,0.3987895397702437,0,Debt Consolidation,0,25,19,730,1322,37546,8727,2592.4166666666665,0.912856787921961,7,28819,0.215984,0.21883550465083307,288.86296158650106,0.20284662120408928,0,55.0
2038-10-18,48,45117,575,Employed,High School,25,21690,96,Single,4,Mortgage,902,0.48419082831642213,1,1,0.4282339226040275,0,Debt Consolidation,0,33,18,11119,1482,14171,71892,3759.75,0.8807993158451763,7,7615,0.26919000000000004,0.22334024454252607,486.5358695979903,0.36931601026610555,0,58.0
2038-10-19,30,42846,580,Employed,High School,9,29953,96,Divorced,4,Mortgage,270,0.28479523457639633,4,1,0.08552729732480546,0,Education,1,32,12,3892,5236,14453,17215,3570.5,0.506652174899994,4,7176,0.274953,0.22870004487008788,682.2398661579796,0.2666965036151742,0,57.0
2038-10-20,47,51557,598,Employed,High School,23,22014,72,Married,2,Mortgage,160,0.25042711721846594,2,1,0.06688486188468955,0,Home,0,17,22,4326,4129,45516,42930,4296.416666666667,0.710404596930439,10,2586,0.238014,0.22643465634121784,561.5658228211829,0.16794596027414696,0,50.0
2038-10-21,59,42244,556,Employed,High School,34,37771,48,Single,0,Rent,1268,0.2730930666050927,3,0,0.33757950846384605,0,Debt Consolidation,0,24,10,1887,3756,40962,7692,3520.3333333333335,0.8303389044872095,3,33270,0.25477099999999997,0.2580399864585471,1269.374838471864,0.7207768691805313,0,55.0
2038-10-22,30,42538,552,Employed,Associate,9,12485,60,Single,0,Rent,210,0.5460802950729523,4,0,0.4541523710511549,0,Home,0,26,25,415,1991,79498,82127,3544.8333333333335,0.9295062498918483,8,7898,0.241485,0.25423291647054386,369.556022011911,0.16349316526735932,0,58.0
2038-10-23,48,88091,658,Employed,Master,28,18571,36,Married,5,Own,544,0.33479518657979146,4,0,0.3999551298204452,0,Debt Consolidation,0,22,11,6594,614,20288,34581,7340.916666666667,0.641884736184032,6,6139,0.174571,0.1738639552940063,665.6835655492833,0.16478644568220815,1,37.6
2038-10-24,61,42381,684,Employed,Doctorate,38,32479,24,Divorced,0,Rent,463,0.06494639917061813,3,2,0.33543286372071746,0,Other,0,30,4,2762,2025,113455,44421,3531.75,0.6959503084006358,1,69034,0.165479,0.14205868090008997,1562.5710391401415,0.5735318295859394,0,49.0
2038-10-25,60,51094,641,Employed,Bachelor,38,11700,36,Single,2,Other,434,0.4522678736897262,5,2,0.2787431950809427,0,Debt Consolidation,0,23,25,5851,127,126690,46184,4257.833333333333,0.7591120574081238,6,80506,0.1762,0.1650865751109147,414.2814879729928,0.19922843887102037,1,38.400000000000006
2038-10-26,39,65303,641,Employed,Master,18,13870,60,Married,5,Mortgage,294,0.3207632386150274,4,0,0.336894769297147,0,Auto,1,23,29,12646,1455,213760,23570,5441.916666666667,0.901736810751627,8,190190,0.19837,0.18164311417469745,353.44778332370134,0.11897421864055886,1,42.400000000000006
2038-10-27,29,47344,586,Employed,Bachelor,10,15892,60,Single,2,Own,1110,0.29376606144295253,5,0,0.6303064004326115,0,Other,0,21,14,1833,3420,53149,6829,3945.3333333333335,0.9477480555963156,5,46320,0.22789199999999998,0.20843942863662743,428.5380734449937,0.3899640267265107,0,59.0
2038-10-28,29,54225,577,Employed,Associate,8,52691,48,Married,0,Rent,568,0.2993525085258967,4,1,0.5829768392135554,0,Auto,0,15,1,13789,3805,43950,26463,4518.75,0.7371095017181202,0,17487,0.259191,0.26490253106933526,1791.162460787534,0.522082978874143,0,62.0
2038-10-29,26,15000,576,Employed,High School,2,16268,72,Married,1,Own,406,0.19232265120085557,0,1,0.18757686006795954,0,Home,0,27,20,3720,1041,75647,24845,1250.0,0.8672240450448585,4,50802,0.243268,0.24604878885214113,434.27803492020803,0.6722224279361664,0,49.0
2038-10-30,49,63005,643,Self-Employed,Master,28,17400,84,Married,4,Rent,484,0.2260769291485401,2,0,0.5615715215770357,0,Debt Consolidation,0,19,2,4143,381,147808,21001,5250.416666666667,0.8395780702841393,4,126807,0.2209,0.2632151929697445,455.2302891570789,0.17888681009261084,0,58.0
2038-10-31,32,29935,597,Employed,Bachelor,12,22038,24,Divorced,3,Mortgage,491,0.3419988557676419,3,1,0.5238957566397809,0,Debt Consolidation,0,26,23,2023,908,20549,12941,2494.5833333333335,0.7556354612567391,4,7608,0.198538,0.19610171719107428,1117.449282782989,0.6447767293601425,0,60.0
2038-11-01,18,62475,577,Employed,Associate,0,27868,84,Divorced,0,Mortgage,280,0.3375368795688783,3,0,0.17666928819820538,0,Debt Consolidation,0,18,7,5709,1271,40846,71468,5206.25,0.9586063641984547,8,4736,0.26436800000000005,0.2562629468278019,716.5822761552547,0.19142036516787606,0,51.0
2038-11-02,31,21166,566,Employed,Bachelor,10,20556,60,Married,2,Mortgage,250,0.34400225826294356,2,2,0.2493730688586102,0,Home,0,29,14,1037,1454,78329,75465,1763.8333333333333,0.8679146063680103,6,2864,0.242556,0.21069313185574878,556.9106515754787,0.4574755654779243,0,54.0
2038-11-03,47,43561,643,Employed,Bachelor,23,18481,72,Married,1,Other,313,0.2882000029774455,1,0,0.2621206270153534,0,Education,0,30,28,9599,105,26204,14238,3630.0833333333335,0.9312036412959657,5,11966,0.211981,0.1860545016315564,427.86081638779444,0.20408920356864013,0,50.0
2038-11-04,43,92579,623,Unemployed,Master,23,16908,84,Single,1,Rent,513,0.31196373527266125,4,3,0.4381058277342953,0,Home,0,27,19,2379,2148,34731,18086,4357.916666666667,0.8629058965660038,6,16645,0.23040800000000003,0.2133450189727101,389.16581977186985,0.20701768500358422,0,55.0
2038-11-05,39,48936,577,Employed,Associate,15,24367,48,Married,0,Mortgage,162,0.45083308731496846,2,1,0.3405179348263367,0,Education,0,20,20,3990,397,103385,77817,4078.0,0.8125733605126267,4,25568,0.23086700000000002,0.22216958010693186,770.5815477386979,0.22868600974465372,0,56.0
2038-11-06,41,26058,546,Employed,High School,18,18529,60,Single,3,Mortgage,448,0.4207913482014621,5,0,0.2736792560574935,0,Home,0,17,18,5824,836,47106,1852,2171.5,0.8172086305790264,6,45254,0.250529,0.22765837011004092,519.8514442014239,0.4457063984349177,0,55.0
2038-11-07,37,118469,638,Employed,Doctorate,15,59162,48,Married,1,Rent,397,0.25747062134513066,5,4,0.3262737591192145,0,Auto,0,24,23,746,5023,12420,8587,9872.416666666666,0.8813365610692514,9,3833,0.235162,0.22434047194177723,1877.9315242277205,0.23043309465541745,0,50.0
2038-11-08,50,49761,634,Employed,Bachelor,26,27004,60,Single,3,Own,539,0.3729448876027194,4,0,0.10599111015459206,0,Auto,0,23,15,2353,552,33531,30155,4146.75,0.7867019891153294,5,3376,0.21500400000000003,0.2485347527273589,790.2851121884488,0.3205607071051905,0,48.0
2038-11-09,35,147872,550,Employed,Associate,10,40798,48,Married,1,Rent,518,0.2491236647110113,2,1,0.5144386632210878,0,Debt Consolidation,0,31,2,4395,757,35989,20777,12322.666666666666,0.8668787526610086,6,15212,0.260798,0.23806736173409737,1325.734460158651,0.1496213855354889,1,48.0
2038-11-10,44,53531,514,Employed,Bachelor,19,15972,48,Married,1,Mortgage,380,0.08006674554420755,4,0,0.09738811202575359,0,Education,0,23,28,3991,176,86028,6370,4460.916666666667,0.9523417858935472,2,79658,0.253972,0.20317759999999999,488.74192018158135,0.19474515779976043,1,37.6
2038-11-11,59,92190,622,Employed,Bachelor,41,21954,60,Single,3,Rent,552,0.38273662091976496,1,1,0.09668919295222664,0,Home,0,21,21,9936,864,11519,96993,7682.5,0.9429590247635525,5,3503,0.21595400000000003,0.1958857539194986,576.632380168198,0.14690951905866553,1,36.800000000000004
2038-11-12,39,44737,510,Unemployed,High School,16,23611,48,Single,4,Mortgage,171,0.2847641775469352,8,2,0.10887308675414835,0,Debt Consolidation,0,24,8,29308,2698,54845,11865,3728.0833333333335,0.9008868977979209,9,42980,0.263611,0.29064242766366305,837.3355618011269,0.2704702313881915,0,55.0
2038-11-13,22,29711,547,Employed,Bachelor,0,9559,96,Married,3,Rent,520,0.10042479289581559,1,0,0.5709986513679924,0,Home,0,27,22,874,718,65006,11518,2475.9166666666665,0.9588102502577557,5,53488,0.271059,0.2900611985823748,257.0092719299911,0.313826907985591,0,57.0
2038-11-14,41,73232,526,Unemployed,Associate,19,11600,48,Married,1,Rent,354,0.34843078222936263,2,0,0.12709154209458096,1,Auto,0,27,2,2473,797,299895,18737,6102.666666666667,0.9013685082469926,4,281158,0.2436,0.2551012039206035,387.9304364152618,0.12157479294547657,0,63.0
2038-11-15,42,37958,577,Employed,High School,16,16894,60,Single,1,Mortgage,545,0.3581677250818446,2,1,0.4290553924451195,0,Home,0,19,5,719,9095,301479,7417,3163.1666666666665,0.47239470532629413,2,294062,0.233394,0.2229833686391715,469.4640488504348,0.3207115387060756,0,53.0
2038-11-16,43,58617,596,Employed,Master,21,30496,60,Single,2,Own,675,0.11322608274732016,4,2,0.38805100305192636,0,Home,0,22,26,3653,2487,69896,15138,4884.75,0.5612509750023513,11,54758,0.23749599999999998,0.22215717193695708,846.0109269611568,0.31137948246300357,0,51.0
2038-11-17,37,140615,579,Employed,Doctorate,18,15770,96,Married,2,Own,357,0.2434833994627519,5,2,0.19528926916763553,0,Auto,0,25,21,8901,1847,114438,30627,11717.916666666666,0.7905510855773379,4,83811,0.26127,0.25453948905477236,385.9630441876265,0.06340402183445236,1,36.800000000000004
2038-11-18,51,24584,597,Self-Employed,High School,26,54427,24,Single,1,Own,502,0.2654193930118235,2,0,0.2780540876434706,0,Other,0,24,7,2050,1218,10292,39598,2048.6666666666665,0.9449765742383505,8,9391,0.230927,0.2664618312101548,2949.998847070955,1.6849978101550382,0,58.0
2038-11-19,42,22279,600,Employed,High School,20,22166,36,Single,1,Rent,360,0.22268986971033747,3,2,0.16148913422371933,0,Debt Consolidation,1,25,25,2493,232,17148,162700,1856.5833333333333,0.8546878422455269,4,1456,0.207166,0.22804963013537197,855.7880572418434,0.6548524030208772,0,55.0
2038-11-20,19,54462,582,Employed,Associate,0,41865,48,Single,2,Mortgage,231,0.46833413797482254,2,0,0.2999405368567694,0,Other,0,20,14,2827,14740,34887,8172,4538.5,0.860136516278878,4,26715,0.24586500000000003,0.248625755352413,1384.9162569649138,0.3560463274132233,0,53.0
2038-11-21,48,40002,567,Self-Employed,Master,26,13068,12,Divorced,2,Rent,355,0.1888511145492661,6,1,0.19770506261413312,0,Education,0,20,9,1490,468,89475,36620,3333.5,0.8295426931541998,4,52855,0.194568,0.1556544,1182.9851778536843,0.4613724847318687,0,52.0
2038-11-22,39,15000,546,Employed,Master,20,43621,48,Single,1,Other,339,0.22041924223695245,2,0,0.5632851780561765,0,Home,0,28,10,2102,321,58135,14341,1250.0,0.8173923840952813,4,43794,0.265621,0.26668758999543224,1487.2421230069674,1.460993698405574,0,60.0
2038-11-23,62,29256,627,Employed,Associate,40,18490,48,Divorced,0,Mortgage,241,0.3734583265952692,0,1,0.21940546684085738,0,Auto,0,21,10,1388,986,33233,208709,2438.0,0.8511547234533403,9,1600,0.19999000000000003,0.1840418569057603,547.0567064355142,0.3232390100227704,0,51.0
2038-11-24,40,45599,579,Employed,Associate,16,38184,60,Single,3,Mortgage,721,0.3317664450313281,1,0,0.4683546270103964,0,Home,0,21,20,942,7832,153953,79655,3799.9166666666665,0.9090558825571196,6,74298,0.253684,0.2804505426549895,1189.9282528785022,0.5028868842418042,0,55.0
2038-11-25,38,15000,553,Employed,High School,11,8086,72,Divorced,2,Mortgage,153,0.3165147238109861,1,0,0.22607076096100118,0,Education,0,28,28,10982,222,54542,265402,1250.0,0.7879690213469246,5,6224,0.246586,0.25473899057793725,220.1712691712381,0.2985370153369905,0,54.0
2038-11-26,62,87003,659,Employed,Bachelor,41,17275,72,Married,0,Rent,268,0.18862707977065682,2,0,0.3523341492858942,0,Auto,0,28,2,1507,301,258564,34096,7250.25,0.7349446134087122,3,224468,0.20277499999999998,0.19261830520420065,406.4267744222421,0.093021175052204,1,36.800000000000004
2038-11-27,30,81739,583,Employed,High School,6,20689,84,Married,3,Rent,303,0.18459887550465956,1,1,0.33398404781892005,0,Home,0,22,14,5485,604,48061,6336,6811.583333333333,0.9337494510111828,5,41725,0.254189,0.22616000801536185,492.5586103462791,0.11679496108534909,1,41.6
2038-11-28,34,20161,550,Employed,Associate,10,17312,48,Married,0,Other,219,0.24770550635027877,6,1,0.4870323395268133,0,Debt Consolidation,0,29,14,1475,1246,68180,148772,1680.0833333333333,0.8638007783313861,4,9540,0.237312,0.19970273726066246,526.5362843708532,0.44374958645157675,0,58.0
2038-11-29,24,16932,598,Employed,Bachelor,2,6820,48,Single,1,Own,241,0.2579558616953212,2,1,0.45804017571280015,0,Home,0,28,28,10770,1090,16513,146746,1411.0,0.7581402487869155,4,1999,0.20282,0.2122895678040046,212.0268089536145,0.32106790145543196,0,58.0
2038-11-30,31,70513,508,Employed,Bachelor,9,58114,72,Widowed,1,Own,485,0.3976379983366471,3,0,0.5339382380058728,0,Auto,1,19,13,7590,430,301494,13365,5876.083333333333,0.8228395397324475,3,288129,0.319114,0.3008594401617585,1751.5322924573072,0.3806161631115921,0,58.0
2038-12-01,64,77034,580,Employed,Master,43,18084,60,Divorced,0,Rent,519,0.2232600198045209,2,2,0.15187456038421676,0,Education,0,27,6,512,612,577264,79229,6419.5,0.6291730228518941,5,498035,0.233084,0.23079131227411992,510.618985564195,0.16038928040566947,1,36.800000000000004
2038-12-02,34,24305,592,Employed,Bachelor,10,17025,96,Widowed,1,Rent,281,0.193829967115638,1,0,0.5134474259239754,0,Debt Consolidation,0,24,25,13058,542,146288,47087,2025.4166666666667,0.685204887167188,5,99201,0.256025,0.22660655792447423,385.47541730209514,0.3290559558784259,0,57.0
2038-12-03,41,44144,633,Employed,Bachelor,16,28773,36,Married,3,Rent,294,0.14909926549903854,1,1,0.016633988706063457,0,Auto,0,25,3,1266,903,186165,57975,3678.6666666666665,0.6448216134297474,9,128190,0.197273,0.17426737966718261,1031.957162221027,0.36044504228552743,0,46.0
2038-12-04,22,21042,522,Employed,High School,3,19128,72,Divorced,1,Rent,1084,0.3719720345635645,3,0,0.4166392634950433,0,Debt Consolidation,0,23,8,4267,576,45241,8249,1753.5,0.773575197584239,4,36992,0.27312800000000004,0.2947181544052837,568.9525348221379,0.9426589876373754,0,59.0
2038-12-05,40,67302,578,Employed,High School,16,30381,72,Married,0,Own,496,0.043721311434620665,1,0,0.17916464766718793,0,Home,0,26,6,13699,1881,120203,56728,5608.5,0.876260697131013,6,63475,0.25638099999999997,0.29043453850943873,895.3349590092806,0.24807612713012048,0,49.0
2038-12-06,39,28760,630,Employed,Bachelor,16,11519,60,Married,2,Own,403,0.19799984938297455,4,0,0.5210367556679834,0,Auto,0,23,7,2714,952,193385,4545,2396.6666666666665,0.7954515648897141,5,188840,0.201519,0.17303479210291295,288.15983873193863,0.28838379919274215,1,42.400000000000006
2038-12-07,40,37838,492,Employed,Bachelor,17,22860,60,Single,2,Own,606,0.32521794321493325,4,1,0.1920784915497699,0,Other,0,18,13,1744,772,33795,129959,3153.1666666666665,0.9160749576235877,7,10178,0.28186,0.2870655636792569,721.540636722651,0.421018226139643,0,51.0
2038-12-08,29,104668,616,Employed,Master,9,16206,48,Divorced,2,Mortgage,388,0.12851148418480557,3,0,0.3020862620678049,0,Education,0,14,28,2030,73,45244,1603,8722.333333333334,0.8739981821555787,8,43641,0.20320600000000003,0.23362383696731184,522.649049332766,0.10440429349938082,1,39.2
2038-12-09,28,51478,494,Employed,Associate,7,31708,84,Widowed,0,Rent,637,0.1857040107504251,3,0,0.149085566442213,0,Home,0,25,4,3004,2145,29098,13806,4289.833333333333,0.8076360296134631,1,15292,0.309708,0.3426842289972689,999.3583754627318,0.3814503381163368,0,52.0
2038-12-10,53,78377,561,Employed,Master,32,39243,36,Single,0,Rent,956,0.15213456191678748,6,1,0.1673155540033028,0,Auto,0,22,10,261,1443,119889,71925,6531.416666666667,0.5263765120160766,5,47964,0.243743,0.29249159999999996,1649.8296508975648,0.39896852151486756,0,49.0
2038-12-11,41,54162,520,Employed,Associate,19,22550,84,Single,1,Mortgage,187,0.38228874179661965,2,1,0.3717417404325213,0,Other,0,24,20,777,975,21593,50185,4513.5,0.7877822926656761,5,6187,0.28755000000000003,0.261688316490223,587.736832870988,0.17164879425523163,0,54.0
2038-12-12,29,113199,565,Employed,Bachelor,7,16646,12,Single,2,Own,461,0.35914198906071615,7,0,0.409094251643192,0,Education,1,25,19,7468,5587,28793,21316,9433.25,0.7690860763760397,6,7477,0.199146,0.2072607596044609,1547.7843249730656,0.21294721596195007,1,48.800000000000004
2038-12-13,39,59671,604,Employed,Master,15,20185,24,Divorced,4,Own,262,0.08304866225182077,3,1,0.26537831384555194,0,Home,0,26,21,2113,1968,339354,17329,4972.583333333333,0.8803368123076135,4,322025,0.193185,0.21267073145712825,1039.8691491849409,0.26180941814649145,1,33.6
2038-12-14,30,40929,614,Employed,Bachelor,7,22852,12,Married,4,Mortgage,359,0.33312620413908667,3,0,0.12107810692955966,0,Home,0,28,20,2761,2010,100954,10466,3410.75,0.6462730966846717,6,90488,0.180852,0.19192602667401537,2108.063271900964,0.7233198774172731,0,46.0
2038-12-15,20,48013,585,Employed,High School,0,18337,36,Married,2,Mortgage,316,0.04854161672819606,4,0,0.5080700066498162,0,Debt Consolidation,0,15,3,7986,1546,147625,67313,4001.0833333333335,0.9906952522911735,6,80312,0.210837,0.18533231645812487,667.8418426795623,0.24589386441494485,0,59.0
2038-12-16,46,63617,535,Employed,High School,21,21696,48,Single,1,Rent,196,0.2430266662307531,3,0,0.33100957964865213,0,Auto,0,25,23,1556,1893,20117,38954,5301.416666666667,0.7925060857349994,7,2232,0.249196,0.22031835849743733,683.9309031178816,0.1659803328892368,0,54.0
2038-12-17,46,80140,577,Employed,High School,24,69840,60,Divorced,0,Other,514,0.5294427045051419,1,0,0.13457827400708697,0,Home,0,22,7,6170,416,57252,1905,6678.333333333333,0.6541181895665016,7,55347,0.28634,0.30522273478832673,2282.017081826773,0.41866988996657445,0,49.0
2038-12-18,44,15434,585,Employed,High School,19,25220,36,Married,0,Own,370,0.36472161208014303,1,0,0.15642502111671724,0,Debt Consolidation,0,30,19,873,1842,63133,74060,1286.1666666666667,0.944500354543613,4,2898,0.21772,0.25116023019391076,1004.2910357752471,1.0685170681160403,0,52.0
2038-12-19,18,16079,490,Employed,Bachelor,0,30347,36,Married,1,Rent,625,0.15221984104993305,5,0,0.3649398641141179,0,Auto,0,12,13,5513,1536,58275,16335,1339.9166666666667,0.7096924155937935,2,41940,0.270347,0.2783865461917557,1252.6170065901456,1.4012938664768795,0,55.0
2038-12-20,36,119520,593,Employed,Bachelor,11,38042,48,Divorced,0,Other,187,0.48825137925049095,2,1,0.5098188562163704,0,Debt Consolidation,0,12,26,1619,839,95706,26167,9960.0,0.8576654584050554,6,69539,0.236542,0.2320944207546366,1223.6715568806862,0.1416336904498681,1,44.800000000000004
2038-12-21,42,22324,641,Unemployed,Bachelor,19,10450,96,Married,1,Mortgage,150,0.376662593500404,3,0,0.0017384341742952764,0,Debt Consolidation,0,22,22,1529,1235,185082,1368,1860.3333333333333,0.7775224116390946,4,183714,0.22494999999999998,0.24703548202090467,250.5530117366554,0.21531249511018927,0,48.0
2038-12-22,58,87345,579,Employed,Bachelor,38,14418,120,Divorced,0,Mortgage,113,0.24503551918970592,6,1,0.6972261498186928,0,Other,0,33,17,2652,2756,274700,17426,7278.75,0.6796329023157698,1,257274,0.279918,0.2513653570057356,329.38823948570445,0.060778051105712445,1,40.800000000000004
2038-12-23,19,21378,538,Unemployed,Bachelor,0,26125,60,Single,0,Mortgage,288,0.4332217819181165,3,0,0.40508844835589436,0,Debt Consolidation,0,21,4,9001,857,38710,4180,1781.5,0.7800324614345293,2,34530,0.262125,0.24994313612841662,766.7162320754574,0.5920383003510847,0,65.0
2038-12-24,58,170574,657,Employed,Bachelor,36,15563,36,Married,2,Rent,389,0.4513645258254158,1,1,0.40820756303463335,0,Home,0,30,20,2855,743,197357,10867,14214.5,0.8863259199162404,8,186490,0.172063,0.16698991231055185,552.5347508644577,0.06623762713176388,1,36.0
2038-12-25,23,27495,538,Self-Employed,Bachelor,2,23535,36,Married,3,Rent,296,0.3687815102887868,4,0,0.16013896645192044,0,Debt Consolidation,0,25,10,844,1507,10581,40362,2291.25,0.9831164656941839,5,3109,0.239535,0.19162800000000002,864.6378529362786,0.5065522544184522,0,55.0
2038-12-26,21,87962,575,Employed,Master,1,11615,72,Married,2,Mortgage,416,0.35699999499827606,2,2,0.21586082534783094,0,Home,0,27,4,6164,1326,99139,17664,7330.166666666667,0.8698687827785524,7,81475,0.23911500000000002,0.24825463634531544,311.6325092848803,0.09926547954137654,0,52.0
2038-12-27,60,98376,644,Employed,Bachelor,38,27767,48,Married,0,Mortgage,388,0.22944037113516752,2,2,0.1141606711968709,0,Home,0,22,14,3692,3528,11982,125575,8198.0,0.7132585173685622,6,10880,0.200767,0.19946757743533866,844.1723997476674,0.15030158572184282,0,46.0
2038-12-28,24,50836,415,Employed,High School,2,25755,72,Married,2,Other,370,0.2157717973490293,5,2,0.10078333617241239,0,Other,0,24,9,2610,1109,78147,16107,4236.333333333333,0.7806536408972784,5,62040,0.333255,0.30083581467315124,776.2059539256285,0.2705655725688005,0,49.0
2038-12-29,51,52222,464,Self-Employed,High School,27,12382,60,Married,1,Other,350,0.1314876157972564,1,1,0.08103130429716654,0,Debt Consolidation,0,20,8,941,2885,52613,12478,4351.833333333333,0.6963972212957903,7,40135,0.285382,0.28741977572297744,391.08507741856437,0.1702926147796479,0,53.0
2038-12-30,18,51179,539,Employed,Bachelor,0,21492,24,Single,5,Mortgage,567,0.37090808977093187,4,2,0.3812036336965966,0,Home,0,29,7,1527,676,48405,24813,4264.916666666667,0.7335038906754405,5,23592,0.226992,0.21391886968013377,1108.5216994849216,0.39286153292989423,0,55.0
2038-12-31,45,39104,576,Employed,Associate,22,25719,36,Married,1,Mortgage,300,0.06761330126636034,3,4,0.3023315865357573,0,Auto,0,25,17,3369,1665,20184,5075,3258.6666666666665,0.9810054702219956,4,15109,0.222719,0.2312556309564074,997.2592625735681,0.39809510921856633,0,54.0
2039-01-01,37,29368,587,Employed,Bachelor,12,27913,36,Married,1,Rent,375,0.5083312520554897,3,2,0.3115578400442792,0,Home,0,26,13,7036,4535,40860,29330,2447.3333333333335,0.7901448064580984,1,11530,0.219413,0.25499995068991427,1117.2106867007979,0.6097292372789966,0,57.0
2039-01-02,42,16197,542,Employed,Associate,19,15183,48,Married,3,Mortgage,1270,0.13273367127572477,1,1,0.16118331493963187,0,Education,0,21,26,27404,1910,42140,59092,1349.75,0.7570080867373326,9,9107,0.239183,0.22840483237977888,485.3115050583979,1.3004715725566942,0,51.0
2039-01-03,39,76407,578,Employed,Bachelor,19,25405,48,Single,2,Rent,365,0.39843884805543905,3,1,0.15981759488538846,0,Education,1,24,24,865,1523,299593,21073,3997.0833333333335,0.9622057859138626,7,278520,0.23140500000000003,0.2558862004386563,850.7187356154318,0.304151461010845,0,50.0
2039-01-04,44,94347,600,Employed,Doctorate,21,17271,84,Divorced,2,Own,374,0.28017913421409635,3,0,0.2636097738793863,0,Home,0,23,27,1877,578,75727,22250,7862.25,0.8815554717313776,5,53477,0.24227100000000001,0.20700538120829293,390.84152917337764,0.09728023519646128,1,36.800000000000004
2039-01-05,36,87947,590,Employed,Associate,13,15904,72,Divorced,0,Own,491,0.1480236941517097,1,1,0.26855922652088765,0,Home,0,29,14,9535,326,14423,33426,7328.916666666667,0.7635134781715084,7,1591,0.235904,0.2323748764253776,411.3709523829543,0.12312473908826284,1,40.0
2039-01-06,47,97904,646,Employed,Bachelor,26,24293,84,Divorced,3,Other,319,0.44517286264776634,1,1,0.25159408080803297,0,Auto,0,18,13,733,1895,50895,4533,8158.666666666667,0.8458907248995198,6,46362,0.22629300000000002,0.24036462399277142,600.0096460894374,0.11264213671630627,0,49.0
2039-01-07,18,22461,533,Employed,Master,0,31615,36,Married,2,Mortgage,321,0.4848955954923981,4,0,0.7644129816898858,0,Home,0,23,23,7361,794,78702,287256,1871.75,0.7688401650427494,6,8513,0.250115,0.2705801043036554,1291.6732940994466,0.8615858389739264,0,61.0
2039-01-08,27,39783,530,Employed,High School,4,25720,72,Married,0,Rent,507,0.39360265170036424,4,2,0.23347964946141467,0,Education,0,25,10,2613,242,88671,43214,3315.25,0.8615547916397808,8,45457,0.27571999999999997,0.28857299174356493,754.9176152624913,0.3806402579782796,0,53.0
2039-01-09,27,25015,496,Employed,High School,5,34367,24,Married,0,Rent,344,0.2446168784177858,0,2,0.2500342519064184,0,Debt Consolidation,0,20,8,1904,481,35988,46155,2084.5833333333335,0.8937689141428787,2,6769,0.261367,0.2596592234257506,1850.916620473371,1.0529282208946813,0,55.0
2039-01-10,38,47732,563,Employed,Bachelor,12,25153,60,Single,2,Own,913,0.1676880746562296,3,1,0.09384313822776214,0,Auto,0,22,22,4441,4320,15698,12373,3977.6666666666665,0.8863350836983375,3,3325,0.248653,0.2582580662522215,750.5009002219784,0.4182102321851953,0,50.0
2039-01-11,48,98267,642,Employed,Master,23,9816,24,Widowed,1,Rent,271,0.36085492166366084,1,2,0.3090515761645947,1,Auto,0,28,5,8932,1729,38153,54474,8188.916666666667,0.8631383307788738,4,4266,0.163816,0.15454573683032935,478.0676792688975,0.09147335475008671,1,51.2
2039-01-12,29,38349,589,Employed,High School,4,33278,96,Divorced,4,Rent,748,0.3753352410288676,4,1,0.15673907941677656,0,Home,1,28,13,6840,258,75605,9953,3195.75,0.7670719526709012,6,65652,0.273778,0.21902240000000003,737.2587475532857,0.46476061880725517,0,55.0
2039-01-13,44,51883,550,Employed,High School,20,24059,60,Single,1,Mortgage,1168,0.37063747149860254,4,0,0.20921198571389032,0,Auto,0,21,16,2072,339,139863,4130,4323.583333333333,0.7577157138601016,3,135733,0.254059,0.24019964025222615,692.4073108930548,0.4302929231292843,0,48.0
2039-01-14,33,77664,554,Employed,Bachelor,11,16809,48,Married,1,Other,228,0.20923868577898785,1,2,0.4609529884719064,0,Home,0,23,17,1073,1565,37523,45439,3487.1666666666665,0.8266282453665735,8,3037,0.234809,0.2308155667318842,539.5045518838456,0.22009402625355226,0,56.0
2039-01-15,35,61402,494,Employed,High School,12,15587,84,Single,4,Rent,332,0.6191050121269772,1,1,0.08307710852480883,0,Debt Consolidation,0,31,4,2852,989,49142,27484,5116.833333333333,0.8112245447529906,4,21658,0.293587,0.24685490368265017,391.4035420588444,0.14137719463056794,0,55.0
2039-01-16,64,154206,666,Employed,Bachelor,41,35036,36,Divorced,0,Mortgage,248,0.40737977325983366,0,0,0.07656765072537428,0,Debt Consolidation,0,19,29,6646,71,223540,40016,12850.5,0.9517138086074912,1,183524,0.187036,0.18491972959883907,1275.2989017258515,0.11854004915963204,1,31.200000000000003
2039-01-17,59,46466,559,Employed,Bachelor,37,13790,96,Divorced,2,Mortgage,866,0.3386038836285612,2,2,0.1907979299629261,0,Home,0,20,29,8885,118,107329,92406,3872.1666666666665,0.8343404115917765,4,14923,0.26929,0.29179673248970667,372.4218258055209,0.3198265809337204,0,51.0
2039-01-18,38,58203,588,Unemployed,Bachelor,13,47734,48,Married,0,Rent,623,0.2565056512824714,5,0,0.46002447318439443,0,Home,1,35,9,3037,299,39430,16192,4850.25,0.47500244939087233,4,23238,0.248734,0.2156597556457127,1492.6861275586766,0.4362014592152315,0,66.0
2039-01-19,52,50065,520,Employed,Bachelor,34,30001,96,Married,1,Mortgage,1115,0.5385549489444872,2,1,0.2253042351300526,0,Auto,0,18,2,3366,3389,18045,2974,4172.083333333333,0.8265391737286008,5,15071,0.305001,0.28311397750695344,792.269995600328,0.457150503289802,0,57.0
2039-01-20,45,88537,615,Employed,Doctorate,26,23484,24,Married,4,Mortgage,397,0.16041822155915145,4,2,0.17137788258647718,0,Debt Consolidation,0,27,20,1244,4537,225425,2421,7378.083333333333,0.8731373423072571,6,223004,0.190984,0.21079517696302794,1207.658045534454,0.21748982398786326,1,32.800000000000004
2039-01-21,39,55903,569,Employed,Bachelor,18,25307,48,Married,1,Rent,1499,0.24504946789367546,5,1,0.1997540332345517,0,Debt Consolidation,0,22,5,776,5115,57767,11823,4658.583333333333,0.7501779604741277,4,45944,0.23580700000000002,0.2417122474660284,827.4520174585106,0.49939044790981035,0,52.0
2039-01-22,55,39298,575,Employed,Associate,35,9938,24,Married,5,Other,305,0.09830812857120654,4,0,0.39799443251249655,0,Auto,0,21,23,1747,669,13886,11243,3274.8333333333335,0.6654591639558091,3,2643,0.197438,0.20629637517593463,508.8645520770724,0.24852090755063536,0,54.0
2039-01-23,48,41526,594,Employed,Bachelor,25,22960,120,Divorced,2,Mortgage,147,0.3456973842040985,3,2,0.17052097145043493,0,Debt Consolidation,0,21,20,52220,676,71212,27193,3460.5,0.9654852714876255,6,44019,0.28096,0.287051543486772,583.4242035650897,0.2110747590131743,0,51.0
2039-01-24,44,18452,524,Employed,High School,24,10413,36,Single,4,Mortgage,242,0.4535130071206827,2,0,0.3000223583829538,0,Home,0,24,29,9532,1007,56868,24114,1537.6666666666667,0.8609317724359523,8,32754,0.233413,0.26276223721363834,421.07994976207334,0.4312247668081985,0,57.0
2039-01-25,51,106932,569,Employed,Associate,26,32350,48,Single,0,Rent,390,0.15209560991427307,8,1,0.43165160000271924,0,Other,0,21,18,8769,1373,75753,2722,8911.0,0.9069535444721689,10,73031,0.24285,0.2458592997083132,1065.1756067847216,0.16330104441529814,1,41.6
2039-01-26,18,46540,550,Unemployed,Bachelor,0,42288,12,Single,1,Own,379,0.16305710019102904,2,0,0.414651135135312,0,Auto,0,15,22,4618,725,31169,42624,3878.3333333333335,0.7473694403147584,6,6348,0.232288,0.21701302898532224,3951.842527002095,1.1166761994848546,0,59.0
2039-01-27,46,118388,640,Employed,Master,27,18245,96,Married,1,Mortgage,760,0.49072263951611145,4,1,0.18823967815048478,0,Home,1,21,28,1234,1416,101993,12391,9865.666666666666,0.8510620123483227,6,89602,0.23324500000000004,0.23640780249265297,424.70807220173026,0.12008393474356155,1,40.800000000000004
2039-01-28,41,72197,646,Employed,Doctorate,20,29667,36,Married,3,Mortgage,497,0.43848231216917266,1,0,0.5668047010841061,0,Auto,0,19,25,2103,1837,419729,125796,6016.416666666667,0.8738038243856251,6,293933,0.191667,0.17101990520466073,1059.2159494292623,0.2586615980324826,1,40.0
2039-01-29,39,130615,647,Employed,Master,20,17053,12,Single,0,Rent,233,0.3852958721060187,2,0,0.235886327778683,0,Home,0,25,26,7509,1753,106435,21851,10884.583333333334,0.7775806909428162,1,84584,0.158553,0.14635507381041424,1536.2435290635988,0.1625458205318163,1,36.0
2039-01-30,34,42648,593,Employed,Associate,11,24656,36,Married,2,Other,349,0.0870459838461011,2,3,0.23047745637936717,0,Debt Consolidation,0,19,15,3131,1410,125381,66969,3554.0,0.6961578775106602,7,58412,0.213156,0.1908976527412738,904.910234574836,0.352816610741372,0,50.0
2039-01-31,46,53058,578,Employed,Bachelor,26,12417,36,Married,0,Own,316,0.31967409974350897,2,1,0.21912354904833217,0,Home,0,23,29,11074,1462,388685,17905,4421.5,0.8104811003948373,3,370780,0.20841700000000002,0.2057734740995314,465.1210788103557,0.1766642720367196,1,36.800000000000004
2039-02-01,25,58507,600,Employed,Bachelor,3,18745,84,Divorced,3,Mortgage,468,0.05899783869222449,4,1,0.18719704369942053,0,Auto,0,21,23,4171,354,29200,20598,4875.583333333333,0.7016405226169642,4,8602,0.24374500000000002,0.2549395930569292,480.4027624814415,0.19452088040366622,0,46.0
2039-02-02,38,30731,572,Employed,High School,17,13291,72,Single,5,Mortgage,123,0.4350750015507035,4,1,0.33571101503223544,0,Home,0,22,15,492,725,39526,13194,2560.9166666666665,0.8512482445577821,8,26332,0.242291,0.22106474023491818,334.7918702423818,0.17876093986230782,0,56.0
2039-02-03,39,30412,611,Employed,Bachelor,15,29159,36,Single,0,Other,318,0.32011026941539494,1,0,0.4871025584484752,0,Home,0,20,17,15535,1210,169649,68307,2534.3333333333335,0.8837355305966215,3,101342,0.20865899999999998,0.2117715129439517,1101.2212656883748,0.5599978688761179,0,50.0
2039-02-04,42,36822,604,Employed,Master,19,20759,60,Single,3,Own,542,0.27462116122426666,2,0,0.13959604648968515,0,Debt Consolidation,0,23,14,827,308,27912,20052,3068.5,0.5151893945990894,6,7860,0.22375899999999999,0.19991295629339173,549.8859959306303,0.3558370526089719,0,48.0
2039-02-05,63,34061,618,Employed,High School,44,22906,96,Married,0,Other,544,0.20698789747903718,2,1,0.5453319497225738,0,Auto,0,22,26,17253,1261,123153,6645,2838.4166666666665,0.8438671523853931,8,116508,0.24890600000000002,0.2859332064417084,609.3435524963369,0.40633342033281594,0,52.0
2039-02-06,27,36186,588,Employed,Bachelor,3,38822,60,Married,0,Own,229,0.17358377435136407,3,0,0.17019238242386764,0,Debt Consolidation,0,25,17,5007,270,40949,19772,3015.5,0.4833393877269176,7,21177,0.249822,0.26330994134799207,1169.9683321601838,0.46392582727911913,0,50.0
2039-02-07,22,43790,576,Employed,High School,0,27285,60,Single,3,Rent,409,0.15790985953683637,0,2,0.191745094358733,1,Home,1,27,1,2516,500,11276,3085,3649.1666666666665,0.6933137867073038,7,8191,0.24428500000000003,0.22484367278880799,761.1153689801357,0.320652761538288,0,72.0
2039-02-08,55,163368,585,Employed,Bachelor,32,24526,48,Single,4,Mortgage,388,0.14564494477574108,2,2,0.47520592411048296,1,Debt Consolidation,0,33,23,514,973,54479,38718,13614.0,0.622836177449286,6,15761,0.227026,0.27230967504942016,844.0258201207181,0.09049697518148361,1,52.0
2039-02-09,47,263597,494,Employed,High School,20,19431,36,Single,0,Own,225,0.1403428484800067,2,1,0.19602191183877096,0,Auto,0,14,16,2682,1133,32821,14342,21966.416666666668,0.8524581691919387,4,18479,0.25743099999999997,0.28224787803265977,806.0974649082613,0.04693972078172034,1,37.6
2039-02-10,51,164327,633,Unemployed,Bachelor,30,15237,24,Divorced,0,Other,351,0.10846858794193216,0,0,0.49691017357011585,0,Home,0,23,29,1157,1177,307094,124625,13693.916666666666,0.7397734074778406,4,182469,0.173737,0.16081450339824624,746.6440402065705,0.08015559513944054,1,39.2
2039-02-11,34,64090,608,Employed,High School,11,16573,48,Married,2,Own,300,0.09608245891905837,2,0,0.37198316637063844,1,Auto,0,25,8,1641,607,46836,64353,5340.833333333333,0.9561011450099565,3,3275,0.207573,0.16605840000000002,474.8416686445458,0.14507879581423855,0,63.0
2039-02-12,30,170425,582,Employed,Bachelor,10,34874,36,Married,0,Own,649,0.12688623258748816,2,3,0.3049036938227549,0,Home,0,21,14,3963,13324,17287,27591,14202.083333333334,0.9152377433803325,7,7664,0.228874,0.22082953354453955,1333.3509228878584,0.1395816991324882,1,40.800000000000004
2039-02-13,42,26506,584,Employed,High School,17,14598,84,Divorced,0,Own,1076,0.08828409412972593,2,2,0.23674432395949366,0,Home,0,18,19,2332,1399,11547,21580,2208.8333333333335,0.8087378931173147,4,9842,0.247598,0.25799919408320315,376.9980147219616,0.6578124264945121,0,53.0
2039-02-14,45,52031,588,Employed,Bachelor,27,25034,72,Married,1,Rent,623,0.13401893115811797,5,1,0.22356247220195644,0,Debt Consolidation,0,27,20,1224,322,8654,16955,4335.916666666667,0.9491522008126575,4,5959,0.246034,0.25483689956123695,681.7944410514126,0.3009270106785753,0,51.0
2039-02-15,19,35771,488,Employed,High School,0,62425,24,Married,2,Mortgage,204,0.29384797856173606,1,2,0.09970987496662807,0,Debt Consolidation,0,27,12,1107,1629,57378,5366,2980.9166666666665,0.8948061179689983,5,52012,0.293425,0.25439897166421255,3345.510961986547,1.1907447805160205,0,49.0
2039-02-16,22,70771,477,Employed,Bachelor,0,46929,96,Married,0,Rent,235,0.09004362632588281,3,1,0.21300379008156534,0,Debt Consolidation,0,19,4,24174,267,134342,59062,5897.583333333333,0.803827649972426,6,75280,0.34342900000000004,0.38778406930245257,1591.6651628363925,0.3097311321591713,0,52.0
2039-02-17,30,26186,521,Employed,Associate,5,16705,60,Married,2,Own,501,0.6457316570200123,4,2,0.5163919779631112,0,Home,0,21,12,7746,205,47804,17079,2182.1666666666665,0.9549247767861195,7,30725,0.261205,0.26027199623432484,500.4245678801717,0.4589129616803659,0,62.0
2039-02-18,35,19300,566,Employed,High School,12,9773,48,Single,3,Rent,286,0.3857076053690777,4,0,0.1700738003957502,0,Home,0,17,26,4374,1013,36591,8264,1608.3333333333333,0.9012912001413329,6,28327,0.221773,0.225034551284713,310.58628483265386,0.37093447761615783,0,52.0
2039-02-19,68,88282,545,Employed,Bachelor,41,13326,12,Divorced,0,Rent,338,0.3920261143771404,5,2,0.07089212755058961,0,Education,0,20,23,2995,1005,125365,20281,7356.833333333333,0.8101703349634618,4,105084,0.205826,0.1850951678825433,1224.9612773529016,0.2124502767068578,1,36.0
2039-02-20,55,20317,554,Employed,Associate,34,14584,24,Married,3,Mortgage,733,0.5558032735590924,3,1,0.26020996224633675,0,Auto,0,23,14,3885,417,246518,26660,1693.0833333333333,0.7955846470433359,3,219858,0.21258399999999997,0.18731835076188416,733.2605486919696,0.8660297575578894,0,51.0
2039-02-21,48,107635,571,Employed,Bachelor,25,42351,48,Married,5,Rent,526,0.07304172421758798,2,3,0.15233542152552831,0,Auto,0,20,2,23508,793,433071,21931,8969.583333333334,0.6840472966433603,7,411140,0.251851,0.29183557193235343,1504.8452272061702,0.2264146674081297,0,46.0
2039-02-22,45,28136,603,Employed,Bachelor,24,17575,60,Married,0,Mortgage,474,0.24798975499472703,3,0,0.6014812915776195,0,Education,0,23,18,553,982,379844,12857,2344.6666666666665,0.912100131389341,3,366987,0.22107500000000002,0.23238733904546524,497.8611200441021,0.41449862953259975,0,51.0
2039-02-23,38,31280,580,Employed,High School,15,14700,120,Married,2,Rent,569,0.22752189618835986,1,1,0.3516815123970848,0,Education,0,28,13,2451,4027,11998,10136,2606.6666666666665,0.9779349490508563,9,1862,0.2797,0.2713387158931609,356.77419419295205,0.35515634048322975,0,55.0
2039-02-24,47,180193,425,Self-Employed,Bachelor,25,31490,36,Divorced,0,Own,495,0.1795891436161756,4,0,0.15510136044902267,0,Home,0,24,22,1887,1185,71979,15906,15016.083333333334,0.675793625433993,2,56073,0.30399,0.3277951194395796,1385.1888439046834,0.12521166819385993,1,38.400000000000006
2039-02-25,46,35180,529,Employed,Associate,26,6830,24,Married,0,Own,574,0.2017082595803482,5,1,0.2158926644497932,0,Debt Consolidation,0,25,4,1015,945,201073,6467,2931.6666666666665,0.909697626193362,6,194606,0.21733,0.17386400000000002,338.96011698839396,0.31141334291815603,1,41.6
2039-02-26,55,43451,556,Employed,High School,34,42296,60,Married,4,Mortgage,1076,0.5977456249038634,4,2,0.4233604492405007,0,Education,0,21,4,4838,200,173035,20424,3620.9166666666665,0.831914596185504,10,152611,0.269296,0.3036061808236963,1377.8028205779144,0.6776744803787019,0,57.0
2039-02-27,27,69438,573,Employed,Bachelor,4,17594,72,Single,1,Rent,381,0.26561999560060734,6,0,0.057477474609293235,0,Auto,0,30,18,5298,6023,36500,10896,5786.5,0.9487410731637785,6,25604,0.246094,0.19687520000000003,418.2452940816801,0.13812240457645902,1,40.0
2039-02-28,51,60155,559,Employed,Bachelor,29,17181,36,Divorced,0,Rent,535,0.06869101720782195,3,0,0.2574994101562417,0,Debt Consolidation,1,29,4,31710,10784,42494,50483,5012.916666666667,0.6755576160797716,5,2894,0.222681,0.2111159017553333,648.2801285361097,0.23604623958828552,0,60.0
2039-03-01,36,64988,594,Employed,Bachelor,13,4591,60,Married,0,Own,411,0.34767648162635734,2,2,0.31778177421958587,0,Debt Consolidation,0,30,8,4575,2482,43901,38518,5415.666666666667,0.7961079658029738,2,5383,0.21259100000000003,0.22049993315680455,126.92895679820047,0.09932829878713617,1,44.0
2039-03-02,45,72130,526,Employed,Bachelor,26,21738,24,Married,1,Own,220,0.33271028920389983,2,0,0.40503853930328004,0,Auto,0,27,2,3083,1242,135067,190908,6010.833333333333,0.9312571712615261,3,6585,0.233738,0.24832667049033014,1158.3658494150777,0.22931360311910348,0,60.0
2039-03-03,27,59202,570,Self-Employed,High School,6,17633,96,Married,1,Rent,458,0.0992692699937116,5,0,0.05161290985387802,0,Debt Consolidation,0,26,29,543,1129,214132,15973,4933.5,0.8154943847874329,2,198159,0.267633,0.3211596,512.5203256253178,0.1967204470711093,0,48.0
2039-03-04,39,25371,612,Employed,Bachelor,17,22407,36,Divorced,4,Other,547,0.31714627251590494,1,0,0.2151950969278744,0,Education,0,22,24,21833,5140,26973,59404,2114.25,0.9508934504268212,7,3415,0.201407,0.1907840435998809,822.2399478255716,0.6476244284382507,0,51.0
2039-03-05,53,38656,476,Employed,Associate,31,22062,48,Widowed,0,Own,526,0.1177773648705203,8,0,0.14396681833813152,0,Home,0,22,17,1226,210,34810,84324,3221.3333333333335,0.8515851544310703,4,3747,0.279062,0.2990897265346593,793.196638034779,0.4095188238932468,0,50.0
2039-03-06,46,21942,558,Employed,Associate,25,21499,48,Married,1,Mortgage,423,0.6578760541423536,5,0,0.338509969359142,0,Home,0,28,10,13552,2194,51213,2207,1828.5,0.6764444847255583,2,49006,0.237499,0.26210000650121273,727.4307358419246,0.6291663854754852,0,58.0
2039-03-07,38,35294,552,Employed,Doctorate,16,68898,48,Married,2,Mortgage,298,0.19673462298016345,5,0,0.3387188864166273,0,Auto,0,31,17,3195,512,286626,25065,2941.1666666666665,0.9581517926069476,4,261561,0.287898,0.2733835641248777,2375.230638000493,0.9089014465916563,0,48.0
2039-03-08,28,61639,558,Employed,Master,6,28110,96,Married,5,Rent,194,0.02464068859622409,5,1,0.1197302167924089,0,Other,0,24,10,1962,1143,111358,10065,5136.583333333333,0.8286126616808691,5,101293,0.28411,0.2960613064787653,767.4711589174425,0.18718106891755723,0,45.0
2039-03-09,18,36123,599,Employed,Master,0,29541,24,Single,1,Mortgage,544,0.5375784971348818,7,3,0.13433127617533197,0,Debt Consolidation,0,19,6,2655,700,26412,268080,3010.25,0.69465228571787,1,4708,0.205041,0.2015054458539519,1505.6863532926734,0.6809023680068678,0,54.0
2039-03-10,18,48741,554,Employed,Master,0,78618,48,Married,1,Other,423,0.39642131695147204,6,1,0.17933562629327374,0,Auto,0,26,23,2790,726,93066,66804,4061.75,0.8338374985693211,4,26262,0.296618,0.27004549584389637,2695.411012402751,0.7677506031643383,0,51.0
2039-03-11,52,38974,636,Employed,High School,32,17695,24,Married,0,Rent,333,0.5972118087739599,5,1,0.259797567372131,0,Debt Consolidation,0,23,24,3634,977,78049,101514,3247.8333333333335,0.6993164221451076,2,2562,0.174695,0.20250879813602143,902.7713977057039,0.3804910138160939,0,51.0
2039-03-12,44,165426,619,Employed,Master,20,30416,36,Married,1,Own,278,0.10002161025287688,2,0,0.4599488651279203,0,Auto,0,28,8,13830,1601,71168,118375,13785.5,0.6915169628850006,2,8869,0.20591600000000002,0.19147303445915204,1117.1960715822102,0.10120750582729754,1,40.800000000000004
2039-03-13,26,94056,605,Employed,Master,4,10930,36,Single,2,Own,187,0.47725751998163823,3,0,0.13772733990457472,0,Debt Consolidation,0,34,19,5801,3739,56708,32224,7838.0,0.8630800770175777,6,24484,0.19343,0.17172575923167285,390.6237173822898,0.07369529438406351,1,37.6
2039-03-14,37,56280,495,Self-Employed,High School,13,28941,36,Married,5,Rent,383,0.04555469207681379,4,0,0.3316121630240947,0,Home,0,20,15,4893,1462,128414,49980,4690.0,0.7718188052483296,6,78434,0.266441,0.2722684286683619,1185.0474331032701,0.33433847187702986,0,54.0
2039-03-15,22,68181,581,Employed,High School,3,48687,60,Single,2,Other,393,0.36551716906732645,4,1,0.21753199711203408,0,Auto,0,23,24,1765,694,68154,69151,5681.75,0.7215044207228494,4,4766,0.263187,0.2105496,1318.6526025566695,0.30125447310365105,0,52.0
2039-03-16,58,21466,647,Employed,Associate,37,33967,36,Single,0,Mortgage,176,0.20857226382827973,6,0,0.27262306368767336,0,Education,0,15,1,6389,1900,41210,13096,1788.8333333333333,0.8885926242801618,7,28114,0.195467,0.19362232490577308,1251.3246443931075,0.7979081213415303,0,55.0
2039-03-17,18,115867,519,Employed,Doctorate,0,25851,36,Married,1,Mortgage,222,0.06439591599098467,7,0,0.6537333976806661,0,Debt Consolidation,0,21,26,19148,688,19836,3435,9655.583333333334,0.8312423245088341,1,16401,0.251351,0.26114922662895224,1043.1360551833034,0.1310263721525511,1,44.800000000000004
2039-03-18,20,18894,577,Employed,Doctorate,0,25766,108,Divorced,2,Rent,652,0.4123007057558975,4,1,0.16944244343895862,0,Auto,0,20,10,1775,1161,66452,15150,1574.5,0.6171248090156926,7,51302,0.282266,0.3032778679216073,698.3275013125843,0.8576230557717271,0,51.0
2039-03-19,18,15000,596,Employed,Bachelor,0,44443,108,Married,2,Mortgage,769,0.17295328952206143,4,0,0.49302769477221886,0,Home,0,28,28,3462,2844,117505,23031,1250.0,0.5137591934081859,4,94474,0.291443,0.31764270381912546,1250.8552290186349,1.6158841832149078,0,55.0
2039-03-20,44,15000,581,Employed,High School,25,13874,48,Married,3,Own,477,0.3126983753931366,2,0,0.17797074951233222,0,Home,0,24,25,891,938,13291,18918,1250.0,0.8262309516546992,7,1953,0.218374,0.2273615156518015,442.6789096811744,0.7357431277449396,0,52.0
2039-03-21,63,39342,608,Employed,Associate,41,29897,48,Married,2,Mortgage,396,0.12601259460341172,5,1,0.2818511719374684,0,Debt Consolidation,1,24,11,4912,962,9739,18227,3278.5,0.8996763152160125,6,5964,0.220897,0.17671760000000003,873.1047554187315,0.3870992086072081,0,55.0
2039-03-22,31,98435,556,Self-Employed,Bachelor,11,27062,60,Divorced,1,Mortgage,190,0.1007450268800411,2,0,0.7373656335721764,0,Home,0,30,18,254,838,67285,83600,8202.916666666666,0.6106442172219363,5,4550,0.254062,0.24948220467930085,793.4842159501591,0.11989445412101295,1,47.2
2039-03-23,21,134576,510,Employed,High School,0,25633,60,Single,3,Own,467,0.06869211393630806,4,1,0.2901417550377212,0,Other,0,25,27,1667,3405,37910,6985,11214.666666666666,0.9533036513947607,10,30925,0.275633,0.2939856128854536,819.8701907686604,0.11474885781434971,1,39.2
2039-03-24,24,20719,535,Employed,Bachelor,1,11526,60,Widowed,1,Own,500,0.17182556065498866,5,0,0.34142345143155395,0,Debt Consolidation,0,28,16,947,1193,122313,52436,1726.5833333333333,0.7946446239009644,6,69877,0.24902600000000003,0.234921985110213,328.19104564410367,0.4796704738515008,0,53.0
2039-03-25,27,48948,616,Employed,High School,5,14791,72,Divorced,0,Rent,836,0.254181151061379,4,1,0.32602792298820815,0,Debt Consolidation,0,24,4,38155,2394,40549,49622,4079.0,0.9826023268739923,9,6138,0.22179100000000002,0.2397775205137791,389.2004146857294,0.30036783885406454,0,55.0
2039-03-26,30,30992,493,Employed,High School,9,14212,12,Divorced,0,Mortgage,320,0.07350694882046234,2,2,0.2649763881787705,1,Education,0,29,28,1542,284,64113,7042,2582.6666666666665,0.617021922031817,2,57071,0.232712,0.22957504315752225,1336.7212249578254,0.6414769843667367,0,62.0
2039-03-27,66,50901,650,Employed,Associate,42,35102,36,Single,0,Mortgage,364,0.12177053002013763,2,2,0.3295266772997204,0,Auto,0,25,9,6870,2143,101134,31892,4241.75,0.708028928722846,2,69242,0.195102,0.2050051887154318,1313.4853122130082,0.3954701036631127,0,46.0
2039-03-28,51,78122,624,Unemployed,High School,28,13172,60,Divorced,0,Other,762,0.343365601377171,5,0,0.15121383353295048,0,Auto,0,28,17,3388,1723,12791,75476,6510.166666666667,0.6849642425543896,5,5599,0.20617200000000002,0.2089898817381974,355.5988079654453,0.17166976902262285,0,50.0
2039-03-29,42,59760,631,Employed,Bachelor,20,19325,36,Divorced,2,Mortgage,189,0.6838430475685972,4,1,0.06989774029630313,0,Debt Consolidation,0,31,21,4134,513,209094,3777,4980.0,0.8449634262928369,5,205317,0.18882500000000002,0.17871898639784425,697.4038092696202,0.1779927327850643,1,36.0
2039-03-30,26,15000,610,Employed,Associate,3,16039,36,Single,0,Mortgage,829,0.43007226681623395,2,2,0.45831441271544815,0,Home,0,26,15,1273,2728,66947,79794,1250.0,0.8932475143103003,2,3988,0.196039,0.21678253510106912,609.8702242789865,1.151096179423189,0,56.0
2039-03-31,29,147261,438,Employed,Bachelor,8,27047,36,Married,2,Rent,379,0.3556550415625777,3,1,0.45961334915637986,0,Other,1,22,1,13480,3717,58244,6276,12271.75,0.867595590776089,6,51968,0.29304699999999995,0.3041676525023637,1154.3705332777924,0.12495125253348482,1,49.6
2039-04-01,49,70043,528,Employed,Bachelor,24,44122,48,Single,2,Other,182,0.26406172469390965,1,0,0.615333853706264,0,Debt Consolidation,0,24,12,2294,3358,363831,16165,5836.916666666667,0.8357882545922625,6,347666,0.275122,0.32010621178082566,1640.66552592434,0.31226512729454875,0,52.0
2039-04-02,56,60748,614,Employed,High School,34,16214,48,Married,2,Mortgage,272,0.331512702353357,3,1,0.40396364511123045,0,Debt Consolidation,0,20,16,1866,75,180097,62124,5062.333333333333,0.7524075864535585,5,117973,0.204214,0.16337120000000002,462.31358528200724,0.14505437254533626,1,39.2
2039-04-03,48,35699,557,Self-Employed,Bachelor,23,21427,24,Widowed,3,Mortgage,270,0.19602017948635858,6,2,0.2588537774489989,0,Home,0,20,14,7700,3442,171911,164144,2974.9166666666665,0.7745817747255561,9,7767,0.21792699999999998,0.19459150237093345,1084.8913798551305,0.4554384312799117,0,55.0
2039-04-04,52,46980,608,Employed,Master,30,27915,60,Married,3,Own,230,0.38968955697578506,2,0,0.0461073875293231,0,Home,0,31,4,4888,1558,178028,14519,3915.0,0.8104463977180357,3,163509,0.22891499999999998,0.21956393373240668,770.2899838358575,0.2555019115800402,0,47.0
2039-04-05,44,76633,603,Employed,High School,18,31461,48,Single,4,Mortgage,450,0.25034311093151007,0,0,0.24493108682593095,0,Debt Consolidation,0,22,28,424,3658,75279,37191,6386.083333333333,0.7671405179540439,4,38088,0.224961,0.19605507283989096,950.7695124112331,0.21934720223578352,1,39.2
2039-04-06,38,54565,493,Employed,High School,12,17833,72,Single,1,Rent,690,0.6565604551836757,2,0,0.06159387560452908,0,Education,0,18,24,2372,1938,123211,41365,4547.083333333333,0.7391708274632868,2,81846,0.286333,0.29542884060568864,531.2467541491997,0.26857804544653896,0,50.0
2039-04-07,46,45657,555,Employed,Bachelor,23,41534,72,Divorced,1,Mortgage,671,0.10438370509011695,3,1,0.17367835239655086,0,Education,0,15,2,2147,5092,27103,36938,3804.75,0.8412276990909608,5,1155,0.279034,0.23239433067841408,1074.3620920356918,0.4587323981958583,0,54.0
2039-04-08,44,21113,576,Employed,High School,21,10859,72,Married,5,Mortgage,312,0.17842556610347268,0,1,0.19021637159353913,0,Home,1,19,21,286,4347,137393,59802,1759.4166666666667,0.9014888546540925,5,77591,0.23785900000000001,0.19492991770424672,256.9222809935941,0.3233584697543281,0,55.0
2039-04-09,35,21035,600,Employed,Bachelor,13,28482,60,Married,0,Rent,263,0.0858532073161952,9,2,0.31872058713120044,0,Debt Consolidation,0,25,15,1222,3380,33392,11258,1752.9166666666667,0.7802706547698468,4,22134,0.23348200000000002,0.21199345819088716,773.7311194889942,0.5914320624610377,0,52.0
2039-04-10,42,28646,563,Employed,Associate,17,25459,12,Single,3,Mortgage,123,0.23813944864578357,6,2,0.4402895522991942,1,Other,0,26,10,2559,839,129099,8585,2387.1666666666665,0.7147761059526397,8,120514,0.208959,0.18389960787414705,2338.8084155657452,1.0312679252527035,0,66.0
2039-04-11,27,80710,489,Employed,High School,3,35173,48,Married,1,Rent,402,0.380836275471516,3,0,0.1555010038843233,0,Other,0,38,24,6559,66,113676,18306,6725.833333333333,0.7490513894892701,8,95370,0.285673,0.3117009874461454,1290.4873623254132,0.2516398011139259,0,47.0
2039-04-12,64,123357,651,Employed,Associate,41,32857,96,Married,1,Mortgage,302,0.6491435676204222,1,2,0.3547622518986917,0,Home,0,31,26,277,1646,92589,31549,10279.75,0.8202529505204635,3,61040,0.242357,0.2599030919081525,815.9407291111671,0.10875174290339425,1,36.800000000000004
2039-04-13,48,134611,527,Employed,Bachelor,26,34644,24,Married,1,Mortgage,371,0.22747023257901286,2,2,0.5635387161187317,0,Auto,0,35,20,3017,2576,11082,13922,11217.583333333334,0.795833503227513,4,7479,0.246144,0.24680651215490526,1843.456616970132,0.1974094197624383,1,44.800000000000004
2039-04-14,59,82508,607,Employed,Bachelor,38,16486,120,Married,1,Rent,424,0.3168820644449952,1,0,0.2172890517328891,0,Debt Consolidation,0,36,23,6493,796,9743,17032,6875.666666666667,0.5286263819982528,10,4690,0.267986,0.27806426331338463,408.1333640233152,0.12102584438211787,0,48.0
2039-04-15,32,54628,561,Employed,High School,14,22426,36,Married,0,Rent,91,0.04469165365607607,3,0,0.32762705056684027,0,Home,1,31,28,4234,3742,104113,5383,4552.333333333333,0.820302379418291,4,98730,0.226926,0.1869935957759121,818.6430826146219,0.19981908529280706,1,45.6
2039-04-16,31,43216,638,Employed,Doctorate,7,14235,12,Married,2,Own,425,0.1922938222082206,0,1,0.2312023257651737,0,Auto,0,24,2,1653,725,169032,32283,3601.3333333333335,0.7984347780064835,6,136749,0.16023500000000002,0.17074793502562405,1298.8049649891302,0.4786574319666226,0,49.0
2039-04-17,53,15000,595,Employed,Associate,32,8852,24,Married,0,Mortgage,234,0.18397806487506496,6,2,0.16912338678540334,0,Home,0,24,1,2540,1105,122307,25907,1250.0,0.9410172129193413,7,96400,0.186352,0.18301335491346205,443.2180651775411,0.5417744521420329,0,53.0
2039-04-18,46,49805,603,Employed,Bachelor,24,8973,36,Single,0,Rent,874,0.14935060629878028,2,4,0.25748011989973935,0,Home,0,21,6,20397,997,21394,10841,4150.416666666667,0.8211543703664533,12,10553,0.192473,0.22917492054595964,346.9565800584381,0.29417686900313733,0,51.0
2039-04-19,55,86524,650,Unemployed,Bachelor,29,13572,48,Single,2,Rent,363,0.20613249959996,3,0,0.14537941701220522,0,Debt Consolidation,0,18,1,3091,215,14177,14414,7210.333333333333,0.6714157968618918,3,2801,0.183572,0.22028640000000002,427.81154067899706,0.10967752864116274,0,50.0
2039-04-20,32,58218,587,Employed,Associate,11,23057,24,Single,0,Rent,518,0.14410729633004093,5,0,0.2866635243104886,0,Home,0,25,25,14419,398,14817,22560,4851.5,0.6962195692495002,5,7646,0.204557,0.19541270258476473,1168.3439617074935,0.3475922831510859,0,51.0
2039-04-21,18,53974,573,Employed,Doctorate,0,29255,36,Married,4,Own,290,0.27627756937668535,2,1,0.30277557225721274,0,Auto,1,32,23,6484,676,41268,30588,4497.833333333333,0.7949319808291774,9,10680,0.227755,0.1976570477701207,1083.7313279612692,0.3054206828386859,0,60.0
2039-04-22,46,29922,661,Employed,Bachelor,27,26040,72,Divorced,3,Mortgage,341,0.5674173354476607,1,0,0.29889437874919217,0,Home,0,18,2,2156,755,34446,19848,2493.5,0.8136136095754644,1,14598,0.21054,0.25147291174854164,703.7994474804925,0.41900920291978844,0,53.0
2039-04-23,35,215719,660,Employed,Doctorate,14,20415,60,Married,1,Mortgage,229,0.1824440957690706,4,1,0.45420876273861993,0,Home,0,20,2,3870,572,33428,10871,17976.583333333332,0.7054714036923262,4,22557,0.195415,0.1820698236159671,520.7082500770531,0.041704713080093256,1,40.800000000000004
2039-04-24,39,64317,474,Employed,High School,20,33942,36,Married,0,Mortgage,211,0.3534868862670745,4,3,0.28617602206450493,0,Home,1,26,27,4604,1352,48578,14764,5359.75,0.8365955798082697,2,33814,0.281942,0.24175444537561838,1334.770163290963,0.28840340748933496,0,58.0
2039-04-25,54,60883,603,Employed,Bachelor,30,28033,60,Married,0,Rent,404,0.2441408396692644,5,1,0.31425576192572213,0,Debt Consolidation,0,17,27,3671,509,70381,22219,5073.583333333333,0.6633393808966681,6,48162,0.231533,0.25546481416834993,831.8111039350798,0.24357757086905962,0,51.0
2039-04-26,37,53006,518,Employed,Associate,19,11780,72,Married,3,Own,313,0.2386993411874249,2,0,0.3104819189079715,0,Auto,0,31,15,12215,2472,206462,6198,4417.166666666667,0.8439816441118894,3,200264,0.26778,0.2777247445804547,337.650389555451,0.1473003938170285,1,40.0
2039-04-27,57,26101,634,Employed,Bachelor,33,26735,48,Single,0,Own,292,0.41069229038343463,4,0,0.10792153924792931,0,Debt Consolidation,0,28,26,3555,732,261665,29725,2175.0833333333335,0.6197907737975982,7,231940,0.20473500000000003,0.1995053498320956,812.8513109127642,0.5079581522145961,0,46.0
2039-04-28,29,24692,602,Employed,High School,8,27878,96,Single,4,Rent,198,0.05237613185455282,4,0,0.4140867188407595,0,Auto,0,26,10,716,1679,107945,10904,2057.6666666666665,0.7754989345189964,5,97041,0.261878,0.24858572344695964,671.2725657641663,0.42245548311882375,0,52.0
2039-04-29,19,148370,485,Unemployed,Bachelor,0,25052,12,Married,2,Rent,449,0.16634819099024037,4,0,0.16185135897003147,0,Other,0,21,16,701,658,98265,6802,12364.166666666666,0.8582102086377783,5,91463,0.247552,0.21541687987116104,2339.204101325148,0.225506835720845,1,38.400000000000006
2039-04-30,48,47054,635,Employed,Bachelor,26,33582,96,Divorced,0,Mortgage,741,0.15965966259266814,0,0,0.2126141969008925,0,Auto,0,22,26,3689,1423,79908,2848,3921.1666666666665,0.9274485472187968,5,77060,0.251082,0.23139405487673403,770.7609946129664,0.3855385713298678,0,47.0
2039-05-01,40,43856,529,Employed,Bachelor,18,21119,60,Married,0,Other,327,0.1093397292973237,2,0,0.6828031086875681,0,Education,0,27,8,3007,575,21300,41571,3654.6666666666665,0.9036962257330002,3,9412,0.261619,0.25199758653436377,622.3463100985879,0.2597627627048307,0,59.0
2039-05-02,40,23637,463,Employed,Associate,15,22257,72,Married,2,Mortgage,199,0.6279068496049302,7,2,0.20715232436275752,0,Other,0,27,10,3447,1284,19188,4270,1969.75,0.7013552874472504,4,14918,0.305757,0.29826356058327613,667.0937261766244,0.43969728451662615,0,56.0
2039-05-03,22,62531,557,Employed,Bachelor,0,13013,12,Single,2,Mortgage,348,0.4127177380690596,1,0,0.23993519431227808,1,Home,0,24,12,2218,1297,45713,11106,5210.916666666667,0.6422358884635277,4,34607,0.199513,0.2149145411848191,1214.7609790831898,0.2999013569109446,0,65.0
2039-05-04,18,65073,577,Employed,High School,0,41738,24,Married,2,Mortgage,645,0.22334626972552618,3,3,0.185324283583754,0,Debt Consolidation,0,20,11,1062,1796,76750,3980,5422.75,0.9485470532607205,9,72770,0.228238,0.21832219610114045,2161.833781010043,0.5176033896104454,0,48.0
2039-05-05,45,37734,599,Employed,High School,23,18253,36,Married,2,Other,378,0.09527601901807821,4,0,0.2639006620070019,0,Auto,0,24,6,3061,6200,48462,51653,3144.5,0.633840860741377,8,5003,0.203753,0.2250295346935923,701.8486026035423,0.3434086826533765,0,54.0
2039-05-06,45,63442,586,Employed,High School,25,14510,72,Divorced,5,Mortgage,1236,0.25864235343889946,3,0,0.14954721374651195,0,Home,0,28,28,4722,730,121836,29985,5286.833333333333,0.851769752981429,3,91851,0.23651,0.21328074652406276,358.81549072475974,0.3016579850682059,1,38.400000000000006
2039-05-07,25,20155,593,Employed,Bachelor,5,15939,72,Single,2,Rent,967,0.2996502448139627,5,0,0.43877818460466456,0,Other,0,24,23,1112,1380,16885,36255,1679.5833333333333,0.9338980221804675,5,6881,0.234439,0.2750804848821902,454.20298596114384,0.8461640204184434,0,58.0
2039-05-08,34,98907,550,Employed,Bachelor,12,27100,72,Single,3,Rent,274,0.24258498938759915,1,0,0.4463365233547234,0,Home,0,25,4,2840,628,101350,50190,4868.0,0.7514582426628907,6,51160,0.2671,0.32051999999999997,851.4627269002324,0.23119612302798528,0,56.0
2039-05-09,57,69021,593,Self-Employed,High School,34,7929,96,Single,1,Mortgage,646,0.3361092016423971,7,1,0.33994387841593177,0,Debt Consolidation,1,21,8,19602,1723,84358,30461,5751.75,0.9871995619752271,1,53897,0.246429,0.22529193830641797,178.85406894636574,0.14340923526689542,0,62.0
2039-05-10,49,34971,603,Unemployed,Associate,24,20414,48,Married,0,Mortgage,843,0.043103724652892285,4,0,0.16125558065817175,0,Debt Consolidation,1,15,15,1896,3028,45684,9043,2914.25,0.8006260211954302,6,36641,0.21391400000000002,0.2242832399754939,647.9214138462631,0.5115969507922323,0,56.0
2039-05-11,27,49621,482,Employed,Master,4,15349,36,Married,0,Mortgage,328,0.3947407427751134,4,1,0.5653982295387541,0,Home,1,26,22,2338,102,152625,43799,4135.083333333333,0.7731315913258351,5,108826,0.259349,0.240785478555467,602.8182597769126,0.2251026605131487,0,61.0
2039-05-12,44,25566,616,Employed,High School,21,21072,48,Married,3,Mortgage,377,0.6434093680780808,0,0,0.4558754790329096,0,Education,0,28,1,11798,929,35244,6426,2130.5,0.85268393387258,1,28818,0.20807200000000003,0.20643634900726326,648.4768905595287,0.48133156092913815,0,61.0
2039-05-13,61,31289,525,Employed,High School,36,24131,60,Married,0,Other,438,0.2702114296497115,8,1,0.20779495748333854,0,Debt Consolidation,0,35,26,1668,263,442344,39546,2607.4166666666665,0.811715425789548,9,402798,0.266631,0.2635998056958608,727.6450308622683,0.4470497737334917,0,47.0
2039-05-14,57,29666,664,Unemployed,Doctorate,33,14599,24,Married,4,Mortgage,495,0.3475701526307975,2,0,0.7048421870125376,0,Debt Consolidation,1,26,25,2058,944,52019,7547,2472.1666666666665,0.7669481534064904,8,44472,0.157599,0.15875923353189023,713.9472518334529,0.48902336081714537,0,63.0
2039-05-15,30,44241,603,Employed,High School,6,10500,60,Single,1,Other,415,0.4118494755704932,3,0,0.374394266509033,0,Home,1,20,4,4975,1794,55155,29745,3686.75,0.9138330688292358,7,25410,0.21400000000000002,0.23346718947365583,298.0953244047416,0.1934211227788002,0,62.0
2039-05-16,53,85414,627,Employed,Associate,29,34777,36,Married,3,Other,472,0.13400862957035323,1,1,0.29300737927586495,0,Auto,0,30,3,7214,1217,24178,51746,7117.833333333333,0.6540750066001132,5,9285,0.20627700000000002,0.20970564945238745,1309.700288020213,0.250314977126028,0,50.0
2039-05-17,52,193764,480,Employed,Bachelor,30,18381,120,Married,0,Mortgage,295,0.24887186288777424,5,2,0.1601477156426596,0,Home,0,17,10,2088,188,39479,15998,16147.0,0.9701969544919495,8,23481,0.33338100000000004,0.3271953998391384,521.8635709853413,0.05058918504894663,1,38.400000000000006
2039-05-18,26,86441,582,Employed,Master,4,38896,60,Married,1,Mortgage,467,0.3288597693799231,5,0,0.20896900461094306,0,Home,0,28,25,2418,3889,13008,47560,7203.416666666667,0.79438192616965,5,7236,0.252896,0.23163263295600417,1100.1481266565736,0.21755622354992288,0,51.0
2039-05-19,55,152309,552,Employed,Bachelor,33,35587,48,Married,0,Own,454,0.4613126952482328,4,3,0.6239233750280245,0,Education,0,34,27,2485,3029,32191,22861,12692.416666666666,0.7926868868318981,2,9330,0.254587,0.23940296716485868,1159.0272466802348,0.12708590405138775,1,45.6
2039-05-20,44,39500,560,Employed,High School,22,33029,48,Married,1,Own,165,0.24975275051819204,2,0,0.42247738927840645,0,Home,0,28,17,1231,1587,73107,22703,3291.6666666666665,0.7670375590264222,4,50404,0.248029,0.23468419074687047,1067.1226071073638,0.3743157287414776,0,55.0
2039-05-21,18,45419,503,Unemployed,Bachelor,0,21919,60,Married,0,Other,420,0.25061127905443664,0,1,0.44951077946686013,0,Debt Consolidation,1,24,17,639,1113,36733,21991,3784.9166666666665,0.7527347004085674,2,14742,0.27541899999999997,0.2841986203155328,688.0287670203103,0.292748523839004,0,66.0
2039-05-22,35,36723,549,Employed,Bachelor,11,31039,96,Single,2,Mortgage,170,0.24217599441477616,2,2,0.027951662323665454,0,Home,0,26,25,3093,766,22025,38890,3060.25,0.8919058472410699,6,6054,0.291539,0.3126881994670308,883.5704138242642,0.3442759296868766,0,51.0
2039-05-23,48,160945,562,Unemployed,Doctorate,22,17423,60,Single,1,Mortgage,209,0.26984093316045826,1,0,0.1608273135298916,0,Education,0,29,8,510,663,28953,9905,13412.083333333334,0.9013301091272444,5,19048,0.241423,0.2130539217863946,474.34873198847623,0.050950230102592274,1,41.6
2039-05-24,46,31140,490,Employed,High School,21,8054,60,Single,3,Rent,396,0.3613126206945513,0,2,0.23340099353470825,0,Debt Consolidation,0,34,6,3056,1845,52255,16845,2595.0,0.6511478015941906,5,35410,0.268054,0.23999485219410618,231.69479024470493,0.24188623901530054,0,55.0
2039-05-25,51,65201,580,Employed,High School,32,17295,48,Married,0,Mortgage,459,0.34811293920293535,5,0,0.16896872936631802,1,Education,0,31,11,3597,299,34912,6509,5433.416666666667,0.9027502141390686,4,28403,0.22229500000000002,0.2193144778499636,544.2541578581695,0.1846451725325997,0,62.0
2039-05-26,41,100927,634,Employed,Bachelor,19,19059,60,Married,2,Other,352,0.2715097529970289,6,2,0.2795116248989697,0,Home,0,28,6,1415,566,54630,22675,8410.583333333334,0.6400390301713663,9,31955,0.207059,0.2484708,557.6994944812396,0.10816128423290967,0,50.0
2039-05-27,18,199636,580,Employed,Associate,0,92636,24,Married,2,Own,245,0.23880883545701462,1,2,0.3165633546502383,0,Home,0,27,8,1461,1118,103198,48715,16636.333333333332,0.6227014201636288,1,54483,0.277636,0.30110564577492205,5184.813666807284,0.32638283677136093,0,51.0
2039-05-28,35,109643,500,Employed,High School,13,45565,60,Married,2,Rent,316,0.17288753625588282,3,3,0.4851577851653069,0,Home,0,25,12,1247,2026,113464,50549,5831.166666666667,0.9039949020266954,8,62915,0.30056499999999997,0.30995718086520846,1502.1716172376787,0.31180237526584365,0,52.0
2039-05-29,46,28810,491,Employed,High School,25,48869,48,Single,4,Rent,298,0.23877723697184103,3,1,0.22014997659117544,0,Education,0,27,11,3668,451,64602,57325,2400.8333333333335,0.7790466932776724,5,7277,0.298369,0.3475413565092333,1897.2333749082181,0.9143630856958909,0,54.0
2039-05-30,42,44943,593,Employed,Associate,22,9065,60,Divorced,3,Mortgage,281,0.540564242265401,3,0,0.07128314389278856,0,Debt Consolidation,0,29,29,6038,975,1030167,21163,3745.25,0.8854112203447523,4,1009004,0.217565,0.19242673150126696,236.3631851371574,0.13813849145909016,1,35.2
2039-05-31,47,90769,551,Employed,Bachelor,25,16093,24,Married,0,Mortgage,217,0.17862650368308755,7,0,0.05888839383752443,0,Education,0,19,6,13573,415,13988,35511,7564.083333333333,0.6575635289030506,2,2385,0.21559299999999998,0.21832096568902384,833.5413834346936,0.13888548514598953,1,40.0
2039-06-01,18,24917,533,Employed,High School,0,19793,96,Single,3,Rent,714,0.35112998867138945,5,0,0.09805254227726176,0,Home,0,26,14,4189,2520,51448,18125,2076.4166666666665,0.6293251294153804,4,33323,0.288293,0.32251639525777115,577.2110894924916,0.6218458511823214,0,52.0
2039-06-02,25,17591,452,Employed,High School,1,26741,60,Married,3,Mortgage,410,0.3143249615513664,3,2,0.16032141318291368,0,Home,0,35,26,3115,1339,21980,40673,1465.9166666666667,0.8290059638353596,3,1869,0.305741,0.2758289519420144,825.8870160074484,0.8430813593365574,0,52.0
2039-06-03,25,65080,542,Employed,Master,3,46511,24,Single,0,Own,491,0.3685712555125176,1,1,0.24598838897946115,0,Auto,1,28,13,6025,2623,78830,5413,5423.333333333333,0.6926694249852084,3,73417,0.250511,0.2004088,2368.1436337551368,0.5271930486333996,0,56.0
2039-06-04,30,24581,548,Unemployed,Bachelor,6,13506,96,Single,2,Rent,480,0.030392618340331315,5,1,0.08937923683910913,0,Home,0,24,24,3359,296,143782,196776,2048.4166666666665,0.9239480221230653,7,8055,0.274506,0.24875405100963946,325.36066906366534,0.39316252507074506,0,54.0
2039-06-05,44,180867,601,Employed,Bachelor,22,25736,108,Widowed,1,Rent,562,0.23179963051164465,4,1,0.27373966341886685,0,Debt Consolidation,0,28,2,5588,148,346475,7156,15072.25,0.848925934154787,7,339319,0.27023600000000003,0.2693411153516595,635.4515944677354,0.07944743448839658,1,36.0
2039-06-06,30,31263,539,Employed,High School,8,26125,60,Married,0,Own,895,0.40178634381650996,0,1,0.3626903335678691,0,Home,0,18,27,1810,307,55575,63738,2605.25,0.8153928812088481,6,9850,0.261625,0.2940725705633528,835.7455908792357,0.6643299456402402,0,56.0
2039-06-07,61,57493,666,Employed,Bachelor,35,22633,48,Married,1,Own,382,0.20142867913558712,3,0,0.4567879146149666,0,Home,0,27,11,676,3224,76383,35479,4791.083333333333,0.8570660515051239,7,40904,0.18463300000000002,0.17450256357801883,658.3603684769262,0.2171451206533511,0,50.0
2039-06-08,49,51294,626,Employed,Associate,25,16003,60,Married,3,Own,395,0.11764153437519406,1,0,0.2626606242862797,0,Home,0,22,16,10185,205,113342,3658,4274.5,0.8044004587221337,3,109684,0.208003,0.24960359999999998,469.33739882197057,0.2022078368983438,0,44.0
2039-06-09,53,67917,632,Employed,Bachelor,32,11897,72,Married,0,Other,274,0.23302715068296664,3,0,0.18393242853991984,0,Auto,0,33,4,31965,449,32414,18351,5659.75,0.7053953075802438,5,14063,0.210897,0.21018930243876188,292.0368900480411,0.10001093512046311,0,50.0
2039-06-10,45,33594,625,Self-Employed,Bachelor,21,14412,72,Married,0,Own,295,0.1339278547009475,3,1,0.16962873161012382,0,Home,0,28,15,7069,2260,9329,14559,2799.5,0.8547205921063421,9,1664,0.21691200000000002,0.23473055570650042,374.8254241378986,0.23926609185136583,0,50.0
2039-06-11,44,18965,570,Employed,High School,17,19263,72,Married,1,Other,1171,0.2177214962270176,2,1,0.36169605007671274,0,Auto,0,27,20,718,1324,38435,43449,1580.4166666666667,0.7507653589798231,6,8234,0.249263,0.23427350489308696,500.4583645379257,1.057606136274986,0,56.0
2039-06-12,64,46438,686,Employed,Doctorate,41,25776,108,Single,0,Mortgage,315,0.22156149235478495,1,1,0.39804662601045626,0,Other,0,27,24,2577,365,117652,1269,3869.8333333333335,0.8749744710946359,5,116383,0.227776,0.2079689435241543,529.5027105291946,0.21822715289957223,1,36.0
2039-06-13,43,29296,630,Employed,Doctorate,22,18369,120,Divorced,0,Mortgage,832,0.2936729666524692,3,0,0.35082041531593816,0,Other,0,27,19,3458,1639,127804,12439,2441.3333333333335,0.5285102129133659,5,115365,0.258369,0.236823671297422,400.94027717239067,0.5050274210154522,0,49.0
2039-06-14,27,70033,579,Employed,Master,2,39547,60,Single,4,Rent,1099,0.30062362268267023,3,0,0.17095318230730225,0,Home,0,21,9,2489,324,15179,36391,5836.083333333333,0.6818275209087357,2,4594,0.255047,0.22422228569817343,1101.7601204159232,0.37709538995889197,0,51.0
2039-06-15,43,36522,480,Employed,Bachelor,19,17011,84,Married,1,Rent,436,0.3598086306498049,2,1,0.14404354734133354,0,Home,0,23,17,11884,391,49334,10295,3043.5,0.8904207759160385,5,39039,0.30201100000000003,0.3003641095341196,486.8117538627398,0.3032074105019681,0,51.0
2039-06-16,70,76073,610,Employed,Doctorate,48,35470,36,Married,1,Other,178,0.29193992696014626,4,0,0.22898652735106612,0,Auto,1,28,7,3679,3775,137715,63037,6339.416666666667,0.9947376154386545,4,74678,0.21547,0.22997679971459206,1372.990933423427,0.24465830453749848,0,54.0
2039-06-17,24,48431,615,Employed,Master,3,13754,84,Single,3,Rent,235,0.13729476538065638,5,3,0.4531988080277951,0,Education,1,24,21,2327,2876,102782,43323,4035.9166666666665,0.5740320940537254,2,59459,0.231254,0.24031365591756182,339.66391766580784,0.14238745869359903,0,57.0
2039-06-18,32,56834,545,Employed,High School,8,30657,36,Divorced,0,Mortgage,263,0.21643193663660043,6,2,0.3496040524902732,0,Home,0,23,15,419,13657,92659,3360,4736.166666666667,0.9273899468559689,6,89299,0.24315699999999998,0.24825738013939314,1216.09326002161,0.3122975528778428,0,52.0
2039-06-19,41,47012,460,Employed,High School,20,13667,84,Single,1,Mortgage,502,0.2848989464406446,3,3,0.20264526653939444,0,Debt Consolidation,0,26,10,2347,197,108975,7469,3917.6666666666665,0.9764465573674108,4,101506,0.308667,0.30404651610996564,394.50610847782684,0.22883675022832303,0,49.0
2039-06-20,23,84218,498,Employed,High School,0,20755,60,Married,0,Other,417,0.338269583590413,4,1,0.171238366411406,0,Home,0,27,20,11632,1396,72590,17948,7018.166666666667,0.8658865511641426,3,54642,0.276755,0.221404,574.8885538218947,0.14133157574227287,1,37.6
2039-06-21,25,106698,526,Employed,Associate,1,13719,60,Married,2,Mortgage,217,0.33820548951243445,2,2,0.08668853066494343,0,Debt Consolidation,1,27,7,3788,1971,171838,33283,8891.5,0.8985858539758134,9,138555,0.25571900000000003,0.24687128741560915,400.15828659193505,0.06940991807815723,1,41.6
2039-06-22,27,70709,606,Self-Employed,Doctorate,5,16477,84,Single,0,Own,400,0.1984518064138744,5,1,0.35526986158118135,0,Auto,0,22,24,990,2759,39148,90742,5892.416666666667,0.9509067152312217,3,7107,0.238477,0.2148465766925646,380.76235663867834,0.13250291023298505,1,42.400000000000006
2039-06-23,48,28061,611,Employed,High School,25,27306,48,Divorced,1,Own,295,0.3222510565418663,4,3,0.20478801064436905,0,Home,0,21,7,6263,1506,101187,47059,2338.4166666666665,0.8979966081698317,7,54128,0.216806,0.19930569095130132,829.9216942571376,0.4810612711979491,0,50.0
2039-06-24,28,15000,588,Unemployed,Associate,5,27336,72,Single,2,Other,505,0.011432814286725164,2,0,0.16237257684597792,0,Home,0,13,25,6213,1510,7723,10610,1250.0,0.7310092431868866,0,6247,0.248336,0.2630051561108803,758.3187260366831,1.0106549808293463,0,54.0
2039-06-25,20,86139,577,Employed,High School,0,8028,72,Divorced,1,Rent,557,0.06344747257492041,3,1,0.07765879312235024,1,Home,0,17,17,997,1221,131406,15964,7178.25,0.89101841554176,6,115442,0.23452800000000001,0.22949881872391903,206.2636323827949,0.10633004316968549,0,56.0
2039-06-26,45,47289,620,Employed,Master,20,12800,60,Divorced,5,Other,1179,0.23268268735096873,2,1,0.15391302640089058,0,Auto,0,13,8,3489,3006,24204,9315,3940.75,0.9712955797907861,8,14889,0.20780000000000004,0.248086426127493,374.2623161236914,0.394153984932739,0,49.0
2039-06-27,26,87508,592,Employed,High School,5,34999,48,Divorced,0,Rent,786,0.6218671087677727,6,1,0.6236302361509017,0,Auto,0,31,27,1531,328,19816,3031,7292.333333333333,0.80444467385581,6,16785,0.233999,0.23469269023775466,1130.7870272536932,0.2628496174869077,0,59.0
2039-06-28,24,15000,541,Employed,Associate,0,48830,108,Single,1,Rent,646,0.24336824580512142,5,0,0.2539871802188121,0,Education,0,30,14,2385,1087,56527,26841,1250.0,0.8561148685900323,5,29686,0.32333,0.3467579591175822,1479.2331916758442,1.7001865533406753,0,54.0
2039-06-29,36,76947,482,Employed,High School,15,18736,12,Married,2,Rent,486,0.34554449098413653,2,0,0.5792284760613022,0,Home,1,25,16,412,685,136253,19539,6412.25,0.5491956707196806,6,116714,0.242736,0.2834080282649405,1811.2616307824567,0.35826139510818455,0,60.0
2039-06-30,59,20393,643,Employed,High School,39,26537,96,Married,0,Mortgage,507,0.17128612462818363,2,2,0.12858341404951504,0,Home,0,18,9,1897,221,74017,46950,1699.4166666666667,0.6390188565238827,2,27067,0.240037,0.24188048129680775,627.2438896654147,0.6674313085855429,0,49.0
2039-07-01,30,16294,520,Employed,Master,5,18379,72,Single,1,Rent,432,0.23694482082793314,2,2,0.3867367777177837,0,Debt Consolidation,0,24,13,954,677,108364,9801,1357.8333333333333,0.8599139097721085,6,98563,0.27337900000000004,0.30877789976023734,563.3588668495349,0.7330493680001485,0,54.0
2039-07-02,39,117282,635,Employed,Bachelor,19,17196,24,Single,0,Mortgage,412,0.5204656905044639,2,2,0.5376207578849622,0,Education,0,28,6,12305,587,96522,22554,9773.5,0.8597506114680998,4,73968,0.174696,0.17445778417506566,853.8970574027519,0.12952341099941186,1,44.0
2039-07-03,33,34736,572,Employed,High School,10,10661,96,Single,0,Other,398,0.5138504007268562,3,1,0.45300584827014384,0,Auto,0,23,17,15256,777,422563,119037,2894.6666666666665,0.9192991620061876,5,303526,0.25966100000000003,0.2354640832106955,247.51067365631337,0.2230000024146638,0,52.0
2039-07-04,28,95420,546,Unemployed,Bachelor,9,20146,48,Married,5,Own,372,0.22720522824650327,2,0,0.21383990297492503,0,Home,0,27,25,10004,273,98877,28200,3977.4166666666665,0.778771699154346,8,70677,0.242146,0.25086242263115005,668.9529139187208,0.26171583245038965,0,52.0
2039-07-05,42,86084,548,Employed,Associate,21,33260,36,Single,2,Own,573,0.16282445557296088,1,0,0.4383315448990966,0,Home,0,23,4,6387,10336,150990,53117,7173.666666666667,0.8393148001717314,5,97873,0.24426,0.29162487366995843,1396.7256937925138,0.2745772539090907,0,55.0
2039-07-06,48,33322,669,Employed,Bachelor,25,12046,24,Widowed,3,Mortgage,188,0.37913136350289633,3,5,0.26027971732190586,0,Education,0,21,20,2489,1328,58356,15509,2776.8333333333335,0.586074267225592,7,42847,0.152546,0.13818828159601637,577.3327325729516,0.27561349231364923,1,37.6
2039-07-07,47,40827,629,Employed,High School,26,18414,36,Married,2,Rent,457,0.44713749247583234,7,2,0.7572180298819016,0,Auto,0,15,25,2576,518,34310,36795,3402.25,0.5145208738797089,5,9428,0.188914,0.20773943492174618,691.6132867201286,0.3376040228437442,0,57.0
2039-07-08,28,58084,613,Employed,Master,7,18586,84,Single,2,Mortgage,505,0.24905429944719287,0,3,0.5618784265750782,0,Debt Consolidation,1,14,29,1536,173,30425,9228,4840.333333333333,0.8482717344821743,5,21197,0.237086,0.25312831662910207,474.1659422807419,0.20229308083756117,0,61.0
2039-07-09,47,52740,606,Self-Employed,High School,20,14389,60,Married,3,Mortgage,472,0.19945381583594746,1,0,0.46271252798318296,0,Auto,0,34,23,8297,1748,133427,55611,4395.0,0.8492716083085149,6,77816,0.216389,0.18000487149343555,365.3898404636152,0.1905323869086724,1,42.400000000000006
2039-07-10,39,184075,589,Employed,Doctorate,15,27923,84,Married,0,Mortgage,529,0.1800430655506888,5,1,0.2420828388913198,0,Other,0,24,2,949,695,109174,11680,15339.583333333334,0.7388953303415684,5,97494,0.258423,0.20744477995203814,632.6412274380643,0.07572834295399578,1,40.800000000000004
2039-07-11,32,26080,558,Employed,High School,7,46757,48,Single,0,Mortgage,264,0.20031967810174267,3,2,0.27159643905281117,0,Debt Consolidation,0,28,11,1114,942,285802,25479,2173.3333333333335,0.9115195666245279,2,260323,0.26275699999999996,0.24196815284808393,1529.4559487912145,0.8252097923885956,0,48.0
2039-07-12,40,25624,629,Employed,High School,20,29023,36,Single,5,Rent,291,0.5069912344834117,3,1,0.15893722672899355,0,Auto,0,23,16,598,1451,237165,15907,2135.3333333333335,0.8189213733139746,3,221258,0.199523,0.18176386968376176,1051.820843387951,0.6288577162291372,0,46.0
2039-07-13,24,77562,585,Employed,Bachelor,3,17983,48,Married,2,Mortgage,663,0.07407214248329401,0,2,0.19259573611527406,0,Auto,0,19,17,4435,713,121532,48857,6463.5,0.7786060996577446,4,72675,0.220483,0.23407568836957038,580.4046525677082,0.19237327339177043,0,47.0
2039-07-14,35,31366,618,Self-Employed,Bachelor,13,60854,96,Married,0,Rent,448,0.09406997530623153,1,2,0.04090849888987126,0,Home,0,22,21,11071,1461,37137,24721,2613.8333333333335,0.82357795549109,4,12416,0.286854,0.31147920483533714,1727.1124063253567,0.8321542076102875,0,50.0
2039-07-15,33,34148,530,Employed,Associate,11,19114,48,Single,0,Other,258,0.09443898892072063,1,1,0.007105342217332385,0,Auto,0,21,14,978,727,274864,18061,2845.6666666666665,0.7642628120174314,6,256803,0.249114,0.2341994853086615,617.0380163538998,0.3074984243951856,0,44.0
2039-07-16,35,73321,619,Unemployed,Associate,16,16900,24,Widowed,0,Own,235,0.43053414435815124,2,1,0.11280075235364104,0,Debt Consolidation,1,28,18,3474,1121,27150,3945,6110.083333333333,0.9707508732938199,9,23205,0.1824,0.20418213866887355,863.5957540356352,0.1798004534639138,0,57.0
2039-07-17,65,20840,599,Employed,Associate,41,30899,48,Married,1,Mortgage,255,0.27900030009756693,6,1,0.1648284650508779,0,Home,0,22,26,6122,1952,24095,7664,1736.6666666666667,0.8155574217336656,2,16431,0.22639900000000002,0.19394865600981112,930.3343772747004,0.6825341903693092,0,52.0
2039-07-18,50,70960,613,Employed,Associate,28,11962,36,Married,4,Rent,390,0.1314087187344746,2,1,0.5387916319235316,0,Home,0,23,6,3017,2311,501920,61113,5913.333333333333,0.6659558247148195,1,440807,0.190462,0.19495912214199038,441.48435320085093,0.14061178464501425,1,40.0
2039-07-19,28,49861,567,Employed,Master,9,22796,120,Married,0,Mortgage,269,0.20994708480249527,0,1,0.2609012945843054,0,Auto,0,28,29,1212,1523,34558,11976,4155.083333333333,0.8920353614586336,5,22582,0.294296,0.3257862775205562,644.7921019863765,0.2199214862083897,0,53.0
2039-07-20,57,54115,603,Employed,Associate,35,21969,84,Married,2,Rent,228,0.23052551370955862,2,0,0.08702577650079517,1,Education,0,28,25,4731,1478,164978,42299,4509.583333333333,0.9497122852951545,3,122679,0.245469,0.2217346731848668,517.000320865787,0.1652038039432587,0,55.0
2039-07-21,28,47514,634,Employed,Master,5,16816,36,Divorced,2,Rent,414,0.5763233740788188,3,0,0.16464676257929062,0,Home,0,30,7,3442,374,15064,29057,3959.5,0.8314910300063637,5,9724,0.184816,0.18165124522760864,609.3325363652732,0.25844993973109565,0,50.0
2039-07-22,64,58383,620,Employed,Bachelor,41,8985,96,Married,0,Mortgage,260,0.4422167188170252,2,1,0.22300917181204385,0,Education,0,21,11,1617,1633,20162,11859,4865.25,0.6413620254578178,5,8303,0.233985,0.21857301885391947,198.80046012852733,0.09430151793402751,1,40.0
2039-07-23,55,68245,603,Employed,Bachelor,31,30516,108,Married,0,Other,361,0.18879755405065718,3,0,0.4421763342104486,0,Debt Consolidation,0,20,6,1871,4691,118542,36126,5687.083333333333,0.888063795226853,5,82416,0.27401600000000004,0.220142573056833,651.2520315283502,0.1779914188342033,0,52.0
2039-07-24,41,36430,658,Employed,Doctorate,20,31384,96,Divorced,1,Own,359,0.28916587843546954,5,1,0.34732769022807614,0,Education,0,25,2,15724,920,27574,43001,3035.8333333333335,0.7838463364914763,5,1859,0.23738399999999998,0.19009680696306766,638.344887082862,0.32852425597019885,0,53.0
2039-07-25,42,67250,586,Employed,High School,21,20920,60,Divorced,3,Rent,611,0.2633567478814576,2,0,0.42836894654714286,0,Auto,0,14,29,6502,130,154644,37098,5604.166666666667,0.9215487793629543,6,117546,0.23292000000000002,0.2212857054662703,579.3179511466986,0.21239874221205032,1,41.6
2039-07-26,31,26484,632,Employed,Master,12,34557,48,Divorced,0,Mortgage,669,0.6463066982185443,3,1,0.07974844062841084,0,Home,0,26,26,3585,1124,71171,16064,2207.0,0.9097832797903581,2,55107,0.21355700000000002,0.20915791458675986,1068.516957880725,0.7872754680021409,0,49.0
2039-07-27,42,108938,536,Employed,High School,21,25309,48,Married,3,Rent,280,0.3428001997195004,3,2,0.6369066328506021,0,Home,0,21,17,5834,693,50964,19492,9078.166666666666,0.6660872044672972,12,31472,0.252309,0.2823360070172554,885.4592303648998,0.1283804619543116,0,57.0
2039-07-28,30,49059,626,Self-Employed,Bachelor,9,30995,12,Single,0,Own,373,0.20895937118305502,2,1,0.4212797677357349,0,Auto,1,23,16,2768,1242,152834,23804,4088.25,0.7755896082291046,4,129030,0.18299500000000002,0.17888673721025408,2839.9794714843442,0.7859058207018514,0,59.0
2039-07-29,50,52782,592,Employed,Master,27,24046,36,Single,0,Mortgage,433,0.21709455525459895,5,3,0.18538044905924092,0,Education,0,28,10,295,4504,25192,165663,4398.5,0.7666796486038387,4,10737,0.213046,0.21894565038228514,917.0165740741604,0.30692658271550766,0,50.0
2039-07-30,42,95125,533,Employed,High School,21,10254,48,Married,3,Mortgage,396,0.3275777944753917,3,0,0.34835457857103297,0,Debt Consolidation,1,28,20,1972,809,161938,12358,7927.083333333333,0.4882343009783529,2,149580,0.238754,0.23539863653252696,331.69617007060845,0.09179872841889411,1,44.0
2039-07-31,26,17569,574,Employed,Bachelor,3,17818,60,Single,3,Mortgage,308,0.37781435640066297,1,1,0.33366077101609704,0,Other,1,19,18,31278,2003,33281,68051,1464.0833333333333,0.82306883616596,2,2811,0.23581800000000003,0.23137362842581996,503.7050129782731,0.554411756829602,0,62.0
2039-08-01,42,24371,603,Employed,Associate,22,35433,48,Single,0,Own,406,0.283472250283054,2,0,0.19683304257412232,0,Other,0,22,7,3510,1349,14321,180307,2030.9166666666667,0.7497415711213755,7,4222,0.228933,0.2312961052008192,1138.1974293383382,0.7603450474769217,0,50.0
2039-08-02,63,117567,627,Employed,Master,38,23946,36,Widowed,3,Rent,241,0.22262142350054098,5,0,0.45230492555219515,0,Other,0,22,9,9547,617,234020,6488,9797.25,0.788857106559602,6,227532,0.195446,0.18783043869791366,875.1405831203925,0.11392386466818673,1,39.2
2039-08-03,18,40471,578,Employed,Bachelor,0,31571,60,Widowed,1,Mortgage,345,0.3076764456236971,5,1,0.3283543975214348,0,Other,0,25,16,7301,2638,76448,15027,3372.5833333333335,0.7746886931440803,4,61421,0.24757099999999999,0.2328086160217974,895.1032290542447,0.3677012860727666,0,53.0
2039-08-04,42,42305,527,Employed,High School,18,20729,12,Widowed,0,Rent,374,0.06946272704974259,2,0,0.5365984941714285,0,Auto,0,22,15,3811,1306,65060,21850,3525.4166666666665,0.8394820942585649,2,43210,0.222229,0.2291951746736244,1949.303007317021,0.6590151539488064,0,58.0
2039-08-05,44,15000,620,Employed,High School,23,15132,48,Married,1,Mortgage,249,0.4981566873685139,1,1,0.2842033761386087,0,Home,0,27,29,4706,982,30717,46024,1250.0,0.796786332791822,5,9749,0.20013200000000003,0.2137264472824575,471.6111383002965,0.5764889106402372,0,52.0
2039-08-06,41,56578,650,Employed,Bachelor,20,23177,120,Single,5,Mortgage,583,0.20294926650183978,6,1,0.19464483903146967,0,Debt Consolidation,1,26,23,651,278,25316,40273,4714.833333333333,0.7217656065475887,3,2076,0.253177,0.25045682662510366,528.00706473026,0.23564079283048395,0,50.0
2039-08-07,27,43929,597,Employed,Bachelor,8,20620,48,Married,3,Own,407,0.36705394917061046,3,0,0.14603633696342805,0,Home,0,18,9,1907,1654,33513,17209,3660.75,0.6797495851753761,4,16304,0.21712,0.2020212405776453,629.6967943199586,0.2831924590097544,0,52.0
2039-08-08,21,49608,515,Employed,High School,0,24179,72,Married,0,Mortgage,260,0.15826647097786514,2,0,0.2786039528030261,0,Home,0,29,13,4179,713,118454,16439,4134.0,0.8989296731769723,3,102015,0.281679,0.24370014189881162,641.9984266433688,0.21819023382761704,0,48.0
2039-08-09,27,21256,562,Employed,Associate,5,9817,120,Married,0,Mortgage,593,0.019088193253292973,2,0,0.3710375030533474,0,Auto,0,26,16,2192,2592,112281,6556,1771.3333333333333,0.8340092258370478,6,105725,0.283817,0.3157267601769263,270.26752298241666,0.4873546422557867,0,51.0
2039-08-10,42,57986,564,Unemployed,Bachelor,21,19740,36,Single,1,Mortgage,343,0.43202703950594135,2,2,0.41350932724713585,0,Education,0,28,10,2725,1853,135050,5986,4832.166666666667,0.7799922310438391,5,129064,0.22274,0.19021537323855198,723.804806187949,0.22077152544157877,1,44.800000000000004
2039-08-11,50,47149,633,Unemployed,Bachelor,27,35965,60,Single,2,Own,934,0.4305874674467898,4,1,0.2833268946027108,0,Auto,0,28,13,9565,264,64782,36860,3929.0833333333335,0.7400658810151457,3,27922,0.22446500000000003,0.23476282651775723,1023.7360269218763,0.49826788103803926,0,54.0
2039-08-12,51,29532,529,Employed,Associate,30,19933,36,Married,2,Rent,304,0.234184389617021,6,0,0.47554718261633344,0,Home,0,23,6,452,292,19251,15049,2461.0,0.6723775066901194,8,4202,0.240433,0.22431639311539875,765.7085488946842,0.4346641807780106,0,60.0
2039-08-13,49,36040,586,Employed,Bachelor,25,21756,36,Divorced,1,Own,330,0.4799376430667185,4,1,0.13501767405124585,0,Other,0,25,27,971,11198,119763,20592,3003.3333333333335,0.8901127352904953,4,99171,0.213756,0.2253219817333545,836.8733624954523,0.3885260918408831,0,50.0
2039-08-14,24,113673,597,Employed,High School,0,22945,36,Married,2,Rent,166,0.3684338795787755,5,1,0.26783594093064933,0,Auto,0,22,14,1020,198,78311,9787,9472.75,0.7970504114503328,4,68524,0.209445,0.22248295940561952,879.2300020738576,0.11034071437268561,1,39.2
2039-08-15,46,106688,603,Employed,Associate,22,20157,60,Divorced,1,Mortgage,631,0.5841640461104852,2,1,0.5074735929810944,0,Other,0,32,16,6723,1166,584726,23936,8890.666666666666,0.9105220387978528,6,560790,0.223657,0.2488857923151718,590.3186540601897,0.13737087440688997,1,37.6
2039-08-16,47,36489,601,Self-Employed,Associate,25,42862,36,Married,1,Rent,466,0.13755798065468086,2,0,0.2653305123914659,0,Debt Consolidation,0,14,27,11136,1391,43506,6539,3040.75,0.9416028088066439,6,36967,0.22736199999999998,0.1916424735027656,1574.711993911489,0.6711212674213562,0,52.0
2039-08-17,54,40490,533,Employed,Associate,33,16855,60,Married,2,Own,892,0.29284468230692157,3,4,0.5419882650225755,0,Auto,0,25,3,3251,3266,67069,24438,3374.1666666666665,0.8511712817389356,3,42631,0.255355,0.272313078371526,517.0056879762465,0.4175862745298829,0,62.0
2039-08-18,37,33349,580,Employed,Doctorate,16,23919,48,Single,0,Mortgage,565,0.15109681577154943,1,0,0.34903714850815404,0,Education,1,25,3,856,1098,161688,40158,2779.0833333333335,0.7145527692570067,5,121530,0.228919,0.2454244386632048,786.9935031475758,0.48648901129781724,0,59.0
2039-08-19,60,35423,619,Employed,Bachelor,38,17734,48,Married,1,Rent,208,0.43351294752236175,1,0,0.23054233907355554,0,Education,0,24,7,3844,693,27857,146644,2951.9166666666665,0.892307481372475,4,3927,0.20323400000000003,0.18021602590784241,521.1364511221379,0.24700441559059524,0,52.0
2039-08-20,27,33650,598,Employed,Master,5,18489,96,Married,2,Own,698,0.2822559181988132,3,2,0.27055427186142633,0,Debt Consolidation,0,33,2,7899,518,158963,108452,2804.1666666666665,0.6048444875864054,4,50511,0.254489,0.23038382891110748,423.14058292151753,0.3998123921265442,0,55.0
2039-08-21,53,15000,556,Employed,High School,28,18361,72,Married,1,Mortgage,530,0.48110533191512206,3,1,0.5562445024809379,0,Debt Consolidation,0,18,25,4518,271,58917,28732,1250.0,0.7871560873916723,2,30185,0.25536099999999995,0.20615837945739782,446.3767544297042,0.7811014035437633,0,61.0
2039-08-22,20,43197,497,Employed,Bachelor,0,18546,60,Married,0,Rent,612,0.41169510543137544,5,0,0.07220012188932982,0,Education,0,25,16,1018,1879,9996,17065,3599.75,0.9402790343181672,8,4818,0.275046,0.24641156796832808,540.45491507329,0.32014859783965277,0,52.0
2039-08-23,32,33070,396,Employed,Associate,5,27831,36,Married,5,Mortgage,742,0.13996390397599281,2,0,0.16340660311002525,0,Auto,0,28,22,5707,8359,30228,14318,2755.8333333333335,0.9613899850402938,6,15910,0.31483099999999997,0.3130807461307737,1201.497653210026,0.7052304759153405,0,50.0
2039-08-24,25,15000,537,Unemployed,Doctorate,1,46878,84,Single,1,Rent,580,0.1629661296010339,3,0,0.12527057187121285,0,Home,0,28,9,1633,226,118373,209901,1250.0,0.9122534879707378,4,6708,0.30337800000000004,0.29341598942352004,1319.6898300014461,1.519751864001157,0,55.0
2039-08-25,57,52501,600,Employed,High School,34,15277,60,Married,2,Mortgage,232,0.3816340909442301,1,0,0.5474409091900305,0,Education,0,31,28,353,3063,28752,96537,4375.083333333333,0.6880408166334173,4,1781,0.220277,0.18033884280610504,388.21704647402254,0.14176119612365995,1,44.0
2039-08-26,25,37995,561,Employed,Bachelor,7,17870,36,Single,0,Own,241,0.2990636683358744,2,1,0.10711472260444377,0,Education,0,24,24,4809,2982,26834,16270,3166.25,0.8291428792124386,4,10564,0.22236999999999998,0.22149093526402608,683.8424932430765,0.2920939575974975,0,51.0
2039-08-27,57,104618,480,Self-Employed,Bachelor,34,12505,12,Married,0,Mortgage,297,0.2747899006376182,3,0,0.31055202603834264,0,Home,0,31,3,1752,2078,28955,33679,8718.166666666666,0.5457093894569568,4,8911,0.237505,0.25963283384506153,1194.3809814334863,0.17106589475235465,1,47.2
2039-08-28,43,82746,624,Self-Employed,Master,24,5692,48,Single,3,Own,590,0.34033242325562535,9,1,0.11882382682643441,0,Home,0,23,2,3797,1138,11623,97581,6895.5,0.8247076052173349,5,3983,0.18869200000000003,0.18462092635880586,168.58004216183747,0.11001088277308933,1,42.400000000000006
2039-08-29,47,27455,612,Employed,Doctorate,24,35885,60,Married,3,Rent,514,0.23329636189396089,1,1,0.6460961043598169,1,Auto,0,18,9,4004,293,60601,26232,2287.9166666666665,0.9316446668008787,7,34369,0.234885,0.24922069526138396,1051.6333617790667,0.6843052391676854,0,70.0
2039-08-30,34,52560,524,Employed,High School,12,90182,36,Married,1,Rent,162,0.32831380195635873,3,2,0.2653306089532007,1,Education,0,18,23,16160,3584,78033,36542,4380.0,0.9550620966448395,5,41491,0.31318199999999996,0.2811092859779417,3735.657720865051,0.8898761919783221,0,64.0
2039-08-31,49,42252,654,Employed,Master,28,26623,96,Married,3,Mortgage,488,0.07672174092645262,3,1,0.42675880924998666,0,Debt Consolidation,0,26,24,2948,2304,55410,9765,3521.0,0.7253085399094806,4,45645,0.23462300000000003,0.26205425387238274,664.9754478420957,0.32745681563251794,0,50.0
2039-09-01,47,80793,573,Employed,Associate,28,8179,48,Single,1,Mortgage,340,0.3193630084248779,4,1,0.349676592454524,0,Other,0,25,10,11076,1491,16231,44650,6732.75,0.9531501131470015,3,5354,0.216679,0.21844173944777015,256.99678808707665,0.08867057117627665,1,42.400000000000006
2039-09-02,42,240894,647,Employed,Bachelor,23,20309,60,Divorced,0,Rent,248,0.40550129166284166,4,1,0.1329190075090147,0,Home,0,39,25,3840,10087,32522,35776,20074.5,0.7957341003235683,7,7657,0.20180900000000002,0.1902068005762714,527.0577756377721,0.038609069996152934,1,36.800000000000004
2039-09-03,28,15562,615,Employed,Bachelor,5,59643,72,Single,4,Mortgage,265,0.23165798506546564,1,1,0.21238658780235306,0,Debt Consolidation,0,25,23,4658,1529,45682,10613,1296.8333333333333,0.6383690446413763,4,35069,0.267143,0.2564967486895456,1630.4725744574941,1.4616161735952917,0,51.0
2039-09-04,48,37143,564,Employed,Doctorate,26,64955,60,Married,0,Other,120,0.5189089662138809,4,0,0.3985296913852778,0,Home,0,39,14,2914,266,127637,8439,3095.25,0.7858150622016223,3,119198,0.28795499999999996,0.31572679290656425,2164.6911896069046,0.7381281607646893,0,52.0
2039-09-05,33,17033,551,Employed,High School,11,35896,60,Single,1,Mortgage,369,0.3820236724157188,1,1,0.4516522604587625,0,Home,0,28,10,3599,1011,17777,12843,1419.4166666666667,0.3674976744775864,8,4934,0.26539599999999997,0.26222105655503913,1079.4680966877527,1.0204671614074463,0,58.0
2039-09-06,25,31987,534,Employed,Master,3,45949,72,Single,3,Mortgage,241,0.27330577432447517,4,1,0.24477099077010295,0,Education,1,16,15,1905,3504,45986,18377,2665.5833333333335,0.7674731340940872,4,27609,0.293949,0.31233073939184647,1419.0680085094957,0.6227785069595132,0,59.0
2039-09-07,37,35295,598,Self-Employed,Master,18,14383,36,Divorced,3,Mortgage,365,0.20228104231176106,6,0,0.16781994626136096,0,Education,0,28,28,3338,1508,141579,23290,2941.25,0.8074811110111036,6,118289,0.200383,0.18425222182718132,523.053117957165,0.30193051184264,1,40.0
2039-09-08,48,69449,626,Employed,Bachelor,24,22584,96,Married,4,Rent,336,0.19961816627510007,2,1,0.3391774091085579,0,Debt Consolidation,0,20,7,1766,579,36807,3651,5787.416666666667,0.925027478508125,7,33156,0.24458400000000002,0.21765526428296794,498.3658247672204,0.1441689570361941,0,51.0
2039-09-09,34,25124,544,Employed,Associate,11,16932,36,Married,3,Rent,385,0.21940086379556634,2,0,0.09672765753692539,0,Debt Consolidation,0,14,2,8857,642,121458,32931,2093.6666666666665,0.8697993557180794,5,88527,0.229932,0.21837749326864414,645.2203940550938,0.49206514602217516,0,54.0
2039-09-10,49,35138,644,Employed,Master,25,23111,48,Married,3,Rent,787,0.2535838370382949,4,1,0.5745107896803321,0,Home,0,24,29,4492,1135,27694,44950,2928.1666666666665,0.8117623844683745,6,2806,0.196111,0.1800281855659188,678.9196547449538,0.5006271232551496,0,56.0
2039-09-11,40,89002,631,Employed,Associate,18,17585,36,Divorced,1,Mortgage,406,0.27543165090584387,0,1,0.5713710028344716,0,Education,1,22,13,3858,1686,273047,6012,7416.833333333333,0.6237995031374673,2,267035,0.187085,0.21381234766749052,665.9631380505045,0.1445311078021399,1,43.2
2039-09-12,33,60411,637,Employed,Bachelor,10,25458,96,Married,1,Mortgage,392,0.09651276001298578,5,1,0.3540036540059127,0,Debt Consolidation,0,16,12,3667,900,805151,56460,5034.25,0.5101370538757684,4,748691,0.241958,0.27610255912504084,660.0862718226764,0.20898570230375454,1,33.6
2039-09-13,36,83560,613,Employed,Master,16,32600,36,Married,2,Mortgage,551,0.48620792547313757,4,5,0.6361034924565626,0,Home,0,20,14,6650,6784,158929,13651,6963.333333333333,0.6556660827033697,4,145278,0.21109999999999998,0.1780055594120718,1175.3089999020624,0.24791416944500658,1,40.800000000000004
2039-09-14,32,63400,413,Employed,High School,7,26718,36,Married,1,Other,867,0.629923839760871,4,2,0.5016354574571233,0,Education,0,29,28,7048,2959,336385,43068,5283.333333333333,0.6309664622287501,8,293317,0.305218,0.29691549015516233,1129.7120825462985,0.3779265771381007,0,54.0
2039-09-15,51,89388,640,Employed,Doctorate,28,51977,36,Single,0,Mortgage,733,0.35164551126504306,5,1,0.24823234646114498,0,Education,0,27,21,1237,872,66755,151309,7449.0,0.5712402100348779,1,10137,0.216977,0.2254973499494743,1999.8376288663117,0.3668730875105802,0,48.0
2039-09-16,56,58283,621,Employed,Associate,34,19998,60,Married,1,Mortgage,166,0.345721543834768,1,0,0.3167852977444654,0,Auto,0,18,11,4966,1325,8737,128216,4856.916666666667,0.721022610673222,7,5274,0.21449800000000002,0.19030566059915277,519.0955387813973,0.1410556502818449,0,51.0
2039-09-17,44,68859,529,Employed,High School,18,14644,48,Married,0,Mortgage,891,0.17061752016064174,3,0,0.22082813102678675,0,Debt Consolidation,0,24,1,7028,283,43365,23366,5738.25,0.7756379647042653,8,19999,0.245144,0.2163224034113347,458.4562250845087,0.23516860106905568,0,55.0
2039-09-18,35,29477,543,Employed,Associate,9,22733,72,Married,0,Other,549,0.25131133376779985,3,0,0.10908967170919394,0,Home,0,25,6,4333,2014,35035,47184,2456.4166666666665,0.6618896398697827,11,2646,0.266233,0.2484263425123061,610.1695185552663,0.4718945015660751,0,54.0
2039-09-19,35,55299,606,Employed,Bachelor,12,38613,96,Single,1,Other,423,0.35672533837880954,2,3,0.1989453871994233,0,Auto,0,30,18,3797,2810,73508,100482,4608.25,0.7268736614048942,10,2998,0.270613,0.2703184494243815,985.9922957387292,0.3057543092798197,0,47.0
2039-09-20,36,15000,542,Employed,Bachelor,15,12993,12,Married,2,Own,258,0.16871955654747486,5,0,0.18768028263970016,0,Auto,0,24,25,5577,520,145801,154001,1250.0,0.886819440727787,6,10670,0.206993,0.21274033528097322,1211.536740146834,1.1756293921174672,0,51.0
2039-09-21,49,79626,624,Employed,Associate,28,29234,108,Married,0,Mortgage,390,0.12579028713596174,2,1,0.3170530151611946,0,Home,0,26,1,38677,796,39473,44170,6635.5,0.8927810051814923,7,8675,0.262234,0.2503686545219393,683.4167128539953,0.16176877595569214,0,54.0
2039-09-22,25,37080,585,Employed,Associate,4,35519,60,Married,1,Mortgage,239,0.33359805145412463,3,1,0.28296905905053593,0,Home,0,19,13,3758,8014,26895,122263,3090.0,0.8810181612233756,4,2843,0.248019,0.21572999316536098,972.3923651892227,0.3920363641389071,0,53.0
2039-09-23,39,100020,586,Employed,High School,18,30763,48,Divorced,1,Mortgage,705,0.14369002892987853,5,0,0.18273834009082476,0,Home,0,26,15,9686,2652,96658,15044,8335.0,0.7563831073321042,8,81614,0.23276300000000003,0.20835224505225278,949.8733566809178,0.19854509378295354,1,36.800000000000004
2039-09-24,18,51940,470,Employed,Associate,0,16713,24,Single,2,Mortgage,359,0.1795696432428585,5,1,0.3612812095772046,1,Auto,0,23,13,1054,232,117359,4798,4328.333333333333,0.8681989604229736,6,112561,0.256713,0.22830500129478315,873.9092644304709,0.2848461912430815,0,61.0
2039-09-25,37,23444,579,Employed,High School,14,31116,72,Widowed,1,Mortgage,282,0.4376942044740358,4,0,0.21728415762001194,1,Auto,0,23,6,4531,447,53550,43575,1953.6666666666667,0.8554909940654905,11,9975,0.256616,0.2436228857531426,826.0424565171687,0.5671604452399772,0,69.0
2039-09-26,43,81017,536,Employed,Master,20,12020,36,Widowed,3,Mortgage,494,0.11701054098056682,6,1,0.16310299748648013,0,Home,0,25,1,2182,1675,53416,92271,6751.416666666667,0.7507701524618035,9,3066,0.22902,0.20779886464108926,451.49700960144133,0.14004423905127683,1,41.6
2039-09-27,34,23858,544,Employed,Master,16,17498,36,Single,3,Own,505,0.08733891820756794,3,0,0.12902855359593088,0,Home,0,21,2,3810,6909,16932,22042,1988.1666666666667,0.695852401931981,5,4965,0.230498,0.22936169923979613,676.7607144798088,0.5943972073835907,0,55.0
2039-09-28,44,28015,489,Employed,High School,19,15255,72,Married,0,Mortgage,1051,0.12196813485244654,2,0,0.2882663908833394,0,Home,0,25,19,21513,1726,26265,15626,2334.5833333333335,0.8987330860161046,3,10639,0.285755,0.30476313260812815,463.62841637947724,0.6487789040354711,0,53.0
2039-09-29,25,43444,488,Employed,High School,1,34569,36,Widowed,4,Mortgage,790,0.2973526632778655,3,1,0.22504183816917825,0,Debt Consolidation,0,27,26,3303,4357,146837,17254,3620.3333333333335,0.6476611045858287,3,129583,0.27556899999999995,0.2898055966894188,1448.2731303545906,0.6182505654234206,0,49.0
2039-09-30,37,50833,604,Employed,Master,13,13534,48,Divorced,1,Mortgage,513,0.3711820099501462,5,0,0.1856669814346974,0,Education,0,25,23,18177,1306,113373,17341,4236.083333333333,0.8882766970594101,6,96032,0.206534,0.24057712541082144,441.6651628600299,0.22536505723290695,0,45.0
2039-10-01,18,97714,521,Employed,High School,0,6289,48,Married,2,Rent,1026,0.38842618220158576,3,1,0.10000168804801766,0,Other,0,19,5,323,5941,11872,56731,8142.833333333333,0.8281263607434738,1,6954,0.240789,0.2498937418970328,208.48790952364845,0.15160422164975113,0,51.0
2039-10-02,23,59711,485,Employed,High School,0,8582,72,Married,0,Mortgage,317,0.3951606714756367,0,1,0.4403420047381695,0,Auto,0,20,18,484,3139,87848,8447,4975.916666666667,0.7616250405484732,6,79401,0.281082,0.29218139724908404,253.87218252037866,0.11472703840572998,0,54.0
2039-10-03,37,36211,604,Employed,Associate,15,20164,108,Married,2,Own,599,0.23630188765206553,3,2,0.29118210893918256,0,Auto,0,35,7,2660,1348,54896,104199,3017.5833333333335,0.8505694813129773,4,10404,0.26316399999999995,0.22259419414665674,433.6012143473357,0.34219476325337683,0,51.0
2039-10-04,55,60561,616,Employed,Master,32,22312,48,Married,1,Mortgage,324,0.2901123583984008,6,0,0.1208593354998718,0,Debt Consolidation,0,18,13,6342,92,68850,6820,5046.75,0.7835398533121813,6,62030,0.20931200000000003,0.25058700310610404,740.5325202975564,0.2109342686476557,0,45.0
2039-10-05,43,129258,546,Employed,Bachelor,22,20469,120,Single,3,Mortgage,783,0.6366967437990525,1,0,0.5073913604876173,0,Home,0,16,22,1401,6490,147484,7408,10771.5,0.6199167844170385,7,140076,0.302469,0.3511992903396904,618.4656910030491,0.13010868412041487,0,54.0
2039-10-06,23,15000,486,Employed,High School,1,13951,60,Divorced,3,Mortgage,464,0.2880346418114761,4,0,0.3956899854515096,0,Auto,0,22,8,5396,1870,56444,21030,1250.0,0.7763894826833506,1,35414,0.275951,0.2522556749305552,411.3272752091978,0.7002618201673582,0,57.0
2039-10-07,53,28985,658,Self-Employed,Master,29,12796,48,Married,1,Other,396,0.3273245124588442,1,0,0.25210940486130584,0,Home,0,26,28,554,1829,118657,75200,2415.4166666666665,0.9033134478482461,2,43457,0.178796,0.19472979074572355,385.8029318247737,0.32367207803682196,0,51.0
2039-10-08,66,57368,578,Employed,Bachelor,42,10260,36,Single,3,Own,526,0.16993163215096038,2,0,0.13062651130095007,0,Debt Consolidation,0,26,11,6685,3223,50714,24533,4780.666666666667,0.7435698933807857,6,26181,0.20626,0.20001328523297457,381.3053104865829,0.18978635695577664,0,49.0
2039-10-09,30,59885,591,Employed,High School,6,52305,72,Married,1,Mortgage,630,0.16119576846115555,2,0,0.2094338336537198,0,Home,0,25,28,1881,160,82795,11117,2522.0,0.8022222122993495,4,71678,0.27180499999999996,0.30979459752887706,1606.726393229031,0.8868859608362533,0,49.0
2039-10-10,57,156355,629,Employed,Bachelor,36,16237,24,Married,4,Other,268,0.13462451766185188,1,1,0.18090476593759508,0,Auto,0,21,6,524,849,292788,86579,13029.583333333334,0.9147943176254022,7,206209,0.176737,0.19185911090739627,819.9520767990828,0.08349860843330237,1,33.6
2039-10-11,43,60729,530,Employed,Associate,22,7393,72,Married,0,Mortgage,1655,0.1485340897637505,2,0,0.32997174810226976,0,Education,0,25,24,21866,2786,103182,42529,5060.75,0.6684140553686413,6,60653,0.257393,0.25271443635747315,200.37972346321678,0.3666214935460588,0,51.0
2039-10-12,22,18730,462,Employed,Master,0,26436,60,Divorced,2,Rent,409,0.45798267151629735,3,1,0.2669302042438509,0,Debt Consolidation,0,17,7,2687,467,26797,16075,1560.8333333333333,0.9143099388807258,6,10722,0.300436,0.2529491061859838,780.508897576639,0.762098599621979,0,56.0
2039-10-13,43,300000,567,Employed,Bachelor,21,19807,24,Single,2,Own,453,0.5199153145893711,1,1,0.5577819513496868,0,Debt Consolidation,0,25,24,3338,2915,225868,101029,25000.0,0.8442140994272137,5,124839,0.21130699999999997,0.20169794055769097,1009.7368637119671,0.058509474548478685,1,42.400000000000006
2039-10-14,33,43928,578,Employed,Master,10,40115,72,Single,1,Mortgage,466,0.3829721763955042,3,1,0.4205323702785711,0,Education,0,23,9,538,271,80983,11765,3660.6666666666665,0.8792609395293586,3,69218,0.266115,0.26418873491382455,1115.7715697613703,0.4320993179096805,0,56.0
2039-10-15,40,37745,581,Unemployed,High School,19,22838,12,Married,2,Own,447,0.5973856508752888,0,1,0.16081934841204795,0,Debt Consolidation,0,25,17,9956,2424,12380,25980,3145.4166666666665,0.9869551677587751,3,7947,0.197338,0.23034652229733074,2148.8969756282304,0.8252951041870119,0,55.0
2039-10-16,50,28931,620,Employed,Master,30,28673,48,Married,4,Own,1017,0.4456881409189258,4,2,0.3240209534057421,0,Debt Consolidation,0,21,8,23924,1463,25387,18945,2410.9166666666665,0.6412528374285477,5,6442,0.21367300000000003,0.17855501334205234,840.1059004393236,0.7702903738298671,0,55.0
2039-10-17,30,34481,523,Employed,Associate,6,18715,36,Married,0,Rent,500,0.11911220461966729,1,2,0.22934564397819465,0,Education,0,28,15,725,1066,65560,39995,2873.4166666666665,0.7426378397126974,8,25565,0.242215,0.2137721325244958,708.718717093097,0.4206555669823139,0,52.0
2039-10-18,46,47112,559,Self-Employed,Master,24,24492,48,Divorced,1,Rent,676,0.1515864066891583,1,1,0.5104986229660787,0,Debt Consolidation,0,17,15,4936,2770,31252,26444,3926.0,0.8581405559694109,3,4808,0.239992,0.2324430974578288,788.2866192993573,0.3729716299794594,0,61.0
2039-10-19,25,73710,532,Self-Employed,Doctorate,0,73438,72,Married,3,Mortgage,927,0.5579464834842564,2,1,0.3136451996497792,0,Home,0,25,5,1958,272,170304,20426,6142.5,0.8331503091555547,4,149878,0.322438,0.35374229197229,2469.7835307498103,0.5529969118029809,0,56.0
2039-10-20,26,63728,526,Employed,High School,4,12763,48,Single,1,Own,445,0.15727894218211969,3,1,0.07617746021349302,0,Home,0,26,24,988,2891,116638,29128,5310.666666666667,0.760200603574792,3,87510,0.244763,0.2492961312755319,422.6835349533039,0.1633850492631127,0,47.0
2039-10-21,38,56603,617,Employed,Bachelor,16,6371,60,Married,0,Mortgage,331,0.1465443509498487,2,1,0.09533296881507665,0,Debt Consolidation,0,26,24,5790,296,68673,8332,4716.916666666667,0.9004889124008303,3,60341,0.20287100000000002,0.19880467415857492,168.3690791507489,0.10586769163841116,1,35.2
2039-10-22,36,60974,573,Employed,Bachelor,13,6792,48,Single,5,Rent,543,0.20525995964786686,4,0,0.29655926096236923,0,Debt Consolidation,0,21,7,2255,848,33579,4442,5081.166666666667,0.40358123403036456,4,29137,0.215292,0.2114117848002693,210.8350914431775,0.14835866266471168,0,53.0
2039-10-23,61,42365,622,Employed,High School,39,27171,108,Single,0,Own,667,0.248233300464355,1,0,0.18209548213589108,0,Auto,0,20,23,4374,536,26726,7208,3530.4166666666665,0.874009484478775,5,19518,0.26117100000000004,0.2938687974110866,718.037233403653,0.39231551518573904,0,48.0
2039-10-24,45,43229,622,Employed,High School,26,11833,120,Single,2,Mortgage,709,0.16274080930889084,1,2,0.24956382141333816,0,Debt Consolidation,0,27,27,24052,1592,123756,29567,3602.4166666666665,0.9391334992362378,7,94189,0.25583300000000003,0.2694407077856291,285.57469581939716,0.27608541372302775,0,47.0
2039-10-25,35,40235,613,Employed,Doctorate,13,9625,96,Divorced,0,Mortgage,369,0.2023420064344149,4,1,0.19551215899183771,0,Other,0,28,7,2722,1937,42979,9210,3352.9166666666665,0.6760850051055238,7,33769,0.23812499999999998,0.28574999999999995,255.92209823753066,0.1863816373518173,0,49.0
2039-10-26,25,65131,545,Employed,Associate,2,11387,36,Married,1,Rent,592,0.26851071449298697,1,1,0.5202882457634188,0,Auto,0,22,5,1071,433,241998,22547,5427.583333333333,0.8343455534151148,3,219451,0.223887,0.21187820930255624,430.1048739342832,0.1883167537303496,1,44.800000000000004
2039-10-27,18,100404,514,Employed,Associate,0,35021,48,Married,4,Rent,270,0.03159943920367926,2,3,0.2650886447271748,0,Auto,0,17,5,1986,2111,47730,31545,8367.0,0.7280526491646065,4,16185,0.273021,0.23312261046246208,1128.4745745040768,0.16714169648668303,0,52.0
2039-10-28,54,71453,638,Employed,High School,30,22202,60,Divorced,0,Mortgage,396,0.1463318974900369,6,1,0.2754114760858227,0,Home,0,30,18,2819,1930,156638,22953,5954.416666666667,0.4705856998740227,6,133685,0.208202,0.21392535046377686,605.5515181801121,0.16820312958394112,1,35.2
2039-10-29,35,50300,507,Employed,High School,14,9617,36,Married,2,Rent,549,0.15406776653461954,3,1,0.16973475358898651,0,Auto,1,19,11,6319,3518,196524,9899,4191.666666666667,0.9017440216971562,9,186625,0.241117,0.24725187109170566,380.97385026124874,0.22186254877007922,0,51.0
2039-10-30,18,28380,603,Employed,Bachelor,0,15180,48,Single,0,Other,468,0.37886264459726215,3,0,0.30813563050221054,0,Debt Consolidation,0,22,4,798,3115,80501,29053,2365.0,0.747511720770386,5,51448,0.20868,0.22674823452144138,483.84086820715896,0.40246971171550067,0,54.0
2039-10-31,27,65558,560,Employed,Bachelor,4,24085,24,Married,0,Rent,270,0.09628021797971086,4,0,0.3889994568683117,0,Home,0,21,17,381,1300,49723,38833,5463.166666666667,0.6205078955384464,2,10890,0.21908499999999997,0.19218900026189845,1216.654595865616,0.2721232366818297,0,53.0
2039-11-01,42,55254,619,Self-Employed,Associate,18,21680,24,Married,2,Other,389,0.37117471084930065,2,1,0.1118259588501732,0,Home,0,31,17,2712,1240,25882,26401,4604.5,0.7344912893500278,7,4481,0.18718,0.17210215847879776,1074.0994256916458,0.3177542459966654,0,50.0
2039-11-02,41,86783,606,Employed,Bachelor,17,13172,36,Married,3,Other,442,0.4149227404648755,2,0,0.2923304312511231,0,Debt Consolidation,0,31,24,413,2222,26790,22780,7231.916666666667,0.8800943597210911,4,4010,0.19517199999999998,0.22737202922831934,508.0820327648583,0.1313734762934941,1,39.2
2039-11-03,27,36428,471,Employed,Associate,8,12971,36,Married,0,Mortgage,480,0.44959644480912675,2,1,0.1109982481025268,0,Debt Consolidation,0,24,25,2021,767,7632,2189,3035.6666666666665,0.7590473876880887,7,5443,0.262471,0.23032888191961873,502.326166841036,0.32359487213386495,0,52.0
2039-11-04,43,68128,627,Employed,Bachelor,21,26374,48,Married,0,Own,487,0.5074458257564369,5,0,0.28938849807999983,0,Debt Consolidation,0,23,15,3296,1213,77662,28903,5677.333333333333,0.685665589284464,5,48759,0.20787400000000003,0.21828880383149807,828.4930886748476,0.23170967978068005,0,50.0
2039-11-05,26,81168,587,Employed,Master,7,7127,60,Married,4,Own,828,0.29244696102668544,2,2,0.4179179222072196,0,Debt Consolidation,0,23,11,907,3395,79328,6207,6764.0,0.8947421107519496,7,73121,0.21862700000000002,0.19486079834140752,186.78971446464433,0.1500280476736612,1,42.400000000000006
2039-11-06,31,80449,534,Self-Employed,Bachelor,10,20013,48,Single,3,Own,114,0.02768688376944684,2,1,0.48084407034565246,0,Education,0,29,14,3217,5505,124052,6277,6704.083333333333,0.671602442934908,10,117775,0.248013,0.2390720339278402,651.434267783541,0.11417433670278677,1,42.400000000000006
2039-11-07,40,25360,640,Employed,Bachelor,21,46580,12,Single,0,Rent,485,0.11557914765503907,1,3,0.40853795383824865,0,Home,0,29,16,7332,1027,37498,33195,2113.3333333333335,0.7868020856467054,4,4303,0.19158000000000003,0.18070962765891888,4272.027333214454,2.250959305937439,0,54.0
2039-11-08,45,126796,579,Employed,Associate,21,19446,60,Married,0,Mortgage,489,0.302672531495442,2,1,0.21909272206201386,0,Other,0,19,5,3267,1634,48169,62220,10566.333333333334,0.9260215665475924,3,7096,0.234946,0.24408961794033976,564.0474170872204,0.0996606281353248,1,41.6
2039-11-09,45,15000,613,Employed,Bachelor,23,23061,60,Divorced,0,Own,287,0.11172207347117159,2,1,0.2146106847382516,0,Debt Consolidation,0,24,1,7307,2797,96077,192234,1250.0,0.6537685931131682,4,2860,0.221561,0.234152951097665,655.6146665851825,0.7540917332681459,0,54.0
2039-11-10,19,40637,518,Employed,High School,0,37072,84,Single,0,Own,514,0.7120536167558698,2,0,0.08532605854935196,0,Auto,0,26,10,542,1437,108166,36526,3386.4166666666665,0.8478381176538142,9,71640,0.303072,0.2780606443560827,1005.8690146081105,0.4488133517557233,0,51.0
2039-11-11,29,47702,509,Unemployed,Associate,9,11559,36,Single,1,Rent,421,0.18688497198319526,5,1,0.08929567217566665,0,Auto,0,26,25,1994,964,305998,14754,3975.1666666666665,0.9195431520240513,2,291244,0.242059,0.22127495490720092,442.20621328026715,0.21714969098493156,1,37.6
2039-11-12,32,70396,506,Employed,High School,9,14503,72,Married,2,Rent,448,0.592318893967147,5,1,0.2004197438575472,0,Home,0,21,16,3770,470,52063,29259,5866.333333333333,0.7709016053606454,8,22804,0.27650299999999994,0.26219860554724667,401.59555317623796,0.14482565256711824,0,53.0
2039-11-13,18,20231,527,Employed,High School,0,11572,36,Married,4,Other,309,0.18667282234772326,1,1,0.273873660922519,0,Home,0,35,16,2516,2077,64758,3712,1685.9166666666667,0.8983834054437426,7,61046,0.233072,0.226999444370905,446.141167419531,0.44791132465198813,0,51.0
2039-11-14,18,28135,588,Unemployed,High School,0,31808,48,Married,2,Rent,935,0.17149801919730467,5,0,0.20243807286542162,0,Home,0,25,26,30602,274,74095,64934,2344.5833333333335,0.5343780005165712,2,9161,0.23280800000000001,0.1888898801928705,949.2006642278276,0.8036398781138769,0,56.0
2039-11-15,45,29735,576,Employed,Master,25,18687,96,Single,2,Mortgage,285,0.1904238495968216,1,1,0.07078590277029165,0,Home,0,21,3,4816,1010,39674,24922,2477.9166666666665,0.7002506043827899,6,14752,0.265687,0.30165568535333825,517.4835680174735,0.32385413876608987,0,54.0
2039-11-16,24,20518,573,Unemployed,High School,0,44763,84,Married,3,Own,409,0.13098010086298145,5,0,0.3042471496832592,0,Education,0,19,7,3299,1462,40152,52766,1709.8333333333333,0.6852957166029437,8,5167,0.28326300000000004,0.32627745857149276,1359.9403689471926,1.0345688871900922,0,59.0
2039-11-17,52,49580,570,Employed,High School,32,20916,48,Married,1,Own,341,0.21742790958099392,1,1,0.4026235628890165,0,Auto,0,28,20,2513,2595,10071,103310,4131.666666666667,0.8487741570822601,7,4350,0.230916,0.21142561638596347,649.2833628063134,0.239681330247595,0,57.0
2039-11-18,50,56603,600,Employed,Doctorate,30,34806,72,Single,2,Mortgage,319,0.29378112936821144,2,0,0.11889521437138469,1,Auto,0,21,21,5008,5821,153372,118680,4716.916666666667,0.829676624905636,5,34692,0.249806,0.24309973999532444,922.8921961844366,0.2632847438159327,0,59.0
2039-11-19,58,47550,650,Employed,Bachelor,34,17533,48,Single,3,Rent,382,0.07890523596197595,2,0,0.33437396759807086,0,Home,0,26,17,1485,5487,16796,7209,3962.5,0.7125298939384539,5,9587,0.187533,0.1643511742701352,500.8059811943871,0.22279015298281063,0,48.0
2039-11-20,46,73780,654,Employed,Doctorate,23,63359,36,Married,1,Mortgage,655,0.11144143786525386,0,1,0.19781025406560254,0,Debt Consolidation,0,22,19,362,1720,15748,21581,6148.333333333333,0.7621831592017361,5,9494,0.221359,0.26071139746929517,2555.1750900436987,0.5221211856942856,0,43.0
2039-11-21,66,142217,630,Unemployed,Master,46,10760,12,Married,2,Rent,476,0.2224456490184966,1,1,0.19940414445216242,0,Education,0,24,18,15903,2460,169402,8636,7263.666666666667,0.8181079621964786,7,160766,0.16076000000000001,0.17237875179986314,982.5782162587146,0.2008046738917968,1,35.2
2039-11-22,18,41098,556,Employed,High School,0,37344,36,Married,0,Other,517,0.08579970719952573,3,0,0.2807041651636356,0,Auto,0,27,5,2757,7851,58149,123806,3424.8333333333335,0.7743370570390642,3,2804,0.24434399999999998,0.2622937874457019,1509.17971542427,0.591614107379708,0,54.0
2039-11-23,38,72236,526,Employed,Bachelor,17,9047,12,Single,1,Mortgage,863,0.5116773754408587,0,5,0.052082044177025666,0,Debt Consolidation,0,21,23,4954,1459,74359,80364,6019.666666666667,0.7325657496263478,3,5672,0.211047,0.240370845729564,855.6430432487591,0.28550468629194736,0,51.0
2039-11-24,31,19000,540,Employed,High School,8,48485,36,Married,2,Mortgage,264,0.2334035534045543,5,0,0.48834748096184594,0,Home,0,17,23,6019,939,469089,85739,1583.3333333333333,0.8502038217769251,5,383350,0.26348499999999997,0.2636214503488695,1962.8562463355104,1.4064355240013748,0,52.0
2039-11-25,41,34592,592,Employed,Bachelor,18,26991,36,Single,1,Own,229,0.0667510901133775,4,0,0.5137271600600045,0,Education,0,22,18,4030,2920,22516,69146,2882.6666666666665,0.6223962062772013,6,6111,0.21599100000000002,0.22312289251163547,1035.1642063939164,0.4385398495816084,0,58.0
2039-11-26,33,18784,405,Employed,Associate,11,59092,60,Single,1,Own,305,0.1095643296226673,2,1,0.12210466487395316,1,Home,0,20,12,5191,622,8098,21877,1565.3333333333333,0.8270590388279049,6,6931,0.36159199999999997,0.4339104,2424.478571523632,1.743704368520208,0,63.0
2039-11-27,35,62892,598,Employed,Associate,13,58037,48,Married,2,Other,320,0.37900021052484584,4,0,0.16976966561439005,0,Other,0,29,28,1335,736,134905,13520,5241.0,0.8853418054455056,4,121385,0.254037,0.29601969126500166,2076.2657308899793,0.45721536555809567,0,46.0
2039-11-28,62,123306,661,Employed,Master,37,21250,96,Divorced,0,Rent,1006,0.32690127276953257,3,0,0.10381994725735333,0,Auto,0,30,8,2334,967,11160,19034,10275.5,0.6777441027276955,4,3103,0.22575,0.2199164214694248,471.99925248518883,0.1438372101099887,1,34.4
2039-11-29,45,93566,609,Employed,High School,22,18515,60,Married,4,Rent,736,0.3762129632047394,0,2,0.5480755790577606,0,Home,0,17,7,1796,2698,278029,16728,7797.166666666667,0.8578487351096009,3,261301,0.21901500000000002,0.262818,557.4408359447531,0.16588600593524394,0,49.0
2039-11-30,32,110554,544,Employed,Associate,9,11278,36,Married,2,Mortgage,286,0.03318213992117689,2,1,0.1963137161141534,0,Debt Consolidation,0,17,10,2424,645,239056,74666,9212.833333333334,0.7046874172707601,5,164390,0.224278,0.1798662865751379,407.65107114958204,0.07529182891433132,1,35.2
2039-12-01,29,103663,562,Self-Employed,Associate,5,33193,36,Divorced,1,Own,814,0.21076112504006697,2,2,0.22783457863466733,0,Auto,0,27,14,3129,1095,176295,5933,8638.583333333334,0.8452811321070445,6,170362,0.237193,0.24883823432876623,1317.7092355282198,0.24676606722107827,0,50.0
2039-12-02,42,37112,627,Employed,Bachelor,21,16903,60,Married,1,Own,494,0.2938905281020841,6,0,0.10013049766522761,0,Home,0,22,13,4087,728,19396,15898,3092.6666666666665,0.9316909588951866,1,3498,0.208403,0.21134819341462804,458.56578585215385,0.3080079066131129,0,48.0
2039-12-03,39,60747,603,Employed,High School,20,48853,48,Married,3,Rent,221,0.6276368330523163,2,1,0.20473909872121318,0,Home,0,27,26,3044,707,65892,8283,5062.25,0.8837474726421474,1,57609,0.242353,0.2531166773404075,1628.3289065683095,0.36531757747410926,0,49.0
2039-12-04,53,123440,576,Employed,High School,27,28187,24,Divorced,2,Mortgage,539,0.5915972346784272,3,3,0.06240986473886992,0,Other,0,28,8,100,728,24790,9050,10286.666666666666,0.7495484342065523,3,15740,0.215187,0.2542504028591881,1510.4008261039373,0.19922885542164004,0,50.0
2039-12-05,36,49011,480,Employed,Doctorate,13,12650,36,Married,3,Rent,449,0.1653106249818997,3,2,0.43950201433569946,0,Home,0,26,4,4804,508,88483,7857,4084.25,0.9604011093397172,3,80626,0.25765,0.30917999999999995,543.3926822959592,0.24298039598358553,0,57.0
2039-12-06,41,100111,549,Unemployed,Bachelor,17,29895,60,Married,0,Rent,529,0.12697175468560618,3,1,0.5053168514310484,0,Home,0,25,20,14238,428,28018,34387,8342.583333333334,0.9390145740362181,4,8073,0.260395,0.23258776439844678,847.2047713758495,0.1649614653385761,1,47.2
2039-12-07,44,88726,565,Employed,Bachelor,22,16575,72,Married,2,Rent,345,0.17417824678999305,3,0,0.6492729822589937,0,Debt Consolidation,0,39,3,11913,333,22674,36697,7393.833333333333,0.8451184684118049,5,4695,0.249075,0.2868047605599863,484.6313538471052,0.1122058499894649,0,59.0
2039-12-08,46,27045,566,Unemployed,High School,23,17610,36,Married,1,Own,286,0.1440895101276104,5,2,0.0866964005065558,0,Home,1,35,8,675,582,16447,33490,2253.75,0.7029785356775269,3,1631,0.21961,0.2260624038596622,678.0693957851537,0.42776234976601385,0,61.0
2039-12-09,46,253021,588,Employed,Bachelor,25,36754,60,Single,1,Rent,253,0.20952016340478904,0,1,0.038941335169361956,0,Other,0,21,24,4987,7516,26297,249802,21085.083333333332,0.9508830776719182,3,6061,0.24775400000000003,0.29730480000000004,1183.0393305120795,0.06810688427500071,1,38.400000000000006
2039-12-10,18,16447,575,Unemployed,High School,0,16306,24,Widowed,0,Mortgage,251,0.32497890866017387,2,0,0.1120082931032834,0,Auto,0,18,20,1408,4548,244467,9695,1370.5833333333333,0.6479543912831134,8,234772,0.20380600000000001,0.23143277397925766,855.1594695740599,0.8070720274146483,0,51.0
2039-12-11,18,34144,546,Unemployed,Master,0,19927,72,Married,0,Rent,651,0.15194772522175112,4,2,0.0563577362133341,0,Home,0,25,24,7009,267,132288,3350,2845.3333333333335,0.9163636144190095,2,128938,0.261927,0.24102796916593278,525.8589608597258,0.41361022523186236,0,49.0
2039-12-12,62,46559,605,Employed,High School,42,19959,96,Single,4,Own,296,0.4679924766013955,4,0,0.14833174341348387,0,Other,1,23,5,7238,944,44810,12552,3879.9166666666665,0.8422172315516552,4,32258,0.252459,0.26135759134522707,497.59147090198,0.2045382772573243,0,57.0
2039-12-13,49,27795,539,Employed,Master,26,32616,60,Divorced,0,Mortgage,741,0.41539675566493856,1,1,0.7047921403823777,0,Other,0,22,10,1755,1349,122780,5410,2316.25,0.7782252918488441,7,117370,0.268116,0.29381777393097797,1042.8866493811056,0.7701615323825605,0,57.0
2039-12-14,33,29669,555,Employed,High School,14,18897,96,Single,1,Rent,157,0.4050525731961157,6,0,0.12903790046996788,0,Debt Consolidation,0,21,17,6587,108,33342,21437,2472.4166666666665,0.7853442052685127,6,11905,0.276397,0.3092126722832723,533.3061458687388,0.279202998093123,0,53.0
2039-12-15,29,85353,491,Employed,Bachelor,6,26785,48,Married,4,Own,995,0.3761651737645968,2,1,0.32428936688777876,0,Debt Consolidation,0,31,23,1855,1010,14837,100226,7112.75,0.9245115331358675,3,5152,0.276285,0.221028,845.3858640107309,0.25874462957516164,1,42.400000000000006
2039-12-16,30,108101,579,Employed,Master,8,32573,96,Single,0,Other,367,0.47494032372849476,2,3,0.12189568117225867,0,Auto,0,13,4,9111,3620,143153,3387,9008.416666666666,0.7761837070365698,5,139766,0.278073,0.2690760021555845,829.0180982203788,0.13276673831550628,0,49.0
2039-12-17,51,40562,567,Employed,Associate,30,12771,60,Married,0,Mortgage,431,0.037906909233486996,3,1,0.11260244401550097,0,Home,0,33,2,2948,6581,71719,9650,3380.1666666666665,0.8078521840435656,4,62069,0.234271,0.23134576721490363,361.00864049574375,0.2343105292132766,0,52.0
2039-12-18,35,66522,597,Employed,Associate,14,22595,48,Married,5,Mortgage,180,0.3230773803120104,0,2,0.35446394383921853,0,Home,0,24,1,2277,3534,10253,13068,5543.5,0.836882891918757,2,1228,0.219095,0.2602292853574366,762.1340477539065,0.1699529264460912,0,58.0
2039-12-19,32,105656,610,Employed,Bachelor,8,18824,36,Married,1,Own,240,0.06783913050518899,1,0,0.6528138958997409,0,Home,0,28,20,1861,1364,51800,183887,8804.666666666666,0.9597427713742553,3,2722,0.198824,0.1910500876279249,691.0127354365275,0.10574082707312722,1,42.400000000000006
2039-12-20,42,74128,605,Employed,Bachelor,23,19950,36,Widowed,3,Rent,511,0.11835475349157186,3,2,0.42848214330654816,0,Auto,0,19,15,3048,830,191561,5095,6177.333333333333,0.7957458403354515,3,186466,0.20245,0.20529031903957087,746.8020646850284,0.20361570224773826,1,38.400000000000006
2039-12-21,48,40382,596,Self-Employed,Master,27,24202,24,Married,1,Rent,429,0.23694751003142342,4,1,0.3456639484419388,0,Home,0,21,10,28822,338,164352,27457,3365.1666666666665,0.9015595897243724,9,136895,0.201202,0.18484814449452933,1213.9400837529238,0.4882195286274847,0,54.0
2039-12-22,38,74197,549,Employed,Associate,15,27801,36,Married,0,Mortgage,795,0.27123301152516754,5,1,0.3976782836247067,0,Home,0,27,21,886,891,480310,11935,6183.083333333333,0.7602399526648038,3,468375,0.23830099999999999,0.2529441156988361,1109.6964320389145,0.3080496136564413,1,38.400000000000006
2039-12-23,37,77683,485,Employed,High School,14,18683,36,Widowed,3,Mortgage,204,0.09443207767391057,4,1,0.5516214470224055,1,Home,0,31,28,3955,6736,299866,16562,6473.583333333333,0.907267427422188,6,283304,0.261183,0.3052369280492561,798.4912728330015,0.15485878858947283,0,63.0
2039-12-24,41,69036,527,Employed,High School,17,8112,48,Single,0,Other,682,0.3615830872475048,4,0,0.017843869215178384,0,Education,0,30,2,1621,1719,218546,30717,5753.0,0.9361535074285638,3,187829,0.23961200000000002,0.21212614662381982,252.12231367107293,0.1623713390702369,1,40.0
2039-12-25,56,27966,634,Employed,High School,34,10441,36,Divorced,3,Own,588,0.0810613690687728,5,1,0.1076501077969887,0,Other,0,23,24,4591,1869,134157,5725,2330.5,0.9401741880880873,6,128432,0.17844100000000002,0.17668266167944185,375.7319074434424,0.41353010403065543,0,44.0
2039-12-26,27,20394,591,Unemployed,Associate,2,13513,84,Single,1,Rent,757,0.5944496788188834,1,0,0.17343365389261828,0,Auto,0,31,16,814,6568,119201,35894,1699.5,0.8230212102222484,6,83307,0.243013,0.2120824813604557,309.9801538565259,0.6278200375737134,0,54.0
2039-12-27,30,24573,522,Employed,High School,8,22961,60,Single,0,Mortgage,1018,0.37381412202888614,3,1,0.15259561966993165,0,Debt Consolidation,0,26,26,1432,9936,24857,6623,2047.75,0.7176991411655631,3,18234,0.266961,0.2687677788700641,699.4315947503746,0.8386920252718225,0,52.0
2039-12-28,45,40281,569,Employed,High School,26,12926,36,Divorced,3,Mortgage,430,0.8028670563446081,5,1,0.4964181216141801,0,Home,0,22,20,2191,1667,34285,38953,3356.75,0.7611166449413699,5,7354,0.213426,0.24119036005765526,507.93208623981815,0.27941672339012974,0,60.0
2039-12-29,21,42471,591,Employed,Associate,0,28345,36,Married,2,Mortgage,565,0.46567468706586523,4,2,0.3318598436327004,0,Debt Consolidation,0,27,27,4113,888,32111,16207,3539.25,0.96255857364337,5,15904,0.217845,0.22114690382014565,1084.1909077403259,0.4659718606315818,0,56.0
2039-12-30,27,15000,521,Self-Employed,Associate,4,34301,72,Married,1,Mortgage,389,0.4622347895183706,3,0,0.29058540592931437,0,Education,0,16,17,5728,1604,89644,18165,1250.0,0.752309046945154,6,71479,0.288801,0.24772967395436882,919.1993389775118,1.0465594711820094,0,56.0
2039-12-31,28,71828,474,Employed,Bachelor,7,52732,72,Single,3,Rent,746,0.21909287172728495,2,1,0.07358844209095727,0,Home,0,11,7,1530,700,15741,12002,5985.666666666667,0.9902147554830493,3,3739,0.33073199999999997,0.3066172448706955,1608.9612949346981,0.39343341787626523,0,51.0
2040-01-01,51,176554,630,Employed,Associate,30,24332,60,Married,2,Own,625,0.19436990215907254,5,1,0.3848897217757,0,Auto,0,20,25,10366,112,29011,28028,14712.833333333334,0.7683711173855383,6,4771,0.21433200000000002,0.21494631091446662,665.0506030781858,0.08768199665223234,1,38.400000000000006
2040-01-02,64,41166,579,Employed,High School,41,19026,60,Single,0,Rent,790,0.11499657825114667,3,1,0.3828129916721204,0,Home,0,18,13,2459,10167,35930,106527,3430.5,0.7975121586427988,9,5626,0.234526,0.18762080000000003,491.0575247996702,0.3734317227225391,0,54.0
2040-01-03,54,43824,566,Employed,High School,34,32036,108,Single,2,Rent,237,0.42128130861843266,3,2,0.4838362332647727,0,Debt Consolidation,0,28,1,2583,3067,62704,13920,3652.0,0.8877319852496457,6,48784,0.29403599999999996,0.291893301937785,842.0778868166865,0.29547587262231284,0,62.0
2040-01-04,38,22467,547,Employed,Bachelor,19,42126,60,Married,3,Mortgage,524,0.17191702930417213,3,2,0.5644819700564879,0,Other,0,24,24,7228,1568,87449,9994,1872.25,0.8822063534405185,6,77455,0.273626,0.2672317812801157,1279.3704264816945,0.9632102691850418,0,57.0
2040-01-05,45,57027,560,Employed,Associate,25,10418,60,Married,2,Rent,238,0.29411537490510337,2,0,0.08146494347021428,0,Home,0,13,6,2269,2724,140533,26484,4752.25,0.8117633520080692,2,114049,0.23541800000000002,0.249683004551053,305.58850589513514,0.1143855028449966,0,48.0
2040-01-06,24,32589,477,Employed,Bachelor,0,60243,60,Married,2,Rent,374,0.32003005614077973,3,2,0.3193759473701458,0,Education,0,24,19,2025,2423,62299,68575,2715.75,0.6789680115752742,1,5907,0.326743,0.2819120232922007,1882.6703508579822,0.8309565868942216,0,55.0
2040-01-07,30,21106,601,Employed,Bachelor,7,29018,36,Married,0,Mortgage,729,0.22532295393786902,4,0,0.4431336043447974,0,Auto,0,20,27,4237,1277,47964,2652,1758.8333333333333,0.8536164541586447,4,45312,0.21351799999999999,0.1708144,1035.7473695296662,1.00336247675334,0,55.0
2040-01-08,46,52378,617,Employed,High School,20,35726,48,Divorced,4,Rent,319,0.11664180845051417,5,1,0.4083540055977327,0,Debt Consolidation,1,24,28,3344,1791,65468,13970,4364.833333333333,0.6966392809013656,4,51498,0.22222600000000003,0.23378366851030216,1152.489633531288,0.33712389939240633,0,56.0
2040-01-09,22,51226,546,Employed,Bachelor,0,24055,36,Married,0,Own,547,0.5503534821676945,3,2,0.31274335491183114,0,Auto,0,12,7,2634,815,75187,49278,4268.833333333333,0.5879297602933421,7,25909,0.236055,0.19269562144702743,885.0424534712697,0.3354645969167071,0,56.0
2040-01-10,48,53808,563,Employed,Associate,24,18696,24,Single,0,Mortgage,538,0.15870414253488926,4,0,0.4429060637418718,0,Other,0,18,3,3124,1639,69631,8553,4484.0,0.9058905948751207,6,61078,0.21219599999999997,0.23165125442057347,980.7047052606122,0.338694180477389,0,56.0
2040-01-11,42,222794,614,Unemployed,Doctorate,20,25399,72,Widowed,2,Rent,194,0.27368492950842416,2,0,0.1712640817805957,0,Home,0,11,17,961,1771,26782,24063,18566.166666666668,0.8861236311307279,3,2719,0.233399,0.23720408646996058,664.3708704856247,0.04623306931886629,1,38.400000000000006
2040-01-12,21,64628,564,Employed,Associate,0,29785,36,Married,0,Mortgage,355,0.062887204827876,3,1,0.28430467941492765,1,Auto,0,31,20,7063,4307,108591,4728,5385.666666666667,0.8980674172983515,5,103863,0.232785,0.2206763910036496,1138.5451420255522,0.2773185260925083,0,59.0
2040-01-13,20,43491,507,Employed,Master,0,21136,48,Married,1,Other,287,0.33185570276959986,3,0,0.456038962868276,0,Debt Consolidation,0,24,18,5611,902,51484,8966,3624.25,0.7592872275799949,5,42518,0.262636,0.2598427088497565,712.4619717871286,0.27577070339715215,0,57.0
2040-01-14,34,75134,459,Employed,Master,12,20808,48,Married,4,Rent,446,0.041868341850909326,2,0,0.3860679734542683,0,Home,0,21,8,3298,658,117224,406736,6261.166666666667,0.8372885302811535,10,9130,0.286308,0.3025241623183473,752.2706001665902,0.19138136132774883,0,54.0
2040-01-15,41,15000,563,Employed,High School,20,22818,48,Married,1,Rent,476,0.7438437234774988,5,1,0.21244437542274142,0,Other,0,27,19,2304,6987,36590,43449,1250.0,0.8924057482027731,5,4795,0.236318,0.26952473846483765,781.6389331381424,1.006111146510514,0,56.0
2040-01-16,56,42388,571,Employed,Bachelor,33,69615,36,Married,4,Other,320,0.2304708411172276,2,0,0.4522932973374542,0,Auto,0,21,7,9151,2151,347433,37832,3532.3333333333335,0.9259782682522867,3,309601,0.269115,0.215292,2641.7030068043437,0.8384551307363434,0,52.0
2040-01-17,44,61672,563,Employed,Associate,21,43842,36,Married,0,Rent,308,0.22353326836074966,6,2,0.37284839086849586,0,Home,0,28,16,4295,94,68673,40924,5139.333333333333,0.5245356110053434,1,27749,0.24734199999999998,0.2693167599850277,1788.2524408630647,0.40788411743346703,0,54.0
2040-01-18,39,23895,577,Unemployed,Associate,19,14516,36,Single,2,Rent,407,0.20252380118976057,3,0,0.5412212329096234,0,Debt Consolidation,0,29,2,790,718,49781,60360,1991.25,0.9310553901673836,5,9472,0.211016,0.23494370589806726,565.6574651055108,0.4884657702978083,0,67.0
2040-01-19,50,89094,627,Employed,Master,30,32850,84,Married,0,Rent,307,0.26757127210016807,5,1,0.38873661721515995,0,Home,0,26,21,182,377,55259,46613,7424.5,0.9001625996219963,5,8646,0.24435,0.22483806534401968,779.3852319193603,0.14632436284185604,1,40.0
2040-01-20,33,36113,619,Employed,Master,12,24211,36,Single,1,Mortgage,345,0.22408784190084557,3,1,0.38884545789313296,0,Home,0,25,5,1457,8091,706472,19876,3009.4166666666665,0.8762864586437894,3,686596,0.19971100000000003,0.20970220693276498,911.7809150871998,0.41761612109341234,1,36.800000000000004
2040-01-21,24,23827,607,Self-Employed,Doctorate,1,50712,36,Single,5,Rent,350,0.28502537606664285,3,1,0.025834131717712906,0,Auto,0,31,23,101449,1884,103333,34165,1985.5833333333333,0.8600316048357853,2,69168,0.232212,0.2300130235526319,1963.0818225911719,1.1649381739662594,0,50.0
2040-01-22,42,28177,548,Employed,High School,22,22602,96,Single,2,Mortgage,467,0.13032926159304953,1,3,0.1570089293097432,0,Debt Consolidation,1,17,23,17860,376,161600,59943,2348.0833333333335,0.7471981129499846,9,101657,0.283602,0.22688160000000002,512.1496099992133,0.4169995144973049,0,53.0
2040-01-23,51,84062,601,Employed,Bachelor,27,31698,36,Single,2,Mortgage,723,0.5420359867548712,5,0,0.05610401746598128,0,Auto,0,22,5,1399,273,41614,57013,7005.166666666667,0.7021338130720741,3,7171,0.216198,0.20588924500996708,1187.5445040691616,0.27273362576229376,0,49.0
2040-01-24,52,40729,582,Employed,Master,32,13638,36,Married,5,Own,437,0.11878107536339258,0,2,0.43489204995123604,1,Home,0,27,12,160,1137,38450,7718,3394.0833333333335,0.8756834816504899,9,30732,0.20763800000000002,0.24405955644376978,537.9688884823341,0.28725543621959804,0,68.0
2040-01-25,39,15000,566,Employed,High School,15,22606,84,Single,2,Own,407,0.2953883325200473,1,0,0.5577209542042559,0,Debt Consolidation,0,34,9,1705,1555,67951,13847,1250.0,0.9101729782156656,4,54104,0.264606,0.27603634004602623,610.3550334877244,0.8138840267901796,0,59.0
2040-01-26,52,39296,594,Employed,Master,27,13176,84,Married,0,Own,278,0.33107699245630584,1,2,0.6100468485378067,0,Home,0,32,27,1624,485,45120,174545,3274.6666666666665,0.834553974714627,4,1123,0.241176,0.25496727078409726,337.70212002678187,0.18801978421013288,0,59.0
2040-01-27,47,48558,613,Employed,Master,27,10474,48,Divorced,2,Own,532,0.13409344230249232,4,0,0.05050699601215446,0,Education,0,27,20,1814,392,195947,93714,4046.5,0.8688580555913471,6,102233,0.198974,0.22205243391119786,331.1628358494804,0.2133109689483456,1,34.4
2040-01-28,21,89264,574,Employed,Master,1,5265,36,Married,1,Mortgage,985,0.3067581639369622,5,1,0.2258764395052882,0,Education,0,27,16,553,67,66182,103897,7438.666666666667,0.5226310805468607,2,4256,0.203265,0.21136582308336185,198.72863743194003,0.15913182973184353,1,40.800000000000004
2040-01-29,28,39004,517,Unemployed,Bachelor,5,22408,48,Married,0,Rent,462,0.12226894351354287,1,1,0.08019960359153279,0,Debt Consolidation,0,27,21,858,607,16789,26731,3250.3333333333335,0.9666886895611534,8,3417,0.258908,0.2281393558071359,715.926986137659,0.36240190323176874,0,53.0
2040-01-30,46,119741,616,Employed,Bachelor,22,10824,84,Married,1,Mortgage,528,0.19781190249740013,3,1,0.3925192908748643,0,Education,0,25,23,720,485,30576,13155,9978.416666666666,0.7722509273403938,4,17421,0.22782400000000003,0.2174873050756192,251.88552785555987,0.0781572421665655,1,39.2
2040-01-31,32,29759,574,Employed,Associate,12,11500,60,Married,0,Rent,713,0.24839809116238867,0,3,0.04966363575438568,0,Auto,0,25,15,3276,1365,421710,70757,2479.9166666666665,0.9410471962625698,3,350953,0.22950000000000004,0.2536557294887518,340.0093669868794,0.4246148191754613,0,46.0
2040-02-01,21,27231,594,Employed,High School,0,20086,48,Married,3,Rent,380,0.36682938990845626,2,1,0.3134543210968343,0,Other,0,21,16,1301,6121,134282,14877,2269.25,0.8038736199778768,5,119405,0.218086,0.2278062243617693,641.3740479498316,0.45009322373023314,0,52.0
2040-02-02,46,64072,649,Employed,Master,25,29978,24,Single,0,Mortgage,419,0.6486993590005932,4,0,0.5263727574690327,0,Other,0,27,5,1739,3155,694182,16809,5339.333333333333,0.701692538789854,2,677373,0.180478,0.18603802834405428,1505.3852561573399,0.3604167666670009,1,40.800000000000004
2040-02-03,41,20038,623,Employed,High School,20,16626,36,Single,3,Own,667,0.20171656154078002,2,2,0.0966604126114739,0,Education,0,17,12,1806,2295,25139,18450,1669.8333333333333,0.9346908445409201,1,6689,0.19012600000000002,0.22663138583399547,640.6723964210073,0.7831155183677058,0,49.0
2040-02-04,41,51338,594,Self-Employed,Bachelor,18,20182,36,Single,0,Other,221,0.14373906765067998,4,0,0.07740692551979773,0,Auto,0,26,5,7743,464,10065,6718,4278.166666666667,0.9403167342660145,6,3347,0.208182,0.2498184,802.2389790786946,0.23917697902030335,0,54.0
2040-02-05,34,22041,585,Employed,Associate,11,46082,36,Divorced,1,Other,630,0.35431826936146316,1,1,0.11764560910691126,0,Debt Consolidation,0,16,7,1651,1340,176599,75748,1836.75,0.9412051487471448,4,100851,0.238582,0.2251000634222702,1772.074068658002,1.3077849836167155,0,49.0
2040-02-06,43,109890,611,Employed,Bachelor,20,10461,36,Single,3,Mortgage,473,0.3075398370069453,4,1,0.15441245732716377,0,Auto,0,28,20,686,2682,10527,117329,9157.5,0.7022577387626615,9,9530,0.189961,0.1804269616877053,378.4143063137541,0.09297453522399717,1,36.800000000000004
2040-02-07,33,39383,590,Self-Employed,High School,9,24466,84,Single,0,Mortgage,372,0.35935497600435556,6,0,0.30144366699899905,0,Other,0,29,6,1177,421,84244,69543,3281.9166666666665,0.783915780411511,5,14701,0.254466,0.2683128699600978,648.2056551267069,0.31085666052663546,0,60.0
2040-02-08,18,90694,567,Employed,High School,0,13805,60,Single,3,Mortgage,361,0.3403227818999905,4,1,0.650741102424663,0,Home,0,25,23,3787,209,747024,45109,7557.833333333333,0.9185099103139877,6,701915,0.235305,0.2216456928390574,382.5719190789596,0.09838427050243143,1,39.2
2040-02-09,25,143552,543,Employed,Master,3,21629,48,Married,0,Rent,256,0.06165415316205732,4,0,0.17892238126560922,0,Home,0,22,6,2155,3038,29314,77088,11962.666666666666,0.706533922760494,6,10891,0.245129,0.27902402269585447,752.6096810199331,0.08431311421811746,1,39.2
2040-02-10,39,271193,637,Employed,Bachelor,16,33907,36,Married,0,Mortgage,371,0.09177257545368163,3,1,0.08470825707916654,0,Debt Consolidation,1,24,22,3412,2254,35636,18847,22599.416666666668,0.9237570194527187,4,16789,0.200407,0.20630906169403315,1271.0319172745953,0.0726581549202787,1,40.0
2040-02-11,56,83782,631,Employed,Bachelor,33,18670,72,Married,2,Rent,580,0.45390527149694837,2,1,0.2284435003413814,0,Home,0,23,10,9545,3388,14816,21172,6981.833333333333,0.9196076113434032,5,2694,0.21817,0.19928084016490435,446.4213185778637,0.1470131510698523,0,49.0
2040-02-12,29,144651,531,Employed,Master,6,17580,60,Divorced,2,Other,537,0.025282406388040052,4,2,0.5204389888309011,0,Auto,0,36,25,6509,2387,20473,40437,12054.25,0.49953549585317564,5,3842,0.25708,0.26361448734150916,530.1218203522975,0.08852660433890931,1,44.0
2040-02-13,43,29343,626,Employed,High School,22,25322,60,Married,0,Rent,427,0.2226368529875847,3,2,0.5609912624337916,0,Home,0,41,20,5111,1958,25678,21062,2445.25,0.7614149750704148,6,4616,0.21732200000000002,0.24600815879693042,737.3198675556866,0.47615575812521693,0,57.0
2040-02-14,24,15000,583,Employed,High School,4,19039,12,Married,0,Rent,150,0.1992218277088272,4,1,0.3084520379974755,0,Home,0,25,2,4541,1872,35509,26891,1250.0,0.5731537979298809,9,8618,0.19253900000000002,0.21380050279142931,1776.2676969795143,1.5410141575836114,0,59.0
2040-02-15,49,49482,621,Unemployed,Master,25,36658,108,Married,0,Mortgage,170,0.7134363130347527,6,0,0.17355212741765233,0,Auto,0,20,18,3753,868,43505,8656,4123.5,0.7994776602829473,6,34849,0.271158,0.22846325707973814,802.6096820402641,0.2358699362289958,0,53.0
2040-02-16,38,38942,583,Employed,Associate,15,39905,36,Divorced,1,Rent,769,0.13146542768169953,2,1,0.16992008857953037,0,Auto,0,27,21,2015,485,22614,9722,3245.1666666666665,0.6575993814496979,6,12892,0.233405,0.2206192309348776,1525.2686756830867,0.7069802297826778,0,50.0
2040-02-17,33,35290,571,Employed,Associate,11,32875,36,Divorced,4,Mortgage,269,0.18958589890829158,2,2,0.06518457927091596,0,Home,0,17,17,31357,273,34578,26972,2940.8333333333335,0.7217958446060232,5,7606,0.23237500000000003,0.2198506068385856,1255.2570859967475,0.5183078784913848,0,50.0
2040-02-18,49,65702,553,Unemployed,Bachelor,29,17733,24,Single,0,Own,435,0.5563071584016595,3,1,0.2983066726312869,0,Auto,0,21,2,1878,1372,109891,4271,5475.166666666667,0.7116636191970421,2,105620,0.21623299999999998,0.23711021122302864,935.00745418064,0.2502220548867261,0,56.0
2040-02-19,35,105600,575,Employed,Master,12,39116,60,Married,2,Mortgage,193,0.37161563717459023,6,1,0.20132575160490063,0,Home,0,27,6,1322,2401,69743,12632,8800.0,0.8282471489747627,6,57111,0.256616,0.29600609404523853,1255.9563428481642,0.16465412986910957,0,51.0
2040-02-20,39,113174,577,Employed,Master,18,33714,60,Widowed,1,Rent,499,0.5657720997717361,4,0,0.19850828496797157,0,Auto,0,29,29,3727,1449,104707,21388,9431.166666666666,0.8782144645118595,1,83319,0.250214,0.2738624470630646,1037.2651916253512,0.1628923807544508,1,38.400000000000006
2040-02-21,34,80225,581,Self-Employed,Doctorate,11,33739,60,Single,1,Other,404,0.3360439112550492,2,3,0.43458071751030636,0,Debt Consolidation,0,25,22,4732,532,85195,59493,6685.416666666667,0.8532835229231902,8,25702,0.248239,0.22982120240123802,950.7717482717927,0.2026458208695732,1,46.400000000000006
2040-02-22,53,49457,539,Employed,Doctorate,28,49991,48,Single,0,Rent,389,0.05541707694404085,3,1,0.13924089115329732,0,Other,0,31,6,2791,958,21991,58435,4121.416666666667,0.720195704075181,4,6823,0.275491,0.26702820423579215,1705.3885797060339,0.5081720071268456,0,52.0
2040-02-23,39,86406,590,Self-Employed,Master,16,15843,48,Married,2,Other,1345,0.11171792163737759,2,1,0.37409019520004194,0,Debt Consolidation,1,18,26,5433,1676,76976,102817,7200.5,0.8083552082709305,5,1640,0.215843,0.17780258802652113,463.5709309989079,0.25117296451620136,1,48.800000000000004
2040-02-24,40,30410,519,Employed,High School,20,33438,36,Married,0,Own,339,0.20765999684535819,4,1,0.1726834565563347,0,Auto,0,29,20,3151,1382,66596,10515,2534.1666666666665,0.9150574269023249,6,56081,0.258938,0.2285522583017723,1291.8539007968777,0.6435464258323753,0,49.0
2040-02-25,50,83404,565,Unemployed,Doctorate,26,20286,36,Single,3,Rent,670,0.29015176856697567,3,1,0.5421831276634178,0,Home,0,30,23,1024,8586,32692,32960,6950.333333333333,0.5714013309128915,10,7548,0.22278599999999998,0.20433968376084927,758.3935459853742,0.2055143944154296,1,48.0
2040-02-26,48,162904,641,Employed,Doctorate,27,52520,84,Married,2,Rent,483,0.20453803026134895,1,1,0.08654241350771401,0,Debt Consolidation,0,27,1,1990,3270,18203,55799,13575.333333333334,0.6532041584151667,9,7807,0.25702,0.30842400000000003,1531.5693508030538,0.14839925483497424,0,49.0
2040-02-27,27,69473,628,Employed,Bachelor,7,27792,60,Single,1,Mortgage,257,0.3181891029703903,4,2,0.05991794163322425,0,Education,0,22,28,1037,1713,43552,5489,5789.416666666667,0.928658913682807,4,38063,0.21879200000000004,0.22414311100896978,774.1458966759059,0.1781087726182959,0,47.0
2040-02-28,33,57312,607,Unemployed,High School,12,35352,96,Single,2,Other,298,0.4386677845610285,3,0,0.25708522780404486,0,Debt Consolidation,0,22,25,5509,529,61015,5043,4776.0,0.6306341581827006,6,55972,0.266852,0.3003589180698254,975.773600861223,0.26670301525569995,0,51.0
2040-02-29,55,74666,581,Employed,Master,36,43518,72,Single,0,Mortgage,249,0.24531206836580347,2,1,0.5419260839231687,0,Other,0,15,28,7717,415,32206,299841,6222.166666666667,0.8359993986524854,1,1099,0.268018,0.26317579070719205,1207.6800194126608,0.2341113791143483,0,58.0
2040-03-01,42,105290,503,Self-Employed,Bachelor,20,16391,48,Married,2,Mortgage,558,0.11515391698363811,4,2,0.4122523581035549,0,Home,0,23,5,11134,1810,12944,115303,8774.166666666666,0.7507719181090304,2,7588,0.259891,0.2772285680785303,568.665210140152,0.1284070901479896,1,47.2
2040-03-02,28,19429,508,Employed,Master,7,10779,48,Divorced,2,Mortgage,196,0.3089263728261003,2,1,0.3193109988300033,0,Auto,0,29,28,6170,863,37580,18893,1619.0833333333333,0.7081907617590478,3,18687,0.25177900000000003,0.2702859113668365,369.70410506306774,0.349397769352865,0,56.0
2040-03-03,37,96830,635,Employed,Master,15,9614,96,Married,2,Rent,355,0.5048974040577636,1,1,0.09034821622547086,0,Auto,0,21,24,1672,342,53965,64279,8069.166666666667,0.7197782322383071,3,5640,0.22711400000000004,0.22328190536301518,215.61889760189075,0.0707159637635308,1,37.6
2040-03-04,38,81606,554,Employed,High School,15,26747,36,Single,1,Mortgage,573,0.211650986777582,5,2,0.21117102475297878,0,Auto,1,23,29,3503,1222,31529,27587,6800.5,0.909090737198638,4,3942,0.23474699999999998,0.2647814905636319,1084.4775412895383,0.243728776014931,0,57.0
2040-03-05,49,74453,640,Employed,Master,27,14391,72,Married,3,Own,225,0.1628641441416492,1,0,0.23502656305212574,0,Auto,0,29,2,3155,4797,127603,103335,6204.416666666667,0.8857214528876374,1,24268,0.209391,0.19726563700333224,342.42797492743614,0.09145549137213052,1,41.6
2040-03-06,58,59581,625,Employed,High School,37,21030,60,Single,5,Mortgage,361,0.2819518370705153,3,2,0.2757962853766017,0,Auto,0,19,5,3177,190,32395,6987,4965.083333333333,0.7065799255071213,6,25408,0.21353,0.21938200288114934,580.0870240092609,0.18954103301574549,0,51.0
2040-03-07,50,74737,605,Employed,Associate,27,30329,24,Single,0,Mortgage,329,0.40069926772172104,4,3,0.47760221061130637,0,Home,0,22,17,917,506,33800,27746,6228.083333333333,0.9505972099685225,4,6054,0.20282899999999998,0.22659105752384623,1583.3016308904591,0.30704496528741465,0,54.0
2040-03-08,42,46282,645,Employed,Master,24,46357,60,Married,1,Other,385,0.48563470393652214,5,2,0.2103249048884165,0,Debt Consolidation,0,20,26,4310,3679,141333,10964,3856.8333333333335,0.8575675990819063,7,130369,0.22885700000000003,0.219042959170478,1277.808701117644,0.4311331492461805,0,47.0
2040-03-09,44,26701,550,Employed,Master,23,41599,36,Single,1,Mortgage,612,0.3683621509830688,1,0,0.314821123162483,0,Debt Consolidation,0,25,26,2223,687,57560,5058,2225.0833333333335,0.9742801009256483,7,52502,0.251599,0.2718862100055688,1702.5004357616401,1.0401859566735208,0,54.0
2040-03-10,32,42854,530,Employed,Bachelor,9,21131,108,Single,3,Mortgage,398,0.23784497669607518,3,2,0.032789083032222076,0,Auto,0,22,2,1643,1964,15190,23966,3571.1666666666665,0.680868300088519,8,8424,0.30113100000000004,0.34345329726234836,634.9324700910191,0.2892423027276854,0,55.0
2040-03-11,56,44465,630,Employed,High School,37,20980,48,Divorced,2,Rent,406,0.2595973447871607,3,2,0.3373201223380802,0,Home,0,23,1,1813,406,13472,26415,3705.4166666666665,0.7600168895502547,8,2466,0.20098000000000002,0.22624828117559195,668.134752872845,0.2898823127060416,0,56.0
2040-03-12,28,123030,621,Employed,Bachelor,6,9588,36,Married,0,Other,251,0.12960263669520783,6,1,0.24510984617883988,0,Debt Consolidation,0,23,6,3983,655,6942,11977,10252.5,0.8713577855306239,5,2700,0.184088,0.1910661539958659,351.9749701270075,0.058812481846087054,1,38.400000000000006
2040-03-13,52,56565,625,Employed,Master,27,29917,12,Single,3,Mortgage,409,0.08094671479350547,3,0,0.285219693496386,0,Debt Consolidation,1,34,8,4021,1034,35743,9014,4713.75,0.847608840930772,5,26729,0.18241700000000002,0.18222139964729278,2745.9541471439443,0.6693087556921653,0,55.0
2040-03-14,48,121093,472,Employed,High School,21,15745,36,Widowed,1,Mortgage,461,0.42002827759738237,3,1,0.3531167016318002,0,Debt Consolidation,0,28,9,2350,1765,90313,25344,10091.083333333334,0.9353596163323014,3,64969,0.264745,0.24262606415768817,619.8943165912133,0.10711380343285375,1,41.6
2040-03-15,66,25747,511,Employed,Doctorate,42,12281,36,Divorced,0,Mortgage,353,0.5457023119921518,2,0,0.2288121062377706,0,Home,0,29,8,9933,752,192677,8605,2145.5833333333335,0.8228639013593863,3,184072,0.241781,0.2289930662055466,474.7498032266406,0.3857924278059458,1,41.6
2040-03-16,57,85145,633,Employed,Doctorate,36,25281,36,Widowed,3,Own,342,0.25694582998663157,3,0,0.3362687409878476,0,Education,0,21,20,886,1447,62317,13163,3919.8333333333335,0.8881104498963093,7,49154,0.193781,0.16033809842418006,889.2270001329374,0.31410187511363685,1,40.0
2040-03-17,61,25278,625,Employed,High School,36,31268,36,Married,1,Rent,347,0.4668862724855175,3,0,0.4256502629799389,0,Education,0,24,9,7211,700,7911,13914,2106.5,0.8374537432095975,7,4077,0.203768,0.22834978372547865,1207.6878648747168,0.7380431354733998,0,57.0
2040-03-18,45,37696,604,Employed,Bachelor,24,14859,60,Single,1,Other,626,0.21593925296314004,3,2,0.5501603446800626,0,Debt Consolidation,0,35,28,778,683,978009,10511,3141.3333333333335,0.7584854666628379,8,967498,0.21785900000000002,0.2107483227055928,402.61161664544187,0.3274442752479123,1,38.400000000000006
2040-03-19,43,40326,578,Employed,High School,17,14907,60,Single,0,Mortgage,255,0.20495680033130614,6,1,0.14949702053810876,0,Auto,0,27,20,7852,1352,42635,61741,3360.5,0.7758922643497828,6,7556,0.23090700000000003,0.22805553114158747,418.5716568600642,0.20043792794526535,0,51.0
2040-03-20,34,79363,621,Employed,Associate,12,19238,36,Single,0,Mortgage,495,0.14441520396248236,1,2,0.10711405829300072,0,Auto,0,23,11,1473,791,41782,55386,6613.583333333333,0.8490123647349846,7,8219,0.19373800000000002,0.22985217556159027,744.5494092596238,0.1874247812093228,0,46.0
2040-03-21,25,38086,598,Unemployed,Master,3,25610,12,Married,0,Mortgage,212,0.46814326536432216,3,3,0.24347915169475431,0,Home,1,28,20,22873,1973,26647,17515,3173.8333333333335,0.6727026453201531,6,9132,0.19161,0.20814669150423723,2382.366397428576,0.8174236404228039,0,63.0
2040-03-22,33,41175,575,Employed,Master,9,20643,120,Divorced,1,Rent,710,0.23047082528195342,4,2,0.216707933827707,0,Home,0,18,27,2454,2859,34993,21811,3431.25,0.85565037511083,3,13182,0.28814300000000004,0.30875907073553643,557.588219320798,0.36942461765269163,0,53.0
2040-03-23,59,60794,699,Employed,Master,38,17958,48,Single,0,Mortgage,389,0.10843499721691642,1,0,0.058867867066013976,0,Auto,0,29,14,19832,389,62135,25246,5066.166666666667,0.7904042944540042,6,36889,0.163458,0.13172419283509745,483.30636553349393,0.1721827217554681,1,34.4
2040-03-24,25,48531,604,Employed,High School,1,21329,60,Single,3,Rent,490,0.4873310991684738,4,0,0.12030555987723578,0,Auto,0,18,14,5218,457,178359,9175,4044.25,0.9125149243648606,5,169184,0.224329,0.23080872576492598,602.2660118279355,0.2700787567108699,0,45.0
2040-03-25,18,78623,573,Employed,High School,0,37738,36,Single,2,Own,522,0.6103123855152917,2,1,0.3068526361244087,0,Auto,0,26,25,991,166,58839,32925,6551.916666666667,0.6585206294914742,3,25914,0.236238,0.22674826800617934,1454.4392990422555,0.30165818638956876,0,56.0
2040-03-26,29,48213,591,Self-Employed,Bachelor,6,29713,48,Married,1,Rent,152,0.5772046733324131,0,1,0.39355692045783996,1,Debt Consolidation,0,29,10,9128,187,53165,51270,4017.75,0.8805876911482535,6,1895,0.229213,0.2459952442406515,978.5726396263275,0.2813944719373599,0,71.0
2040-03-27,27,66012,549,Employed,Associate,2,21241,36,Married,1,Mortgage,271,0.36128251308182147,1,0,0.14764597428132564,0,Other,0,22,19,3240,381,101226,100043,5501.0,0.859058555121385,13,1183,0.231741,0.20797561091811534,798.0500178762484,0.19433739645087228,1,40.0
2040-03-28,38,43289,582,Employed,High School,17,40478,24,Single,0,Own,556,0.15163463102747185,1,3,0.24806387519379974,1,Education,0,23,19,9080,877,141871,15174,3607.4166666666665,0.9311941509437464,5,126697,0.22447799999999998,0.2212180604721619,2102.359544640301,0.7369150254264043,0,60.0
2040-03-29,41,233658,657,Employed,Doctorate,21,33809,48,Married,2,Rent,1098,0.34052234006875914,5,1,0.08950488360321203,1,Debt Consolidation,0,26,19,3702,207,164549,5355,19471.5,0.9720806584086232,6,159194,0.20030900000000001,0.1818012383489867,996.3243822382517,0.107558451184462,1,40.0
2040-03-30,33,115084,497,Employed,Master,14,42344,108,Married,0,Mortgage,227,0.10114436847981524,2,0,0.044602059224372076,0,Home,0,25,20,6281,1355,18597,19311,9590.333333333334,0.4306825675638,7,8487,0.338844,0.2840491133331621,1089.3847485756314,0.13726162614184054,1,38.400000000000006
2040-03-31,37,47794,616,Employed,Master,14,24568,24,Widowed,1,Rent,306,0.3093413635075644,4,0,0.4430909890374096,0,Home,0,34,28,3176,2130,15448,1411,3982.8333333333335,0.8984737560577095,7,14037,0.19156800000000002,0.20553050209250176,1257.055739809213,0.3924481917753391,0,54.0
2040-04-01,47,31747,602,Employed,Doctorate,27,29479,48,Married,0,Mortgage,221,0.0846353167547534,3,5,0.6058570696103633,0,Debt Consolidation,0,27,29,5729,6674,23165,49917,2645.5833333333335,0.7363921573595681,4,9187,0.223479,0.24650893903799964,971.7078706051476,0.45082982477908995,0,55.0
2040-04-02,35,89045,577,Employed,Doctorate,17,34645,48,Single,3,Mortgage,238,0.37621441330491756,1,0,0.14265829787208792,0,Home,0,28,17,21269,1796,96184,2267,7420.416666666667,0.9493003411868867,9,93917,0.24114500000000003,0.22592031215940392,1102.6937184154558,0.18067633916542725,1,37.6
2040-04-03,19,38638,556,Unemployed,Associate,0,27604,96,Married,4,Mortgage,980,0.3238742063886812,3,0,0.45891772079310633,0,Home,0,28,17,5564,741,165358,7465,3219.8333333333335,0.7233985095352967,6,157893,0.28460399999999997,0.28834977909130444,738.9164403973977,0.5338526136127328,0,56.0
2040-04-04,51,59135,596,Employed,High School,30,20533,48,Single,5,Rent,363,0.2121754494677901,3,0,0.4907279691290164,0,Home,0,19,6,8064,1374,46293,33623,4927.916666666667,0.9192862576450979,4,12670,0.217533,0.19707669026420704,621.6330340947807,0.19980716004290805,0,58.0
2040-04-05,48,136023,625,Employed,Bachelor,28,23333,84,Divorced,2,Rent,269,0.05907455264904743,2,0,0.24631896903357198,0,Debt Consolidation,0,25,23,1366,5195,234975,123431,11335.25,0.8325873605777933,9,111544,0.23583300000000001,0.22396472897989403,552.3238495246583,0.07245749758714261,1,33.6
2040-04-06,31,65745,578,Employed,Bachelor,8,32823,96,Married,0,Mortgage,267,0.23199887322837046,3,1,0.11468724258390253,0,Home,0,23,5,2105,879,8809,31958,5478.75,0.4034831773836235,7,4205,0.278823,0.25599447825321975,806.5128669412683,0.19594120318343936,0,52.0
2040-04-07,48,19441,599,Employed,Master,28,34823,60,Married,2,Mortgage,178,0.25591854609741044,4,1,0.29175177644846884,0,Debt Consolidation,0,23,13,848,1551,130342,18791,1620.0833333333333,0.9030492288828625,5,111551,0.240323,0.2540177870720291,1030.3198802918505,0.7458381031583873,0,50.0
2040-04-08,36,147718,566,Employed,Master,12,12589,24,Married,0,Mortgage,292,0.23877797277072055,3,1,0.2004157484455337,0,Debt Consolidation,0,22,22,21200,2452,63622,52331,12309.833333333334,0.9281982218751947,8,11291,0.20458899999999997,0.24356887028339294,667.8387724905679,0.07797333615325698,1,40.0
2040-04-09,18,26675,489,Employed,Doctorate,0,19554,48,Married,0,Other,584,0.13193295531219817,1,1,0.13061915367141577,0,Education,0,26,16,7724,1718,184768,30859,2222.9166666666665,0.9464734528776622,6,153909,0.27005399999999996,0.26702664068762083,667.0617067057025,0.562801892426183,0,47.0
2040-04-10,48,56390,598,Employed,Associate,24,15264,72,Married,2,Rent,182,0.23270000981005068,1,0,0.09091929919865048,0,Auto,0,20,14,10550,351,123323,22340,4699.166666666667,0.8397542149623075,4,100983,0.231264,0.2591946599012642,419.82283486946517,0.1280701191422873,0,46.0
2040-04-11,50,20471,552,Employed,Associate,27,12062,72,Widowed,2,Mortgage,1430,0.3106152352768651,4,2,0.09014856628327853,1,Debt Consolidation,0,28,19,1684,415,62964,66733,1705.9166666666667,0.9083195716512317,7,9467,0.251062,0.23928363573268346,317.0298956178578,1.024100373573069,0,64.0
2040-04-12,18,82790,515,Employed,High School,0,34480,48,Married,4,Other,278,0.3776289271649337,3,0,0.09750645457381737,0,Auto,0,21,18,4805,1064,50625,26373,6899.166666666667,0.7276334352092766,4,24252,0.27198,0.23019317056606683,1105.4996912387617,0.20053142039938568,0,49.0
2040-04-13,34,43696,614,Employed,Bachelor,10,33227,36,Married,1,Mortgage,929,0.555409157441954,2,0,0.013248685341083066,0,Home,0,21,26,5043,646,17831,27709,3641.3333333333335,0.9904196296619356,6,10729,0.211227,0.23256762065678233,1290.6587560966975,0.6095730747244683,0,49.0
2040-04-14,43,52911,433,Employed,High School,20,23804,48,Single,0,Rent,859,0.2693982096964242,6,0,0.3210929969273966,0,Home,0,16,21,3585,3913,48356,7081,4409.25,0.9586255909229603,3,41275,0.30230399999999996,0.2770158512710002,825.5609161749537,0.38205157706525006,0,54.0
2040-04-15,40,96435,498,Employed,Bachelor,20,14303,36,Married,0,Rent,459,0.21490920484085033,2,0,0.4902177492488945,0,Home,0,21,25,7756,1218,30310,66875,4732.166666666667,0.8594518637206029,6,3037,0.250303,0.2723039505565125,585.6923934188159,0.2207640742617157,0,55.0
2040-04-16,56,27830,631,Employed,High School,33,10644,24,Single,3,Own,331,0.3687784933069348,1,0,0.13874804924190604,0,Education,0,24,25,720,4431,17592,137233,2319.1666666666665,0.5978212329515312,2,2907,0.170144,0.16624937243006283,524.3472449829926,0.3688166345596806,0,49.0
2040-04-17,29,49815,634,Self-Employed,Doctorate,11,9405,96,Married,1,Mortgage,262,0.7143647290851733,2,0,0.3800397399597887,0,Education,1,22,10,1934,9445,43140,13114,4151.25,0.9114070640863094,1,30026,0.22740500000000002,0.2318576967231647,216.14304342189953,0.11518049826483577,0,63.0
2040-04-18,26,15000,583,Employed,Associate,3,15596,48,Single,3,Own,465,0.07924339978945483,2,0,0.5414230827961575,0,Auto,0,23,23,14651,440,43104,9006,1250.0,0.6863557391445214,4,34098,0.219096,0.22560796621820542,496.1293196300383,0.7689034557040306,0,59.0
2040-04-19,40,81111,615,Employed,High School,19,21521,60,Married,0,Mortgage,212,0.5464316268073063,3,1,0.04534404570593161,1,Debt Consolidation,0,15,28,15307,1391,56834,33118,6759.25,0.777643516227222,4,23716,0.21902099999999997,0.2260364477563071,601.796384291393,0.12039743822042283,0,59.0
2040-04-20,46,132158,597,Employed,Bachelor,24,18307,120,Married,2,Rent,403,0.6033433136763139,5,2,0.36099750118198076,0,Debt Consolidation,1,27,28,794,505,46484,76102,11013.166666666666,0.7849865463568237,6,2298,0.274807,0.2657212266215527,436.9291790222058,0.07626591010961478,1,48.0
2040-04-21,33,133908,552,Employed,Bachelor,11,37625,48,Single,2,Rent,510,0.22662805890993915,4,0,0.021992975914383647,0,Education,0,24,7,7777,928,88755,10405,11159.0,0.9275067527543048,5,78350,0.256625,0.2695044254465537,1288.8147827661985,0.16119856463537938,1,37.6
2040-04-22,29,22598,580,Employed,Associate,5,38826,72,Married,0,Own,758,0.4702167846446921,3,0,0.035555579077351636,0,Education,0,26,19,7127,319,113284,108901,1883.1666666666667,0.6357195797640428,3,4383,0.263826,0.21106080000000002,955.0524078965313,0.9096658507283112,0,53.0
2040-04-23,48,29733,567,Unemployed,Bachelor,26,21350,72,Single,1,Mortgage,462,0.08247024268675518,4,0,0.5388915654352369,0,Auto,0,32,4,3022,285,123778,7568,2477.75,0.6355869625219005,6,116210,0.25285,0.27202938558654893,604.3017034493598,0.43035080353117133,0,61.0
2040-04-24,24,81440,524,Employed,High School,2,33087,48,Divorced,2,Mortgage,387,0.21812269639048515,3,0,0.41298814018894725,0,Debt Consolidation,0,28,8,6394,994,36221,38529,6786.666666666667,0.8349782729779808,6,4773,0.266087,0.2567243145118022,1109.515453953443,0.22050817101475093,0,56.0
2040-04-25,64,138212,666,Employed,Bachelor,41,23564,48,Widowed,0,Own,567,0.3090658810611976,2,1,0.2789186996405617,0,Home,0,21,16,1718,782,58678,27946,11517.666666666666,0.9177320816049341,12,30732,0.185564,0.17578565303081306,687.0140825325609,0.1088774418313224,1,35.2
2040-04-26,43,78971,552,Self-Employed,Associate,20,18868,72,Single,3,Own,153,0.1984217289998485,2,3,0.40907580069671773,0,Auto,0,26,28,1158,3894,35020,62569,6580.916666666667,0.5917660525007691,5,6119,0.257868,0.25181079466795797,510.3491695918739,0.10079890130684031,1,46.400000000000006
2040-04-27,36,86689,604,Employed,Bachelor,13,17446,24,Married,0,Mortgage,1132,0.07180392992002692,3,2,0.09770895760259862,0,Education,0,20,17,646,1356,58506,12196,7224.083333333333,0.8819672209888298,6,46310,0.19044599999999998,0.2061623898134643,893.1890008054285,0.28033854364065963,1,36.0
2040-04-28,50,89389,625,Employed,Bachelor,22,40210,12,Single,2,Rent,348,0.6393909988427429,4,1,0.21211356028004646,0,Home,0,41,2,1006,3209,42702,10557,7449.083333333333,0.7863379052555777,3,32145,0.19271000000000002,0.15416800000000003,3637.199782573588,0.5349919720646059,0,54.0
2040-04-29,32,36389,633,Employed,Bachelor,11,11854,84,Married,2,Other,1134,0.2950869363497177,1,0,0.13768705587535268,0,Education,0,29,25,4331,1901,80215,5619,3032.4166666666665,0.8346526358573483,6,74596,0.22035400000000002,0.23807638308798457,291.066966368858,0.4699443127435845,0,46.0
2040-04-30,36,39761,621,Self-Employed,Doctorate,15,25587,108,Divorced,0,Mortgage,525,0.10435645672834991,2,0,0.6266051242200067,0,Auto,0,28,6,1476,1138,35252,44987,3313.4166666666665,0.5828467369655702,4,3839,0.260087,0.260555563745545,616.1241260768907,0.3443949979357332,0,60.0
2040-05-01,59,41445,633,Employed,Bachelor,37,36574,60,Married,2,Own,424,0.33048509100908496,3,0,0.18741060364426354,0,Debt Consolidation,0,22,11,1385,210,35813,34827,3453.75,0.594459868047792,5,7071,0.225074,0.2322880410584949,1035.8518701973007,0.4226860282873111,0,48.0
2040-05-02,36,32815,607,Employed,High School,9,45098,60,Single,3,Mortgage,403,0.2923011285313056,1,0,0.2935624793964887,0,Home,0,25,25,3603,1125,20469,8871,2734.5833333333335,0.8354703043886406,5,11598,0.24659799999999998,0.23116761715715753,1274.3610500159816,0.6133881639552576,0,50.0
2040-05-03,48,34918,624,Employed,Associate,28,62230,60,Divorced,1,Rent,420,0.1278896664417653,2,1,0.08673610985120674,0,Debt Consolidation,0,24,7,7779,1146,100405,135913,2909.8333333333335,0.7995677115887487,6,8340,0.25523,0.24090902479133522,1793.515479851652,0.7607018087582285,0,48.0
2040-05-04,66,137144,608,Self-Employed,Master,45,19732,48,Married,0,Mortgage,432,0.37070229104750796,6,0,0.09517226671784201,0,Education,0,22,23,4356,18764,23120,62078,11428.666666666666,0.8408491993393729,2,8446,0.210732,0.22849703363786789,630.8159056758514,0.0929956167831638,1,38.400000000000006
2040-05-05,44,53566,619,Employed,Doctorate,18,30018,72,Married,3,Other,213,0.46600064686372344,5,1,0.09146512303622586,0,Auto,0,30,12,3748,6178,60757,12478,4463.833333333333,0.8492376960124589,5,48279,0.235518,0.22779540172305635,768.1881113209939,0.21980841085486927,0,48.0
2040-05-06,60,67259,548,Employed,Master,37,37356,60,Single,3,Mortgage,306,0.33788458423881523,0,2,0.2460864107575061,0,Education,0,20,21,1658,1250,286051,21473,5604.916666666667,0.8429727657402293,7,264578,0.268356,0.24932042233093027,1094.960227272859,0.24995201723597296,1,36.800000000000004
2040-05-07,38,39005,600,Self-Employed,Associate,16,49305,24,Single,4,Other,234,0.22428467608849598,4,0,0.1641133891223433,0,Education,1,25,4,2236,876,98837,46283,3250.4166666666665,0.7640561766692987,3,52554,0.224305,0.22419087843795119,2568.06792172988,0.8620642240932844,0,58.0
2040-05-08,62,40092,640,Self-Employed,High School,41,25032,36,Single,0,Rent,530,0.2077674025924231,3,0,0.22662963736590735,0,Education,0,17,11,10623,234,13988,41442,3341.0,0.8762980355229832,3,5491,0.190032,0.16363568974381903,884.5505626719015,0.423391368653667,0,53.0
2040-05-09,23,75376,590,Employed,Bachelor,0,21878,84,Divorced,1,Rent,265,0.39687600502669834,4,1,0.03354109148400632,0,Auto,0,34,12,3703,115,52571,9203,6281.333333333333,0.4613476077815695,9,43368,0.25187800000000005,0.25876473893351265,566.086982186841,0.13231060000851855,0,50.0
2040-05-10,37,40947,585,Employed,High School,15,10289,60,Married,1,Other,476,0.4770170719720301,2,0,0.2572916290835204,0,Auto,0,20,18,12875,613,13488,14674,3412.25,0.8519123405290798,2,1499,0.22278900000000001,0.20651908790298476,276.3411204557692,0.22048241496249374,0,54.0
2040-05-11,42,84779,471,Employed,Bachelor,19,74549,24,Married,0,Mortgage,296,0.10284800712674433,2,0,0.3293623229617096,0,Auto,1,26,13,2320,1444,68618,302179,7064.916666666667,0.7732429581507133,6,1866,0.314049,0.3256433264973347,4267.278866774554,0.6459069628244571,0,58.0
2040-05-12,43,122037,571,Employed,Master,21,54384,60,Divorced,0,Mortgage,720,0.5131445678734848,5,4,0.46807329190228575,0,Home,0,26,25,721,215,195765,8496,10169.75,0.7181502875898813,3,187269,0.273884,0.290592597792139,1728.21241956384,0.24073476924839252,1,40.800000000000004
2040-05-13,37,53237,589,Employed,Bachelor,15,30462,72,Married,3,Other,776,0.19577219009323457,7,1,0.24081466300909168,0,Home,0,34,5,4863,3129,134311,83942,4436.416666666667,0.9501401099469351,5,50369,0.250962,0.277282806218536,872.2833777758244,0.371534844813004,0,51.0
2040-05-14,20,69741,417,Employed,Associate,0,33045,36,Widowed,3,Mortgage,541,0.34246077155110166,0,1,0.16414517483485766,0,Home,0,16,29,526,1517,54955,28017,5811.75,0.8722437306897067,3,26938,0.30954499999999996,0.2733997493126723,1355.1035942815106,0.3262534682808983,0,50.0
2040-05-15,40,43252,545,Employed,Associate,16,23289,48,Married,0,Mortgage,662,0.18504379766105272,3,0,0.24227233753190752,0,Home,0,35,6,5276,1230,258953,4185,3604.3333333333335,0.867591666423119,2,254768,0.245789,0.21838640951173288,731.7064266154966,0.3866752316513909,0,48.0
2040-05-16,28,300000,550,Employed,Bachelor,4,12355,48,Single,1,Other,601,0.20701302970428517,0,0,0.2881761039137571,0,Home,1,21,6,4509,553,13301,21982,25000.0,0.5967617251617899,5,9646,0.232355,0.23241005047683821,397.62910715249745,0.0399451642860999,1,46.400000000000006
2040-05-17,31,17701,517,Employed,High School,7,29432,36,Married,2,Own,500,0.40344505077791415,3,1,0.3107444518541106,0,Home,0,28,18,1084,1400,96719,3275,1475.0833333333333,0.7249701349199753,4,93444,0.25593200000000005,0.2437422542166066,1160.4922998717764,1.1256938929134692,0,55.0
2040-05-18,26,16403,490,Employed,High School,6,13637,48,Married,3,Rent,787,0.39359248010503506,1,2,0.34084418661000443,0,Auto,0,33,23,2600,938,15708,28168,1366.9166666666667,0.47274168968859376,2,3659,0.263637,0.24833250905386342,450.8964007907323,0.905612193470023,0,56.0
2040-05-19,23,52527,551,Employed,Bachelor,2,30659,48,Married,0,Mortgage,453,0.29822475415936495,2,0,0.6617211793055623,0,Debt Consolidation,0,27,12,16664,832,263552,74127,4377.25,0.7102060370252041,5,189425,0.25015899999999996,0.2243076731041713,973.1290344667123,0.3258047939840567,0,54.0
2040-05-20,38,36206,547,Employed,High School,16,35931,36,Widowed,0,Rent,294,0.24562504004644906,5,0,0.14956594927772976,1,Education,0,26,23,12413,1314,60102,14849,3017.1666666666665,0.633184164860742,3,45253,0.24743099999999998,0.1979448,1331.5650696805558,0.5387720498305991,0,63.0
2040-05-21,42,134513,623,Employed,Master,22,22609,24,Single,3,Rent,511,0.18928700770610013,4,2,0.549643029620187,0,Debt Consolidation,0,32,17,1898,1134,10970,115857,11209.416666666666,0.8870410786909967,6,9586,0.186109,0.1883104375259631,1137.8333684299666,0.14709359259818458,1,41.6
2040-05-22,23,38512,587,Employed,Master,0,32682,48,Single,1,Own,388,0.4869391730211737,5,2,0.1602038121133566,0,Debt Consolidation,1,16,21,2263,865,64603,16678,3209.3333333333335,0.767555840511913,5,47925,0.23418200000000003,0.25524359724139356,1093.2212924522287,0.4615355086577364,0,58.0
2040-05-23,45,27613,609,Employed,High School,18,48703,60,Divorced,0,Mortgage,471,0.047487877235186694,1,2,0.2174543911121042,1,Home,1,20,11,2130,5112,133209,12537,2301.0833333333335,0.99293244289044,7,120672,0.249203,0.25246400737396446,1436.541489194868,0.8289754054372367,0,64.0
2040-05-24,33,55671,484,Employed,Master,9,59679,60,Single,3,Rent,683,0.2896203727673393,2,1,0.4237735618125396,0,Debt Consolidation,0,29,14,2124,4350,30983,7317,4639.25,0.7371880702194828,4,23666,0.322679,0.30493869024753395,1948.9612696422678,0.5673247334466277,0,56.0
2040-05-25,46,92388,580,Employed,Associate,22,83334,60,Single,2,Mortgage,642,0.4077536629611517,1,2,0.45333567594472074,0,Debt Consolidation,0,26,19,4268,2686,139263,14251,7699.0,0.9762775595130736,4,125012,0.298334,0.326431874722108,2832.983897992468,0.45135522769092973,0,52.0
2040-05-26,56,79718,597,Employed,High School,31,15647,96,Divorced,1,Mortgage,788,0.43160562485817894,4,0,0.37592464338614134,0,Auto,0,17,24,358,8624,62977,14835,6643.166666666667,0.8789906894805782,7,48142,0.252147,0.23320848281180184,360.96881609162,0.17295498874908352,1,44.0
2040-05-27,40,32511,619,Employed,Master,16,19760,60,Single,0,Mortgage,546,0.08437265473649364,1,1,0.6345479915679467,0,Other,1,30,26,1158,5817,28553,4313,2709.25,0.9260613579705241,4,24240,0.21526,0.23731700833570155,565.3819317232869,0.41021756269199483,0,61.0
2040-05-28,18,30745,541,Employed,Doctorate,0,90147,36,Single,2,Mortgage,781,0.18496011859098718,4,1,0.12532202011480115,0,Education,1,13,21,1194,436,119788,67846,2562.0833333333335,0.537935725037385,4,51942,0.304647,0.26748022046644154,3668.0951455242734,1.7365146120114257,0,54.0
2040-05-29,32,25993,445,Employed,Associate,11,33541,24,Divorced,2,Rent,133,0.19068438217663544,3,0,0.33454302702541516,0,Other,0,26,16,4619,2823,33603,9931,2166.0833333333335,0.782844416132651,7,23672,0.28604100000000005,0.2843971509668576,1848.5388913165878,0.91480270441269,0,55.0
2040-05-30,42,76687,498,Employed,High School,19,9322,60,Divorced,0,Mortgage,457,0.2647166820959106,1,0,0.5013621818720323,0,Auto,0,23,24,602,834,112655,40704,6390.583333333333,0.8466464540877717,1,71951,0.265322,0.26015183787747476,279.1888562881846,0.11519900733446627,1,44.800000000000004
2040-05-31,32,84369,542,Self-Employed,Associate,9,23009,24,Married,0,Other,132,0.38838312500001676,0,0,0.5067494974287898,0,Home,0,19,4,3015,1248,33877,23907,7030.75,0.9756271453589055,2,9970,0.227009,0.23516245057315674,1210.9627302901392,0.19101272699073915,0,63.0
2040-06-01,72,66598,619,Self-Employed,Bachelor,44,15749,48,Married,1,Own,639,0.1409279117329077,2,1,0.3512385603045065,0,Home,0,24,9,859,5905,11921,48639,5549.833333333333,0.8105249346095074,2,7635,0.20124900000000004,0.19723095633271573,476.92735124799293,0.20107402947499797,0,54.0
2040-06-02,48,33005,641,Employed,Associate,24,24668,60,Widowed,1,Own,702,0.5156319273737449,6,0,0.2808959595486688,0,Auto,0,28,8,24893,2247,255926,45088,2750.4166666666665,0.7122941856809027,5,210838,0.20916800000000002,0.24020387577461802,709.9401255806264,0.5133549918790341,0,48.0
2040-06-03,18,146238,521,Employed,High School,0,9719,48,Single,0,Mortgage,789,0.3849932948029123,2,0,0.24609873867129206,0,Home,0,21,11,10294,1788,61114,66903,12186.5,0.9227019205109152,9,7000,0.24421900000000002,0.22271452392903868,307.64165383515,0.08998823729825217,1,40.0
2040-06-04,44,17204,498,Employed,High School,20,9782,36,Married,0,Mortgage,227,0.15726112070816803,0,1,0.25197064620252163,1,Auto,0,28,27,5805,783,103552,76147,1433.6666666666667,0.9940647291215171,2,27405,0.245782,0.23603611677974662,381.7428312865129,0.4246055554195626,0,65.0
2040-06-05,54,34985,670,Employed,Bachelor,31,25387,36,Single,4,Rent,385,0.2193222287379051,1,0,0.2732100893427214,1,Education,0,12,29,15509,2002,41481,11945,2915.4166666666665,0.4783223058266502,3,29536,0.175387,0.14466829632578893,873.434720642831,0.431648324931084,0,59.0
2040-06-06,37,75852,590,Employed,Bachelor,12,27452,48,Married,2,Mortgage,210,0.32309165700246106,2,1,0.36585127746849827,1,Home,0,21,4,1495,3969,48780,6985,6321.0,0.9056913973676042,4,41795,0.22745200000000002,0.22117957209958097,866.6637868985439,0.17033124298347477,0,69.0
2040-06-07,41,40350,563,Employed,High School,14,20655,120,Divorced,0,Mortgage,249,0.09236574155978158,4,0,0.18783419464761905,0,Home,0,21,3,1571,9808,42740,14023,3362.5,0.688001580996454,0,28717,0.294155,0.2437282780830546,460.78454476451014,0.21108834045041194,0,53.0
2040-06-08,35,68261,618,Employed,Associate,11,55835,60,Married,0,Mortgage,444,0.43045440115256495,3,2,0.4554907748807492,0,Debt Consolidation,0,22,2,1263,4121,31525,6610,5688.416666666667,0.6762833370382323,7,24915,0.25183500000000003,0.2480449826926641,1632.4377560774492,0.3650291245796192,0,58.0
2040-06-09,40,33229,553,Employed,High School,16,36010,60,Single,2,Rent,568,0.11140981084719417,0,1,0.4738763032995769,0,Debt Consolidation,0,25,21,8095,1896,102565,35636,2769.0833333333335,0.9287731853604898,4,66929,0.26450999999999997,0.2422699373250515,1040.6844128438404,0.5809447456777539,0,54.0
2040-06-10,33,47624,545,Employed,Associate,11,29942,36,Married,0,Rent,275,0.2516979152913919,2,0,0.18206947558525374,0,Home,0,31,4,917,326,101674,130184,3968.6666666666665,0.7919286844227592,5,1521,0.242442,0.2306355919638752,1160.038612479493,0.36159212476385677,0,54.0
2040-06-11,43,227996,476,Self-Employed,Master,21,14956,36,Married,2,Mortgage,262,0.06531474952120335,6,1,0.3264035248831991,0,Home,0,21,17,7406,256,71800,15482,18999.666666666668,0.7403151665704386,6,56318,0.26195599999999997,0.28488447782968557,622.5871891276037,0.04655803728807191,1,41.6
2040-06-12,48,27740,611,Employed,High School,24,19106,84,Single,3,Mortgage,296,0.29366122218631974,2,0,0.23064599575133451,0,Debt Consolidation,0,28,3,2245,10307,224148,18107,2311.6666666666665,0.9679369306489047,7,206041,0.238606,0.263212128326956,499.8599902982458,0.34427973625014235,0,50.0
2040-06-13,32,43389,608,Employed,Associate,11,18570,72,Married,2,Mortgage,490,0.09184696008066717,2,1,0.37907250328735204,0,Education,0,28,9,581,1054,4994,9955,3615.75,0.9324381818701357,10,5144,0.22957,0.2658859831430182,518.4764115921116,0.2789120961327834,0,52.0
2040-06-14,67,88470,635,Unemployed,Master,45,119984,36,Widowed,2,Other,92,0.20348610403799708,5,1,0.45900490465845156,0,Home,0,24,24,9182,2061,11872,13191,7372.5,0.7331447817090655,6,2971,0.28748399999999996,0.24822580547692918,4759.291479244997,0.6580252938955574,0,55.0
2040-06-15,40,15000,590,Employed,Bachelor,15,10528,60,Married,3,Rent,878,0.24663796350992362,4,0,0.1509317016141286,0,Auto,0,23,21,7790,5065,207585,78785,1250.0,0.8534571667491684,3,128800,0.220528,0.25653469734967377,313.05704655303833,0.9528456372424308,0,48.0
2040-06-16,22,62321,589,Employed,Master,4,21173,48,Single,1,Mortgage,304,0.34727130740098283,2,0,0.48586353904452917,0,Home,0,24,25,740,966,35067,124811,5193.416666666667,0.8493012525446181,7,1724,0.221673,0.2471126517649182,698.6304963087703,0.1930579733268921,0,56.0
2040-06-17,27,23493,581,Employed,Master,3,19018,48,Married,3,Mortgage,545,0.4979427460177222,2,2,0.20242512326230744,0,Education,0,22,6,1986,758,69296,77193,1957.75,0.9298572539412115,1,7309,0.22351800000000002,0.2160073665472248,595.0678874118986,0.582335787210777,0,57.0
2040-06-18,48,73140,637,Employed,Bachelor,24,31605,84,Married,0,Mortgage,521,0.1378064662158066,3,1,0.44799472632512544,0,Debt Consolidation,0,30,10,3213,121,226780,9403,6095.0,0.840261506693958,5,217377,0.238105,0.2723290996036141,845.6402223810496,0.22422317020197696,0,48.0
2040-06-19,49,40478,661,Employed,Master,29,58748,48,Single,1,Mortgage,768,0.11002033804274317,2,1,0.33334050174747565,1,Home,0,27,19,2414,1534,138905,10938,3373.1666666666665,0.8197239765482198,5,127967,0.223248,0.17859840000000002,1721.422768027915,0.7380076391208801,0,56.0
2040-06-20,46,78491,545,Employed,Associate,24,31320,36,Single,1,Rent,258,0.20095817720006695,4,0,0.18966767646224045,0,Home,0,20,15,4178,2696,147895,16992,6540.916666666667,0.7077165637018168,5,130903,0.24382,0.24919820289326178,1243.949974608996,0.22962377464050593,0,46.0
2040-06-21,44,44412,577,Employed,Bachelor,21,19813,24,Married,0,Other,546,0.47750736571673874,2,0,0.43814290647060067,0,Other,0,25,1,3317,6508,145648,15003,3701.0,0.7991634221559679,3,130645,0.206313,0.19743885166894937,1005.9213306965477,0.41932486644056943,0,58.0
2040-06-22,47,74668,630,Self-Employed,Master,25,21158,36,Divorced,1,Rent,400,0.346109221541851,5,0,0.11711862727275374,0,Home,0,31,11,2316,1646,26847,49000,6222.333333333333,0.8505998336840592,2,10510,0.19115800000000002,0.17101518886743952,755.4098359474475,0.18568755064243544,1,40.0
2040-06-23,51,43511,548,Employed,Bachelor,29,27370,48,Single,2,Mortgage,302,0.5106907999834779,5,0,0.5165382201560994,0,Auto,0,23,21,4588,480,98020,4129,3625.9166666666665,0.8863508593449069,5,93891,0.24837,0.27719040895530495,949.5082375049465,0.34515637080414974,0,58.0
2040-06-24,44,24728,593,Self-Employed,Associate,23,39798,48,Married,0,Rent,549,0.3629356223145662,3,3,0.363631237081076,0,Home,0,20,8,3763,6996,118610,17410,2060.6666666666665,0.920340468679502,4,101200,0.238298,0.24828191345043402,1315.7766148490186,0.9049385060736099,0,56.0
2040-06-25,52,64313,627,Employed,Bachelor,30,10631,36,Single,0,Own,586,0.06545215367758558,5,1,0.15025654295689284,0,Other,0,15,14,1801,998,190623,22198,5359.416666666667,0.8907415742072541,8,168425,0.18213100000000002,0.20117547951379364,395.72307385310535,0.18317722523031524,1,33.6
2040-06-26,39,39512,530,Employed,Bachelor,14,18235,48,Married,0,Rent,312,0.11118542412422983,3,1,0.4675279059946356,0,Debt Consolidation,0,23,17,2881,1358,31557,25262,3292.6666666666665,0.9016669750943314,2,6295,0.248235,0.21431147416411586,568.8966717438116,0.2675329029389993,0,56.0
2040-06-27,52,66285,621,Employed,Bachelor,26,29375,60,Single,0,Own,391,0.37653250156965107,5,0,0.47791155899849963,0,Home,0,27,9,10285,1639,204466,24508,5523.75,0.9041619713029968,7,179958,0.223875,0.24620165491007948,855.6660854486355,0.22569198197757598,0,50.0
2040-06-28,37,15697,517,Unemployed,High School,11,27219,12,Married,2,Mortgage,263,0.4717654098260292,1,0,0.6340110334397732,1,Auto,0,23,15,1922,1189,444767,5284,1308.0833333333333,0.9879581035678175,1,439483,0.233719,0.23698897399547172,2569.853059797911,2.1656518263091633,0,70.0
2040-06-29,31,53873,646,Self-Employed,Master,10,18289,60,Divorced,2,Own,210,0.41475461417922344,2,0,0.17276897841152036,1,Other,1,21,16,1503,693,30346,4261,4489.416666666667,0.7761196276565575,7,26085,0.200289,0.21290636449351938,497.7736623595829,0.15765381449548,0,69.0
2040-06-30,28,95517,485,Employed,Bachelor,4,15770,48,Married,0,Own,239,0.05865596378066878,3,0,0.538141663717426,0,Debt Consolidation,0,21,1,1497,3339,107490,15478,7959.75,0.7248562276642045,5,92012,0.26827,0.2794258052491411,549.1003419283809,0.09901069027650125,1,46.400000000000006
2040-07-01,18,25516,491,Self-Employed,Associate,0,10406,96,Divorced,2,Own,177,0.2620965514762017,2,2,0.28780473604974727,0,Home,0,27,19,2172,2032,7848,25751,2126.3333333333335,0.9457766735990113,8,5581,0.299906,0.26059717037832636,258.89752829851125,0.20499962139763814,0,57.0
2040-07-02,35,40027,617,Employed,Master,10,24568,72,Married,0,Own,382,0.5483429814395363,3,0,0.1135015756771016,0,Education,0,23,23,1948,168,80866,57684,3335.5833333333335,0.871783743387109,4,23182,0.23106800000000002,0.22003025211780095,617.3428147839186,0.2996006140207116,0,49.0
2040-07-03,35,64786,538,Employed,High School,12,12777,60,Divorced,2,Mortgage,397,0.3559016432922773,5,1,0.1748035004505844,0,Auto,1,20,26,4404,1861,71646,106517,5398.833333333333,0.7361033704126829,6,10016,0.24877700000000003,0.19902160000000002,337.817152255565,0.13610665617674778,1,44.800000000000004
2040-07-04,25,19468,574,Employed,Associate,4,42124,120,Single,2,Other,344,0.36283097956883587,4,0,0.18505211428977997,0,Home,1,21,18,33863,248,83647,92234,1622.3333333333333,0.6986263957050453,5,4445,0.310124,0.3509794247739381,1272.0573948051558,0.9961315357336075,0,58.0
2040-07-05,35,46427,566,Employed,Bachelor,14,58488,36,Married,3,Own,401,0.42491246322502285,2,0,0.0572893412271971,0,Home,1,24,21,2838,7670,54071,11630,3868.9166666666665,0.9016845633981273,4,42441,0.26048799999999994,0.2754015108510712,2404.766279283071,0.7252072145819642,0,58.0
2040-07-06,53,56336,571,Employed,Associate,34,23615,48,Single,1,Own,334,0.247794020545926,3,1,0.30583209745131407,0,Debt Consolidation,0,26,13,3506,1039,17012,17104,4694.666666666667,0.9346200242598477,8,1946,0.23311500000000002,0.2582581810554107,793.9217624008642,0.24025598460682993,0,54.0
2040-07-07,30,34541,474,Employed,High School,6,28863,24,Divorced,2,Rent,767,0.29174389897867564,7,0,0.512460390010299,0,Home,0,28,1,2138,1933,170719,8864,2878.4166666666665,0.7502355698010343,4,161855,0.266863,0.26971837027375806,1569.1644797737415,0.8116144222021627,0,59.0
2040-07-08,40,55082,552,Self-Employed,Master,17,15280,48,Married,1,Rent,623,0.14424297450064472,5,3,0.3471884545607892,0,Auto,0,25,23,2746,1034,76301,10408,4590.166666666667,0.8627539555026358,5,65893,0.23428,0.2343166914811943,493.3673545409466,0.24320845747233866,1,43.2
2040-07-09,32,41180,598,Employed,High School,8,20578,36,Married,1,Rent,374,0.16379154396261847,3,0,0.586011618734173,0,Debt Consolidation,0,29,9,733,466,41082,12565,3431.6666666666665,0.7619511376939385,2,28517,0.206578,0.22632733283478884,792.6349625269393,0.3399616209403417,0,59.0
2040-07-10,36,82517,582,Employed,High School,12,30773,48,Married,1,Other,461,0.08518261579228853,1,0,0.5844717622366928,0,Home,0,34,9,5229,5231,216660,12332,6876.416666666667,0.9209940455268544,8,204328,0.234773,0.24000604361441052,1003.2665669638876,0.21294034930458755,1,42.400000000000006
2040-07-11,54,34114,650,Employed,High School,29,31193,36,Married,0,Own,373,0.322005561385617,3,0,0.1434814691997819,0,Debt Consolidation,0,19,17,6403,1725,58514,81245,2842.8333333333335,0.6907782089498176,7,6326,0.191193,0.22943159999999999,1206.5484408417753,0.5556247080407253,0,45.0
2040-07-12,28,20604,496,Employed,High School,2,25313,72,Married,0,Rent,155,0.5143750909426207,9,0,0.09761343486583134,0,Education,0,15,25,2206,239,16630,19600,1717.0,0.6641267653690992,5,7007,0.292313,0.3099549739508697,777.8391468938271,0.5432959504332132,0,53.0
2040-07-13,33,26537,591,Employed,Associate,10,21846,84,Married,1,Rent,731,0.5185360145729924,2,3,0.6348396265724393,0,Education,0,17,12,491,391,136254,43483,2211.4166666666665,0.8427497605712777,4,92771,0.251346,0.2939842845870349,615.8294176244374,0.6090346690090533,0,59.0
2040-07-14,50,47778,609,Employed,Doctorate,26,33404,36,Single,1,Mortgage,264,0.3843124891798249,3,1,0.19063219342629062,0,Education,0,27,12,2304,1003,52169,47402,3981.5,0.5870756033503308,4,4767,0.213904,0.21250449740274782,1262.7974702959918,0.3834729298746683,0,48.0
2040-07-15,65,44771,657,Employed,High School,42,21672,48,Married,4,Other,224,0.6362602380750254,5,2,0.39528235973774406,0,Education,0,32,22,977,2674,43743,50717,3730.9166666666665,0.8450253701686936,7,2698,0.188172,0.15804649431483891,612.024461043722,0.22408017539310413,0,51.0
2040-07-16,51,64795,426,Employed,Associate,28,17180,36,Married,1,Mortgage,211,0.15213403993584199,4,2,0.12049088702999859,0,Debt Consolidation,0,23,3,9632,436,195234,41499,5399.583333333333,0.9110545798366151,2,153735,0.28918,0.2676777374330652,699.238551718491,0.16857570214710846,1,38.400000000000006
2040-07-17,39,49570,508,Employed,Associate,16,18273,84,Single,2,Other,616,0.2337243765243047,4,1,0.2210913749296512,0,Home,0,20,2,3466,2130,80989,27807,4130.833333333333,0.8782842034734332,8,53182,0.289273,0.26467182327819816,479.7977991568518,0.2652728180327259,0,55.0
2040-07-18,70,81056,454,Employed,High School,49,7369,36,Married,4,Mortgage,1064,0.20778717922157944,1,2,0.17822052403535407,0,Other,0,17,23,2510,1404,72532,33136,6754.666666666667,0.7997273821199157,2,39396,0.26536899999999997,0.2821336842531076,305.65835526698567,0.2027721607679114,1,39.2
2040-07-19,51,31612,646,Employed,Bachelor,28,18265,60,Single,0,Mortgage,599,0.08743260570505532,4,0,0.05441387889151803,0,Home,0,17,22,7765,3121,42830,14622,2634.3333333333335,0.6933845194915221,5,28208,0.20026500000000003,0.20419295996220413,488.18190995401477,0.4126971694118745,0,47.0
2040-07-20,48,43745,611,Employed,Associate,24,19095,48,Single,1,Rent,398,0.010841754811455393,2,2,0.5314163142515886,0,Debt Consolidation,0,22,14,22742,404,51165,41954,3645.4166666666665,0.7297311252900999,5,9211,0.208595,0.18752452938949052,568.4514262685814,0.26511411853292893,0,55.0
2040-07-21,35,44361,601,Employed,High School,13,16835,72,Divorced,3,Own,203,0.30837320516437544,0,0,0.5236409941829809,0,Auto,0,26,21,1553,1706,125569,1960,3696.75,0.8242754670954141,5,123609,0.23133499999999999,0.21191902457825337,414.9609933361393,0.1671633173290429,0,52.0
2040-07-22,41,60875,603,Employed,Bachelor,20,31187,120,Married,1,Own,158,0.22021442031040603,3,0,0.1640893032149848,0,Auto,0,22,22,8282,4960,26199,12478,5072.916666666667,0.5369548293203182,2,13721,0.284687,0.26236792089270117,736.8529315164061,0.17639811381021556,0,47.0
2040-07-23,46,65124,558,Employed,Associate,22,22506,36,Married,1,Own,265,0.18450395097565797,2,1,0.18042722553064716,0,Other,0,25,15,4639,496,616236,6668,5427.0,0.8911287680541207,6,609568,0.228506,0.18715654902057358,821.7484193376819,0.2002484649599561,1,32.800000000000004
2040-07-24,40,83661,653,Employed,Master,16,20913,36,Married,1,Mortgage,497,0.18272843547378143,5,1,0.6497480636651478,1,Debt Consolidation,0,29,27,6740,210,120470,6920,6971.75,0.6791657679321828,8,113550,0.17941300000000002,0.1543230490098192,729.3911530233644,0.17590865321093907,1,46.400000000000006
2040-07-25,42,66475,607,Employed,Master,21,13117,48,Single,1,Other,375,0.17937233625116852,4,0,0.05294441940772793,0,Debt Consolidation,0,29,3,4226,273,67304,42438,5539.583333333333,0.9608352812863882,6,24866,0.204617,0.21713405900547783,411.22704390745577,0.14192891352974005,0,49.0
2040-07-26,27,27662,592,Employed,High School,6,15554,48,Married,2,Own,371,0.49718005647018837,2,0,0.11138209533190857,0,Home,0,29,9,8339,1234,49833,76837,2305.1666666666665,0.813435023955358,3,4011,0.21455400000000002,0.2400017493929863,507.09045437160916,0.3809227623620603,0,54.0
2040-07-27,43,84480,581,Employed,High School,23,21443,48,Married,0,Own,574,0.30429354445826984,3,0,0.3701340440033019,0,Other,0,26,9,8008,2711,29313,7149,7040.0,0.8708440220606053,7,22164,0.225943,0.20086716783156275,653.5093845035849,0.17436212848062285,1,43.2
2040-07-28,31,48757,602,Employed,Bachelor,9,29810,12,Married,3,Mortgage,127,0.4325317061355914,0,0,0.11097285262444373,0,Education,0,30,1,11807,489,70559,33609,4063.0833333333335,0.8003329636705587,5,36950,0.19381,0.1842578760072157,2739.0248606849177,0.7053817570445067,0,53.0
2040-07-29,49,41773,569,Employed,Bachelor,26,30126,24,Married,2,Rent,449,0.31642224474950037,6,0,0.18318523537079512,0,Auto,0,28,21,1272,1897,31615,84114,3481.0833333333335,0.5825829862166624,1,8788,0.22062600000000002,0.21888310883696724,1561.2201757470677,0.5774697079205423,0,51.0
2040-07-30,46,18776,575,Employed,High School,22,113245,36,Single,3,Own,338,0.22263142933158483,2,1,0.045344228067765946,0,Home,1,29,6,7942,291,21666,2854,1564.6666666666667,0.7680760226424981,4,18812,0.31074500000000005,0.32157547180639084,4942.227136207,3.374665830554111,0,60.0
2040-07-31,52,30733,491,Employed,High School,31,13795,60,Single,2,Rent,348,0.37713844977816086,1,0,0.21494821481044557,1,Home,0,15,19,5508,2530,101080,50582,2561.0833333333335,0.770434472112494,3,50498,0.273295,0.2812154291576171,430.5307295590624,0.30398492677931693,0,63.0
2040-08-01,28,50991,606,Employed,Master,7,46173,36,Married,1,Mortgage,164,0.15006876074765976,2,2,0.19841009886633168,0,Auto,1,21,4,4979,864,46880,40908,4249.25,0.8020288859362436,6,5972,0.228173,0.18492011518392046,1680.682943313361,0.4341196548363502,0,55.0
2040-08-02,45,124864,526,Employed,Master,20,18367,96,Divorced,3,Rent,412,0.24459380561560526,2,1,0.2902326085592354,0,Debt Consolidation,0,25,29,3633,634,31575,20749,10405.333333333334,0.8951192349290111,7,10826,0.290367,0.3390745974748287,557.3907275436604,0.0931628710478915,1,40.0
2040-08-03,52,27767,590,Employed,Associate,29,19661,48,Married,0,Rent,642,0.1735203751510898,3,4,0.2790851294460105,0,Debt Consolidation,0,18,4,11160,1856,16454,19554,2313.9166666666665,0.8138914555721054,3,1274,0.21966100000000002,0.19795286580447957,596.1490219690482,0.5350879916313818,0,56.0
2040-08-04,26,25960,513,Employed,Master,1,39496,36,Married,0,Mortgage,788,0.35910975131483963,4,1,0.08816322213107836,0,Debt Consolidation,0,23,14,364,104,143422,24078,2163.3333333333335,0.9608727585356627,5,119344,0.267996,0.3028869688548829,1682.9188788867875,1.1421812999476677,0,48.0
2040-08-05,47,154734,533,Employed,Bachelor,28,64501,48,Single,1,Mortgage,1027,0.4215169562537631,4,2,0.24147574282076223,0,Home,0,24,29,7995,656,20037,68693,12894.5,0.443207702988245,8,9599,0.293001,0.32138748543333956,2403.339211939761,0.2660311925192726,0,51.0
2040-08-06,36,71474,653,Employed,Bachelor,13,18295,60,Divorced,0,Rent,428,0.3159802377848285,1,2,0.17264098597893615,0,Debt Consolidation,0,18,16,774,358,79000,101007,5956.166666666667,0.8016361712073915,5,7364,0.196795,0.1810013553421611,465.56992320344216,0.15002433162326587,1,35.2
2040-08-07,45,110193,382,Employed,High School,21,55426,60,Divorced,1,Rent,833,0.17670284309707215,5,3,0.12824742097999478,0,Home,0,17,28,4511,5717,468297,103056,9182.75,0.7151575312758106,5,365241,0.369426,0.40601240096975255,2170.0212216353975,0.327028528669015,0,42.0
2040-08-08,44,137259,569,Employed,High School,22,56934,60,Married,5,Own,404,0.11759999147933875,5,1,0.41065576747099736,0,Debt Consolidation,0,36,17,6905,1650,50653,8883,11438.25,0.8892769686293104,9,41770,0.277434,0.3025824931342492,1851.0497028621808,0.19714988768930394,0,53.0
2040-08-09,58,56031,600,Employed,High School,37,7966,48,Married,1,Other,262,0.22569088278499208,4,0,0.19980419903333044,0,Home,0,32,13,5249,9905,24601,62570,4669.25,0.9284825083067807,5,9120,0.202966,0.18007818849438467,234.03379475294588,0.10623414782951135,1,37.6
2040-08-10,44,42627,536,Employed,Master,20,15144,60,Single,1,Mortgage,282,0.11366341563680811,2,0,0.5564439253621505,0,Other,0,23,2,3049,2878,155730,122672,3552.25,0.8176228568035897,11,33058,0.252144,0.24601879040089714,440.96872873987166,0.2035241688338016,0,62.0
2040-08-11,32,15000,530,Employed,High School,7,17197,48,Single,4,Rent,635,0.5683714110299288,2,3,0.24937571933676617,0,Other,0,22,12,2749,1306,404335,47244,1250.0,0.9482401252550074,7,357091,0.247197,0.21261571538754634,534.9394709104938,0.935951576728395,0,49.0
2040-08-12,47,118796,573,Self-Employed,Bachelor,26,21705,72,Married,1,Own,256,0.21880626171913284,2,0,0.12070749612144943,0,Education,0,28,6,4902,359,74353,28800,9899.666666666666,0.6986614915629641,6,45553,0.250205,0.25787665714210345,595.2056786298605,0.08598326663825656,1,43.2
2040-08-13,20,56378,530,Employed,Associate,0,67367,36,Single,1,Rent,573,0.3643928358931646,1,1,0.013018798037754029,1,Home,0,29,19,957,827,115248,18260,4698.166666666667,0.6363471461682829,4,96988,0.28736700000000004,0.2886220987740021,2818.0150776558676,0.7217741128076627,0,60.0
2040-08-14,42,51464,516,Employed,Associate,19,29100,12,Widowed,3,Rent,169,0.2771234440379754,2,1,0.2534863079635436,0,Education,0,18,8,2563,2364,16964,5908,4288.666666666667,0.936548634698006,5,11056,0.23610000000000003,0.2110377999446873,2711.0604355763503,0.6715514772834642,0,53.0
2040-08-15,27,37751,543,Employed,High School,4,15773,72,Married,0,Rent,399,0.10889971128371292,3,2,0.12230044991984647,0,Other,0,26,6,14051,1195,104476,428239,3145.9166666666665,0.7199415464660126,4,3678,0.259273,0.2715406031023763,445.96355200301895,0.26859057042293527,0,52.0
2040-08-16,34,43136,487,Employed,Associate,13,21490,96,Married,0,Rent,189,0.3376968777953292,4,1,0.27892372903928303,0,Other,0,29,13,2751,1662,189921,19724,3594.6666666666665,0.9221032394175085,2,170197,0.31299,0.375588,709.427271747437,0.24993340274873063,0,49.0
2040-08-17,38,156636,533,Employed,Bachelor,14,27233,72,Divorced,3,Own,640,0.5165178767720446,1,0,0.4014570596176998,0,Home,1,16,18,579,830,35990,30772,13053.0,0.8346794553769243,5,5218,0.275733,0.30010106858617336,819.4595198085917,0.11181027501789563,1,48.800000000000004
2040-08-18,55,107579,638,Employed,Bachelor,31,19882,36,Married,2,Mortgage,779,0.670038212270124,5,0,0.0720199888304788,0,Home,0,19,23,1496,850,81274,2350,8964.916666666666,0.631751429727613,4,78924,0.18588200000000002,0.18223291197321667,721.0109475492837,0.16732012168352006,1,36.800000000000004
2040-08-19,41,31567,570,Employed,High School,20,13237,96,Widowed,2,Mortgage,470,0.4663240609252081,4,0,0.6212162296549018,1,Debt Consolidation,0,20,11,11054,518,25535,8533,2630.5833333333335,0.6643149982283074,7,17002,0.263237,0.24367548248145474,314.44053691234006,0.2982002231110996,0,72.0
2040-08-20,33,30884,522,Employed,Bachelor,11,24444,72,Married,1,Rent,519,0.28139100015139307,6,2,0.4346417536355363,0,Debt Consolidation,0,21,24,5200,731,328927,90870,2573.6666666666665,0.9353490099715692,4,238057,0.278444,0.28567710326964074,712.9563550797264,0.4786775113637068,0,53.0
2040-08-21,41,92869,593,Employed,High School,19,46535,12,Married,1,Rent,632,0.22891194137087428,3,1,0.28485354795214957,0,Debt Consolidation,0,22,7,3555,307,214839,65455,7739.083333333333,0.8114842021284349,3,149384,0.215035,0.2120248285071918,4337.572965859694,0.6421397408211171,0,48.0
2040-08-22,45,168394,593,Employed,Master,24,14650,24,Single,2,Mortgage,570,0.14647741457785765,2,2,0.052438469373547125,0,Debt Consolidation,0,27,3,2624,154,65634,12800,14032.833333333334,0.7590633126711925,5,52834,0.19315,0.21132691337719878,753.7549422670397,0.09433269182515099,1,38.400000000000006
2040-08-23,33,105973,592,Employed,Master,9,25028,48,Divorced,0,Rent,385,0.053277991464473394,7,2,0.4723671679222901,1,Debt Consolidation,0,24,21,902,761,9808,13606,8831.083333333334,0.8314794146831783,7,9191,0.224028,0.24243479614280933,819.3312664160767,0.1363741254564174,0,66.0
2040-08-24,58,33809,489,Employed,Associate,33,14936,60,Married,1,Own,225,0.21432222500062056,3,1,0.19109188554252252,0,Debt Consolidation,0,22,20,4465,3274,28712,16071,2817.4166666666665,0.7964708446492027,6,12641,0.275436,0.26768412742441156,454.010513055204,0.24100464836766686,0,51.0
2040-08-25,39,62502,632,Employed,Associate,14,31339,60,Single,0,Rent,348,0.34742192069497,1,0,0.11710943034142035,0,Debt Consolidation,0,18,26,5512,908,127567,66468,5208.5,0.6228759768035484,4,61099,0.220339,0.2078747641980194,844.0829710498607,0.22887260651816466,0,45.0
2040-08-26,32,53004,534,Employed,Doctorate,12,18975,108,Divorced,0,Own,558,0.6263824590704252,1,1,0.1922490549848835,0,Home,0,25,27,445,1193,48391,44440,4417.0,0.7128010163755195,0,3951,0.296975,0.24381046384024155,435.088527890382,0.2248332641816577,1,41.6
2040-08-27,50,88171,590,Employed,High School,27,13054,60,Married,2,Own,453,0.22807210186952578,2,0,0.26314610477759476,0,Education,0,23,3,5875,556,114173,28548,7347.583333333333,0.681385617338249,8,85625,0.22305400000000003,0.22384503145848708,363.39687796015073,0.11111093823957774,1,41.6
2040-08-28,41,50169,494,Employed,Bachelor,18,13522,60,Divorced,2,Mortgage,231,0.18052154488764663,2,0,0.055366840667946345,0,Debt Consolidation,0,14,10,4076,668,26827,9303,4180.75,0.7782575400010058,7,17524,0.271522,0.27673948802395154,418.3627671654691,0.15532207550450736,0,49.0
2040-08-29,52,44680,465,Self-Employed,Bachelor,28,18592,48,Married,2,Other,490,0.5438102311000167,3,4,0.3660581861358755,0,Education,0,23,9,468,152,6467,26533,3723.3333333333335,0.7143425084745573,4,10313,0.281092,0.3221053693876772,693.5367728440698,0.317870216520341,0,60.0
2040-08-30,47,55335,627,Employed,Bachelor,24,19015,24,Married,0,Rent,1317,0.3632222613366032,6,1,0.15333697816506342,0,Education,0,21,25,1474,3016,54758,47233,4611.25,0.4768366762426804,4,7525,0.180515,0.18851902260170042,957.1522169352119,0.49317478274550547,0,47.0
2040-08-31,52,38914,487,Employed,High School,32,33897,60,Single,0,Mortgage,299,0.28188789872966585,2,1,0.21854784353037218,0,Other,1,15,22,20429,6094,78440,109589,3242.8333333333335,0.8948567148871991,5,7626,0.29539699999999997,0.2748322468229045,1044.8683085437958,0.41441177217776504,0,59.0
2040-09-01,24,29322,590,Employed,High School,3,25382,36,Divorced,1,Other,358,0.09495779967649506,1,0,0.19743933259826102,0,Home,0,15,9,716,4557,40557,9021,2443.5,0.7496728579846996,7,31536,0.215382,0.18081766878641056,918.66156525218,0.522472504707256,0,52.0
2040-09-02,56,55082,633,Employed,Bachelor,32,19695,60,Married,1,Mortgage,577,0.15455946104403195,5,0,0.17264570419466524,1,Education,0,26,13,998,1291,50233,60474,4590.166666666667,0.8921430909502027,6,3562,0.20819500000000002,0.18145858267251752,501.6875980950243,0.23499965827566704,0,58.0
2040-09-03,50,42305,602,Employed,High School,27,47950,60,Single,4,Mortgage,208,0.16194412547703826,0,1,0.12906821856746667,0,Home,0,18,24,2863,445,36616,33347,3525.4166666666665,0.8629848239967978,5,3269,0.25195,0.20803118031683526,1291.9037366544917,0.42545431603483985,0,47.0
2040-09-04,39,18553,457,Employed,Bachelor,17,30395,48,Married,2,Own,350,0.6325879156798537,4,1,0.09719530474314775,0,Education,0,17,13,2228,717,11073,25034,1546.0833333333333,0.7715672110861023,14,4157,0.29689499999999996,0.24454520024979057,998.5857416179524,0.8722594135404209,0,54.0
2040-09-05,47,27012,599,Employed,Master,22,11254,96,Divorced,1,Mortgage,244,0.5551881619033857,3,0,0.17097294615035546,0,Auto,0,25,19,14255,3523,39942,140396,2251.0,0.8905657883671863,9,7594,0.24675400000000003,0.21159910671430804,244.01119694007232,0.21679751085742882,0,53.0
2040-09-06,29,27884,508,Employed,High School,6,42161,48,Widowed,0,Other,568,0.14257214426421824,1,2,0.5892450350207845,0,Education,0,22,25,1670,185,388157,5794,2323.6666666666665,0.9051237798866282,4,382363,0.283161,0.2395870320144154,1373.563616154033,0.8355602995928991,0,53.0
2040-09-07,38,27950,494,Employed,Associate,12,32547,72,Single,5,Other,844,0.20598564780775108,3,1,0.48339648856413087,0,Education,0,33,28,9953,252,22691,17577,2329.1666666666665,0.8835922503743213,2,5114,0.300547,0.3117424234474661,1003.9188849375684,0.7933819899553066,0,58.0
2040-09-08,55,34957,574,Employed,High School,33,49497,84,Divorced,0,Mortgage,645,0.27898538402949175,6,0,0.40841169838463376,0,Home,0,26,5,2440,1327,87168,17972,2913.0833333333335,0.9394514589503675,4,69196,0.287497,0.29687268239276904,1404.8725294935907,0.7036779573167917,0,57.0
2040-09-09,28,48232,583,Employed,Associate,10,42899,36,Widowed,0,Mortgage,661,0.42835307062751715,1,0,0.4641468851048455,0,Debt Consolidation,0,13,18,3245,950,113547,29376,4019.3333333333335,0.9277090645949232,5,84171,0.236399,0.2276517841612528,1655.3625185034089,0.5763051547114137,0,56.0
2040-09-10,50,99398,648,Employed,Master,27,23463,108,Divorced,0,Mortgage,384,0.6064592694435648,1,0,0.06158964423134619,0,Other,0,28,21,19140,736,99571,99062,8283.166666666666,0.7141003695817905,6,3245,0.244463,0.2543117976481145,554.8606488500131,0.11334561848528299,1,38.400000000000006
2040-09-11,43,16595,508,Employed,Bachelor,20,11755,48,Married,4,Mortgage,197,0.05625068018741779,2,0,0.2268053308388872,0,Auto,0,26,4,4676,303,57813,9052,1382.9166666666667,0.7084755311467598,8,48761,0.252755,0.29021794583641025,416.58888216079555,0.4436918701976225,0,56.0
2040-09-12,44,24845,557,Self-Employed,Bachelor,20,18018,60,Single,0,Own,372,0.10619532851409909,1,0,0.23187967263717307,0,Home,1,22,3,7759,1633,258826,24413,2070.4166666666665,0.9476809786351031,6,234413,0.244518,0.27051755056879334,550.7430247635546,0.44567986706229246,0,61.0
2040-09-13,68,141973,534,Employed,Bachelor,42,29504,108,Divorced,1,Mortgage,746,0.32563305272649606,2,3,0.20497139103079867,0,Home,0,24,19,2001,4361,94587,35472,6211.833333333333,0.9058854863803689,2,59115,0.307504,0.29585069033624006,783.8784769482063,0.24628453386518306,0,48.0
2040-09-14,27,54287,594,Employed,High School,5,38961,120,Single,1,Mortgage,363,0.017140371221571388,4,1,0.2481401053592223,0,Education,0,20,9,2211,1618,36648,4788,4523.916666666667,0.8794697554506112,3,31860,0.29696100000000003,0.2913973133106644,1002.4119229666824,0.301820750374863,0,52.0
2040-09-15,53,71387,607,Employed,Master,28,21387,60,Married,0,Other,489,0.18938459913984124,3,0,0.5180869433783619,1,Other,0,35,21,6413,200,10079,16023,5948.916666666667,0.9929232776158334,4,6279,0.222887,0.19167700222016262,556.7659227328975,0.17579098537261362,0,66.0
2040-09-16,38,75290,612,Employed,Bachelor,15,29495,60,Single,0,Mortgage,711,0.31680263206578835,3,0,0.1647355048527173,0,Debt Consolidation,0,22,19,461,1438,21947,27168,6274.166666666667,0.8246230750478738,6,9855,0.228495,0.2360451295696098,841.7539476202237,0.24748369466652523,0,47.0
2040-09-17,40,29918,634,Employed,Bachelor,15,37404,24,Single,2,Rent,578,0.6257518114761845,3,1,0.37008399064831005,0,Auto,0,23,13,7392,1279,251211,29974,2493.1666666666665,0.9448273047193674,3,221237,0.195404,0.19655853567881015,1897.4240757404475,0.9928835118953598,0,51.0
2040-09-18,38,82696,560,Self-Employed,Bachelor,18,33808,72,Married,0,Mortgage,323,0.2508796187548065,3,0,0.3361075299561039,0,Debt Consolidation,0,20,21,231,3379,24823,148776,6891.333333333333,0.8704241288054582,2,1653,0.268808,0.2777741900071879,969.1449392828177,0.1875028933853368,0,56.0
2040-09-19,38,75478,553,Employed,Bachelor,16,36992,48,Married,0,Mortgage,285,0.05853210958710734,3,1,0.41453222160370023,0,Home,0,25,4,501,269,51804,7819,6289.833333333333,0.926611191015524,6,43985,0.255492,0.24099144422282284,1208.03554799664,0.23737283150003552,0,58.0
2040-09-20,44,24065,617,Employed,Associate,20,20471,72,Married,2,Mortgage,181,0.47979757599212103,4,1,0.5923946152252229,0,Debt Consolidation,0,27,15,1439,847,39825,17745,2005.4166666666667,0.8719896506256775,5,22080,0.226971,0.21603740441295818,509.5530098093296,0.34434390682368393,0,58.0
2040-09-21,41,63099,577,Employed,Master,18,6995,72,Divorced,1,Mortgage,450,0.2238931508369433,4,1,0.5053775727190539,0,Debt Consolidation,1,23,18,1232,751,29880,29732,5258.25,0.7574122104003798,3,9091,0.233495,0.22340930407632978,177.1756035361908,0.11927458822539644,1,51.2
2040-09-22,18,110987,498,Employed,Master,0,41616,60,Single,1,Own,469,0.36975332738328814,5,1,0.2777596454675382,0,Home,1,27,21,3429,1603,10600,31773,9248.916666666666,0.7421010395337518,3,1133,0.297616,0.27055929129825723,1272.1497035511513,0.18825444820216616,0,57.0
2040-09-23,32,38454,610,Employed,High School,10,14572,12,Married,0,Mortgage,309,0.1418921132562429,4,0,0.37545928631507336,0,Home,0,27,1,1049,3079,176883,6044,3204.5,0.8847984824525069,6,170839,0.174572,0.1958793644459285,1346.997892696309,0.5167726299567199,0,51.0
2040-09-24,42,58793,579,Self-Employed,Associate,21,28307,36,Married,0,Rent,832,0.544632166937471,0,0,0.5974354701763704,0,Auto,0,25,4,661,887,38886,29756,4899.416666666667,0.8531931004996364,8,9130,0.223807,0.24745107342565723,1121.668853733695,0.398755400214385,0,65.0
2040-09-25,39,38255,592,Employed,Bachelor,17,45464,96,Married,3,Own,612,0.2926734050218005,1,3,0.20664728385033101,0,Other,0,27,20,6685,629,9212,126637,3187.9166666666665,0.7907774213061488,3,9399,0.284464,0.29317366304187537,1232.166565606654,0.5784864406555966,0,53.0
2040-09-26,35,21521,582,Self-Employed,Bachelor,13,18866,84,Single,2,Rent,1106,0.25963425464076884,7,2,0.1373082343122899,0,Home,0,16,21,1119,1179,43880,65174,1793.4166666666667,0.7726519735275836,8,4239,0.25286600000000004,0.29297213279817447,530.5481916475732,0.9125309372134602,0,55.0
2040-09-27,38,31618,551,Employed,Bachelor,15,9049,60,Divorced,2,Mortgage,561,0.16211903913286924,2,2,0.14013059091283656,0,Debt Consolidation,0,24,28,4120,2480,45812,18907,2634.8333333333335,0.8300407581217486,9,26905,0.238549,0.2689637320048681,275.75398830414355,0.317573782644371,0,50.0
2040-09-28,37,41798,520,Employed,High School,16,26697,48,Married,3,Own,386,0.40414190553123985,3,0,0.7193267141125762,0,Auto,0,29,25,5032,10640,24369,37526,3483.1666666666665,0.8707180071784201,5,2209,0.261697,0.2954475903196243,954.1962423229784,0.3847637424727437,0,60.0
2040-09-29,37,67999,637,Employed,Associate,17,54853,48,Single,3,Mortgage,918,0.43227309453002993,0,1,0.19046205667519367,0,Debt Consolidation,0,31,20,2544,4530,16804,6686,5666.583333333333,0.7223581107526683,3,10118,0.231353,0.24016206828319756,1788.7999876318477,0.47767761072342496,0,48.0
2040-09-30,32,33326,597,Employed,Bachelor,7,24864,60,Married,1,Mortgage,369,0.2047220116772501,7,0,0.12020722011501514,0,Home,0,22,21,12398,200,12598,33727,2777.1666666666665,0.6939442720255686,4,5687,0.23136400000000001,0.2450951917294762,722.6589756839098,0.39308370966233325,0,51.0
2040-10-01,53,59163,578,Employed,Bachelor,34,27187,24,Single,0,Mortgage,346,0.21582277619270632,5,2,0.46582752575919134,0,Home,0,29,4,845,1031,21632,13455,4930.25,0.8710940637017143,5,8177,0.213187,0.22308425962001754,1414.5556550950166,0.3570925724040397,0,59.0
2040-10-02,52,55381,620,Employed,High School,27,21112,36,Married,0,Other,599,0.40709139670051697,4,1,0.2534757660943369,0,Other,0,29,13,18819,223,71034,53129,4615.083333333333,0.7446703399816408,3,17905,0.196112,0.17355061566853017,756.4363381766451,0.2936970451620546,0,50.0
2040-10-03,49,45892,552,Employed,Associate,27,14191,36,Married,0,Other,625,0.24966969509761047,0,2,0.3428195571673901,0,Other,0,19,4,4018,1180,24871,24848,3824.3333333333335,0.48651644674433886,3,4077,0.223191,0.2030883973818672,529.6241892463493,0.30191515451399353,0,58.0
2040-10-04,42,89402,595,Self-Employed,Bachelor,21,15769,48,Married,0,Own,565,0.22407021230595808,1,2,0.4094911755228683,0,Debt Consolidation,0,24,20,3485,656,44985,32317,7450.166666666667,0.9542482505372782,4,12668,0.21326900000000001,0.20605663640160748,484.9596463960935,0.14093102790489162,1,46.400000000000006
2040-10-05,28,28387,450,Employed,High School,6,19506,84,Single,0,Mortgage,161,0.32025643713198865,4,0,0.4501608928497343,0,Auto,0,21,5,2916,1871,30261,9900,2365.5833333333335,0.9427550705717572,4,20361,0.319506,0.34071613319400507,612.1062192330722,0.3268141977242,0,60.0
2040-10-06,49,113034,494,Employed,High School,29,31884,60,Married,1,Rent,712,0.12953701154698588,4,1,0.10189469728283215,0,Debt Consolidation,1,22,28,412,1185,155051,7437,9419.5,0.9275247897728729,5,147614,0.289884,0.30364211319277146,1038.6999006819744,0.18585911149020376,0,50.0
2040-10-07,37,35139,610,Employed,Bachelor,15,40796,60,Married,2,Rent,570,0.4518019989475056,4,1,0.4387960036617516,0,Home,0,23,25,37345,1329,242789,21069,2928.25,0.8088392610990183,5,221720,0.240796,0.19263680000000002,1064.1984906411992,0.5580802495146245,0,51.0
2040-10-08,26,35340,502,Employed,Master,3,25183,60,Married,4,Other,334,0.073048524317643,6,0,0.6171939224804538,0,Debt Consolidation,0,28,6,866,2670,34474,7153,2945.0,0.8393949306350103,7,27321,0.279183,0.26022244615706397,754.3225114603965,0.36954923988468474,0,60.0
2040-10-09,45,109314,580,Self-Employed,Associate,24,11639,84,Married,4,Own,306,0.38673043816299796,2,2,0.4951935798421877,0,Home,1,25,1,19588,859,175727,12610,9109.5,0.8004960037115686,4,163117,0.24663900000000002,0.27889846978619953,316.4416058279581,0.06832884415477886,0,64.0
2040-10-10,37,61471,460,Employed,Associate,13,30066,60,Married,0,Mortgage,377,0.5308565921935988,2,1,0.18666095282508893,0,Auto,1,22,15,1732,1513,93524,10109,5122.583333333333,0.8534081193099814,8,83415,0.305066,0.28319307399862925,941.9297972769158,0.25747356586557874,0,55.0
2040-10-11,40,61782,615,Employed,Bachelor,15,38389,12,Married,1,Own,836,0.2867051585184039,7,1,0.05813446686467947,0,Auto,0,23,5,11670,1612,45453,20191,5148.5,0.8522197787781125,9,25262,0.195889,0.2096195559621913,3573.8437562322174,0.8565298157195723,0,49.0
2040-10-12,51,15000,542,Employed,Bachelor,26,48495,96,Widowed,0,Rent,224,0.10232758252191569,2,1,0.4455096363757626,0,Home,0,24,2,3951,286,80557,7642,1250.0,0.8702807389374253,6,72915,0.312495,0.3389668320293089,1471.320843878207,1.3562566751025655,0,59.0
2040-10-13,32,35912,470,Employed,Bachelor,7,17191,24,Widowed,2,Rent,432,0.26479961459781703,3,3,0.44478421779396604,0,Education,0,28,20,1470,3232,247439,20083,2992.6666666666665,0.7458199981268513,6,227356,0.257191,0.29939055174200724,960.6580748170279,0.46535689735476543,0,53.0
2040-10-14,38,53552,575,Employed,Associate,16,21756,60,Single,2,Rent,449,0.21794295923946758,2,2,0.3667054342442756,0,Home,0,25,6,3444,1382,14675,1577,4462.666666666667,0.7818058690489652,4,13098,0.23925600000000002,0.25144833219084467,640.4160250911013,0.24411772298127457,0,56.0
2040-10-15,47,76040,590,Employed,High School,26,10955,24,Married,3,Rent,553,0.17859374006214743,1,1,0.13931725280764304,0,Education,0,26,2,5350,229,99704,38976,6336.666666666667,0.6402396109009842,6,60728,0.19095499999999999,0.1792236755878754,546.5077004899447,0.1735151552588024,1,40.800000000000004
2040-10-16,61,95526,500,Employed,Associate,37,54347,48,Single,3,Rent,476,0.09834719507722949,5,0,0.14780181561974698,0,Debt Consolidation,0,29,25,9541,1171,47700,19323,7960.5,0.6924837665644737,6,28377,0.299347,0.31287874839905166,1997.7351603720226,0.31075122924087967,0,48.0
2040-10-17,42,36927,552,Employed,Bachelor,17,14073,96,Single,2,Own,540,0.06530463419219776,3,2,0.3977840993679141,0,Auto,0,27,17,3413,1691,260103,7798,3077.25,0.7230934015702287,3,252305,0.273073,0.23295676349174702,324.42696526104766,0.28090891713739463,1,38.400000000000006
2040-10-18,59,40279,618,Employed,Bachelor,33,27755,24,Married,1,Other,376,0.1515926833873837,4,1,0.3825565134101549,0,Education,0,28,8,2207,824,72927,8968,3356.5833333333335,0.8537323467088795,1,63959,0.193755,0.18779504760559332,1396.1196361435398,0.5279534157680795,0,50.0
2040-10-19,19,56107,445,Employed,Associate,0,15415,84,Single,0,Own,598,0.09987774342786877,3,1,0.18225049099160648,0,Home,0,32,1,1755,1294,150530,10339,4675.583333333333,0.7762618411267124,3,140191,0.31791500000000006,0.29373852275344775,434.28896833541586,0.22078292583857612,0,49.0
2040-10-20,42,28287,634,Employed,Bachelor,21,16928,72,Single,5,Rent,372,0.1960094773462049,4,1,0.2576197996631783,0,Education,0,22,9,13779,740,61362,18236,2357.25,0.9740299273127647,7,43126,0.214928,0.19135958490525046,397.0399791560151,0.3262445557985004,0,51.0
2040-10-21,36,51812,601,Self-Employed,High School,12,14118,12,Married,1,Mortgage,365,0.4650962150687126,10,1,0.3552985404983346,0,Other,0,18,3,5509,3399,19398,52002,4317.666666666667,0.5932615247755939,5,3195,0.178618,0.18680075297803503,1298.9119168300451,0.3853729445294631,0,58.0
2040-10-22,46,36742,640,Employed,Bachelor,27,20432,108,Widowed,2,Mortgage,221,0.24428754951689374,5,2,0.15074579122344026,0,Debt Consolidation,1,36,12,2046,1286,284178,35453,3061.8333333333335,0.6119885686022979,6,248725,0.245432,0.26642769124768995,500.333476016843,0.23558874618153924,0,50.0
2040-10-23,41,38578,606,Employed,Master,23,24542,60,Single,0,Other,266,0.16441226644089174,4,0,0.26255169278786195,0,Home,1,25,5,318,345,34896,70989,3214.8333333333335,0.9069883728420844,4,9813,0.22654200000000002,0.19702627720780094,646.1587869200655,0.2837343937747106,0,57.0
2040-10-24,29,63662,610,Employed,Bachelor,9,21834,60,Single,0,Other,732,0.44824343597784383,2,1,0.4258589884184551,0,Debt Consolidation,0,19,12,6767,530,23768,3533,5305.166666666667,0.8045113260963709,4,20235,0.22183399999999998,0.25003282912174496,640.8988181803446,0.25878523794672076,0,54.0
2040-10-25,42,45459,538,Employed,Associate,20,14684,24,Married,0,Other,228,0.1805016421840664,4,0,0.6111811247662725,0,Debt Consolidation,0,16,26,4346,347,66885,34464,3788.25,0.854292387063795,2,32421,0.220684,0.23531202945474208,772.9276697745889,0.26421901135737846,0,58.0
2040-10-26,48,81769,559,Employed,Associate,24,24237,48,Single,1,Mortgage,470,0.2591765639818865,3,0,0.42259123106717567,0,Other,0,38,18,5249,1587,137173,213845,6814.083333333333,0.5679342945058754,6,5475,0.239737,0.27981322475109477,844.452466518548,0.1929023174824515,0,55.0
2040-10-27,35,80988,567,Employed,Master,13,16187,12,Single,0,Mortgage,204,0.19478856407382597,1,0,0.15945225232530275,0,Debt Consolidation,0,36,26,1013,3483,222313,48084,6749.0,0.7269025661834034,4,174229,0.197687,0.21945821691764106,1514.5901851360638,0.25464367834287505,1,35.2
2040-10-28,31,47339,533,Employed,High School,10,15987,24,Married,1,Other,163,0.33790284181102476,4,1,0.05943033362524716,0,Auto,0,34,7,8543,490,224079,26037,3944.9166666666665,0.8242881718685167,7,198042,0.224487,0.23051407515640399,837.7001262594516,0.2536682548240018,0,48.0
2040-10-29,37,19328,632,Employed,Bachelor,13,17556,48,Widowed,1,Mortgage,814,0.35722234408113857,3,0,0.5858687252563672,0,Auto,0,17,12,24258,2560,26818,13525,1610.6666666666667,0.8373237285513281,4,13293,0.196556,0.17023894047138013,506.7961750879662,0.8200307378443499,0,57.0
2040-10-30,30,77869,525,Employed,Master,7,21521,84,Married,1,Other,331,0.11450481245757471,5,0,0.15688494124115268,0,Auto,0,24,21,705,182,92428,46257,6489.083333333333,0.8075948836451944,7,46171,0.284021,0.2713839469764238,574.4963426534723,0.13954148777872669,1,39.2
2040-10-31,45,50656,570,Employed,Bachelor,22,16871,48,Single,2,Mortgage,322,0.2874180371280154,2,0,0.5463309842597491,0,Auto,0,15,7,5234,1473,32430,7242,4221.333333333333,0.7527932004265755,3,25188,0.22687100000000002,0.235176340887828,545.536283092687,0.2055123854452038,0,59.0
2040-11-01,41,59879,460,Employed,High School,20,20426,60,Divorced,0,Own,511,0.16770571761997974,5,0,0.12697126955432592,0,Home,0,31,6,449,2271,56692,8005,4989.916666666667,0.839228929205643,10,48687,0.295426,0.3202700668010376,686.506202742369,0.23998521072343273,0,51.0
2040-11-02,44,75101,603,Self-Employed,Bachelor,21,19318,48,Single,0,Mortgage,209,0.2716127176685172,2,2,0.39952418053958383,0,Education,0,24,12,501,899,84447,33399,6258.416666666667,0.8169306029410712,6,51048,0.212818,0.23240572278628058,621.7193344388495,0.13273634190311973,0,52.0
2040-11-03,36,39019,506,Employed,Bachelor,15,10977,48,Single,3,Mortgage,232,0.1791725800591562,3,2,0.2916979105916133,0,Home,0,17,27,1120,1135,61691,12026,3251.5833333333335,0.8010954474952886,3,49665,0.25297699999999995,0.22536608311808895,349.0479653470077,0.17869693185791774,1,41.6
2040-11-04,35,44630,519,Employed,High School,10,21904,48,Married,1,Other,257,0.2537144451068724,4,0,0.3200280713629311,0,Home,0,20,9,574,3661,124250,63843,3719.1666666666665,0.8611430489424517,4,60407,0.257404,0.28262438665000855,766.6942794199927,0.27524829381671323,0,54.0
2040-11-05,35,26191,593,Employed,Bachelor,14,28722,60,Married,2,Mortgage,403,0.13119828650778187,3,1,0.26262908712837646,0,Debt Consolidation,1,28,17,2446,98,322773,38934,2182.5833333333335,0.768441645671869,6,283839,0.237222,0.23944545662562322,825.3492746272286,0.5627960480900592,0,53.0
2040-11-06,32,47408,542,Employed,Associate,9,29286,48,Divorced,2,Other,251,0.31113125079587917,5,0,0.14845080890444193,0,Auto,0,19,24,1062,3024,47850,22861,3950.6666666666665,0.903162028085447,5,24989,0.253286,0.21072313992398106,908.0008115630475,0.2933684133217299,0,51.0
2040-11-07,18,67455,570,Employed,Bachelor,0,31799,60,Married,1,Rent,147,0.30920353631480346,3,1,0.26030110410456647,0,Home,0,35,12,6602,1090,54199,74998,5621.25,0.7424591246353105,7,4791,0.251799,0.2043454068307057,850.1859492863157,0.17739576593930456,0,52.0
2040-11-08,44,146206,556,Employed,Bachelor,23,12368,24,Married,2,Rent,632,0.08303042375629899,1,1,0.2942862978684653,0,Auto,0,26,10,856,1018,68193,18065,12183.833333333334,0.8281477995572406,9,50128,0.20936799999999997,0.22627377708612495,645.4672764675747,0.10484937223924391,1,37.6
2040-11-09,31,33746,483,Unemployed,High School,11,74121,96,Married,2,Mortgage,369,0.655865421109969,2,0,0.1340660967525211,0,Debt Consolidation,0,25,23,1824,1354,32879,33674,2812.1666666666665,0.9496477406325904,2,4091,0.36762100000000003,0.29598624163605103,2023.2963996337232,0.8506950985481146,0,56.0
2040-11-10,18,72361,593,Self-Employed,Bachelor,0,12686,24,Married,1,Mortgage,1829,0.06951575581511003,3,2,0.06182416866684551,0,Other,0,26,9,2115,596,278009,15324,6030.083333333333,0.7545791836314506,4,262685,0.191186,0.19715138485641576,643.9001394288433,0.4100938581991145,1,37.6
2040-11-11,39,128531,585,Employed,High School,17,15317,24,Single,3,Other,550,0.662284012484886,4,0,0.11090441137953413,0,Other,0,28,6,2880,881,101632,18061,10710.916666666666,0.8839617865392073,3,83571,0.197817,0.1846027038736658,768.098196427182,0.12306119424205976,1,40.0
2040-11-12,20,28134,551,Self-Employed,Bachelor,0,76289,24,Married,3,Mortgage,619,0.29920458560257973,4,1,0.27145827288681995,0,Education,1,14,22,10010,1863,162927,45676,2344.5,0.997974983623241,1,117251,0.275789,0.3040051115153376,4281.276838295034,2.0901159472360993,0,59.0
2040-11-13,29,84912,582,Employed,High School,3,18566,72,Divorced,0,Rent,186,0.2577615083401289,3,1,0.15257704627388108,1,Education,0,22,15,23562,622,109366,3974,7076.0,0.9208224906048664,10,105392,0.242566,0.22839590499094536,475.78885977314064,0.09352584225171574,0,57.0
2040-11-14,46,46422,581,Self-Employed,High School,24,16294,48,Married,0,Mortgage,861,0.3331566737536304,0,1,0.34194050785129443,0,Home,0,26,6,5578,2467,533272,22133,3868.5,0.8789921982667175,4,511139,0.22079400000000002,0.2337452595166445,525.5958381813414,0.3584324255347916,0,52.0
2040-11-15,54,89446,622,Employed,Bachelor,32,28942,48,Single,5,Rent,232,0.4204025338973097,6,0,0.09488273263975248,0,Debt Consolidation,0,26,13,9040,131,28650,122628,7453.833333333333,0.7033116195392242,5,10054,0.21294200000000002,0.186825477368904,860.5284661519189,0.1465726985423946,1,37.6
2040-11-16,57,15913,662,Employed,Bachelor,33,38210,108,Single,2,Own,455,0.07649951610804728,3,2,0.033908546141358395,0,Home,0,18,23,2296,509,18700,124921,1326.0833333333333,0.7524523815010926,4,9582,0.25221,0.25778371445537185,912.7518664456234,1.0314222583640722,0,45.0
2040-11-17,49,64243,631,Employed,High School,30,15971,48,Widowed,1,Own,329,0.20514939657468978,1,1,0.4218173455604941,0,Debt Consolidation,0,18,13,154,746,20773,5244,5353.583333333333,0.8493428432178562,5,15529,0.19547100000000003,0.20804682601845667,492.8768323233407,0.15351901355603084,0,53.0
2040-11-18,28,136032,549,Employed,Associate,6,50440,48,Married,0,Mortgage,253,0.19838286527900004,4,0,0.2235075273593072,0,Auto,0,24,3,2067,599,36746,14740,11336.0,0.788865053064169,8,22006,0.27093999999999996,0.272664892916994,1736.8364022144801,0.1755324984310586,0,52.0
2040-11-19,39,36026,578,Employed,Bachelor,17,11218,60,Divorced,4,Rent,130,0.20236523141458929,2,2,0.15917752885258116,0,Auto,0,27,6,9174,3285,48627,7076,3002.1666666666665,0.5714509694636,7,41551,0.22721800000000003,0.24289048721535542,324.60388462007154,0.15142526551492974,0,53.0
2040-11-20,45,72100,573,Unemployed,High School,23,19039,48,Married,0,Mortgage,406,0.20385624476886874,4,1,0.2663356325874685,0,Auto,0,19,11,1279,963,153996,39626,6008.333333333333,0.8521686563078913,6,114370,0.22753900000000002,0.21343079027840717,593.0747856451314,0.1662815177217972,0,51.0
2040-11-21,56,52761,542,Employed,High School,32,14897,12,Single,0,Own,514,0.6297921152047289,7,1,0.3008194491992045,1,Home,0,26,22,1141,558,222680,22561,4396.75,0.738429735031799,4,200119,0.208897,0.16825330330977517,1357.4426464918308,0.4256422690605176,0,64.0
2040-11-22,18,33740,547,Employed,High School,0,29102,48,Single,1,Mortgage,383,0.40149110177854047,6,2,0.08839194088261146,0,Home,0,23,13,265,1941,39374,22135,2811.6666666666665,0.6529421086167165,9,17239,0.250602,0.26624076403347585,991.4864547029163,0.48885113978764067,0,52.0
2040-11-23,30,32908,443,Self-Employed,Associate,9,27869,36,Married,0,Mortgage,867,0.055573034177626726,4,0,0.27040451248639913,0,Auto,0,14,10,4030,868,68595,34905,2742.3333333333335,0.8650531704584683,5,33690,0.291369,0.2882716833996807,1165.2517015029,0.741066622646007,0,55.0
2040-11-24,60,50848,626,Self-Employed,Associate,38,15510,120,Single,1,Mortgage,343,0.023237254385909123,2,0,0.45667582803117873,0,Debt Consolidation,0,28,24,20727,3210,78790,11152,4237.333333333333,0.7828883623672651,3,67638,0.25751,0.3038086684118287,413.24131588267744,0.1784710468571454,0,53.0
2040-11-25,35,62655,448,Employed,High School,11,16892,84,Single,3,Mortgage,313,0.41832624763757353,4,0,0.30973094742869506,0,Debt Consolidation,0,26,14,632,260,111635,95766,5221.25,0.8640539667273337,5,15869,0.317892,0.3054041785383295,489.1465208449115,0.1536311268077398,0,55.0
2040-11-26,57,57432,602,Employed,Associate,36,41550,84,Widowed,0,Rent,536,0.24342979447893195,1,0,0.2895266452239367,0,Home,0,21,19,7911,1077,117391,13592,4786.0,0.8478508196013738,5,103799,0.26555,0.2398028417640469,1024.762104164904,0.32610992565083663,0,45.0
2040-11-27,44,121974,580,Employed,Master,20,13503,36,Married,2,Own,178,0.3495587708168288,2,1,0.03739136597414394,0,Home,0,30,16,620,238,85506,38177,10164.5,0.6386621097225699,5,47329,0.208503,0.21674755103832993,513.4164615751808,0.06802267318364709,1,38.400000000000006
2040-11-28,49,68522,597,Employed,Bachelor,22,16161,12,Single,1,Mortgage,357,0.18677812793681306,0,2,0.14299474248831912,0,Debt Consolidation,0,23,4,3256,445,43325,12661,5710.166666666667,0.8105754978387291,6,30664,0.18266100000000002,0.17429787032474994,1477.2582558040376,0.32122674571157367,1,41.6
2040-11-29,38,32025,582,Employed,High School,17,18909,48,Married,1,Mortgage,690,0.5220475097417676,2,1,0.3591500571998798,0,Other,1,24,1,7711,817,132625,18611,2668.75,0.6539395355371647,2,114014,0.22290900000000002,0.23072592820949878,606.8135825164384,0.48592546417477783,0,62.0
2040-11-30,47,70295,637,Employed,High School,21,28317,36,Married,2,Rent,90,0.16528668731329582,3,0,0.16617959613104666,0,Home,0,32,11,3466,654,255177,35307,5857.916666666667,0.9211567130133719,3,219870,0.19481700000000002,0.18946189398635505,1037.218274803103,0.19242647837879273,1,33.6
2040-12-01,27,93197,571,Employed,Associate,3,20546,108,Single,4,Mortgage,430,0.28224335620828084,1,1,0.06820789588614806,0,Debt Consolidation,0,31,6,5803,3187,67153,14964,7766.416666666667,0.738943921336543,3,52189,0.280046,0.233964625283789,457.42373633101295,0.11426424494320798,1,39.2
2040-12-02,45,93149,558,Employed,Bachelor,25,43946,60,Married,0,Mortgage,524,0.25883464426980873,0,2,0.5582394707492128,0,Education,0,37,25,1329,1852,78018,4531,4231.833333333333,0.9687346373983723,3,73487,0.26994599999999996,0.22586696531028136,1228.4453896204702,0.41411020982721525,0,55.0
2040-12-03,33,23189,578,Employed,High School,13,12236,60,Single,0,Own,122,0.36683904420131164,3,1,0.0681416969427401,0,Home,1,30,22,3960,278,58387,9991,1932.4166666666667,0.48218133602978247,9,48396,0.228236,0.21415286308876588,333.8897535323784,0.23591690208238994,0,58.0
2040-12-04,46,85623,493,Employed,High School,27,32953,60,Married,4,Other,627,0.3038651529491287,5,0,0.18434146299893894,1,Home,0,21,2,12692,3598,20490,8474,7135.25,0.9540648914008703,6,12016,0.291453,0.27828662931596676,1022.6152008622075,0.23119234797129848,0,65.0
2040-12-05,39,40428,571,Employed,Bachelor,15,48183,60,Married,0,Rent,129,0.1732637012389085,0,0,0.17462173523358154,0,Home,0,19,20,898,1019,41509,75108,3369.0,0.825266743200736,3,4813,0.267683,0.25936310065719187,1440.805430103563,0.4659559008915295,0,50.0
2040-12-06,58,122045,619,Employed,Doctorate,34,14366,60,Divorced,4,Mortgage,641,0.09566459200172434,5,2,0.10013447746985049,0,Debt Consolidation,0,13,8,847,4384,12796,13652,10170.416666666666,0.8928032398590701,5,2456,0.209866,0.20094671689530186,381.3682835417245,0.10052373634725466,1,36.0
2040-12-07,52,15054,517,Employed,Bachelor,25,19134,96,Married,3,Mortgage,338,0.5661822018707566,1,2,0.49374896266564805,0,Auto,0,21,6,3047,1821,147106,26803,1254.5,0.7243223504214263,4,120303,0.295634,0.31070356659832143,542.0016471773723,0.7014760041270405,0,57.0
2040-12-08,28,35178,379,Employed,Associate,6,24289,12,Married,0,Rent,476,0.22428383888379438,2,1,0.38606791560517445,0,Debt Consolidation,0,28,27,1607,328,16976,15172,2931.5,0.7951242886196184,3,1804,0.29978899999999997,0.30589933503012834,2374.9186091595584,0.9725118912364177,0,55.0
2040-12-09,25,27623,592,Employed,High School,3,15772,48,Widowed,0,Mortgage,127,0.3718395801334398,1,4,0.1934832687743248,0,Home,0,13,18,1867,103,53319,21530,2301.9166666666665,0.8100138422113561,5,31789,0.21477200000000002,0.24798312035905562,521.1816019243306,0.28158343493074495,0,52.0
2040-12-10,18,42216,502,Employed,Associate,0,35218,84,Single,0,Other,959,0.4592103182390905,4,1,0.23679405071663442,0,Home,0,26,4,6305,3464,18643,27650,3518.0,0.8696784687509046,6,1056,0.309218,0.2652883910533769,926.1368771816766,0.5358547121039444,0,57.0
2040-12-11,62,111857,599,Employed,Master,39,40289,72,Married,3,Mortgage,180,0.056531637110594,1,1,0.3929483040881299,0,Home,0,30,29,1106,2497,160845,56675,9321.416666666666,0.9672177631475153,2,104170,0.255789,0.22284581421130226,1019.1233403693752,0.12864174870086365,1,38.400000000000006
2040-12-12,25,75857,548,Employed,Associate,4,15685,36,Single,2,Rent,473,0.29681288509224,3,1,0.28956731448798934,0,Home,0,29,5,10389,570,251492,13021,6321.416666666667,0.8151064967944456,1,238471,0.226685,0.217583600900785,597.0582915044031,0.16927507676355297,1,40.0
2040-12-13,30,72938,583,Employed,Associate,7,17814,60,Single,1,Mortgage,831,0.5830623619255259,3,3,0.3159324888737806,0,Home,0,25,20,24009,294,293040,43813,6078.166666666667,0.8868163100497022,4,249227,0.23131400000000002,0.2692720671691302,543.1815432365452,0.22608487371244812,0,51.0
2040-12-14,43,27990,465,Employed,Associate,19,22838,24,Single,2,Mortgage,437,0.26790007393318954,7,3,0.3704723204767284,0,Home,0,23,14,13343,1045,69812,105955,2332.5,0.9328988125079649,4,9543,0.265338,0.25865417705007027,1228.8377184325554,0.7141855170128855,0,56.0
2040-12-15,55,128439,643,Employed,Master,35,24302,24,Divorced,0,Rent,269,0.3701370924042438,5,2,0.18256796139135514,0,Debt Consolidation,0,17,21,3555,1011,77429,4824,10703.25,0.8067120720345761,9,72605,0.177802,0.18244470382048847,1216.1280865187607,0.138754872260179,1,34.4
2040-12-16,43,57732,625,Employed,Bachelor,17,16875,36,Married,4,Own,974,0.16160703411259317,3,0,0.30250136407924283,0,Home,0,24,13,3710,2450,20689,57949,4811.0,0.6786580918182944,7,10082,0.18937500000000002,0.1939047365182564,621.906902894669,0.3317204121585261,0,50.0
2040-12-17,48,32674,564,Employed,Associate,24,27780,36,Married,1,Mortgage,209,0.3879236813731211,4,1,0.15686345861626502,0,Education,0,18,9,1052,2343,53031,28797,2722.8333333333335,0.8379372806960318,3,24234,0.23077999999999999,0.2120770165719594,1049.5782210130228,0.46223109053548,0,52.0
2040-12-18,27,67261,507,Employed,High School,4,21650,36,Single,1,Own,546,0.15971129666278305,2,1,0.41224229726911127,0,Home,1,22,22,1100,100,52903,26759,5605.083333333333,0.8254497665594881,7,26144,0.25315,0.23415567703494514,842.7619728016314,0.24776830070352177,0,61.0
2040-12-19,46,23910,609,Employed,Associate,26,15391,60,Married,0,Own,114,0.43023336973510995,7,0,0.6314204839352849,0,Home,0,24,26,209,1775,106203,30850,1992.5,0.8138482654027965,5,75353,0.215891,0.22363262355601696,428.26761004974225,0.27215438396473884,0,56.0
2040-12-20,37,27313,525,Employed,Master,13,23750,60,Married,3,Rent,176,0.015309968683415888,5,1,0.3485038973037612,0,Auto,0,19,21,2762,2460,51185,11184,2276.0833333333335,0.8146483271678155,4,40001,0.26625,0.2989336823639468,766.8383233637534,0.41423717205598215,0,55.0
2040-12-21,33,126115,606,Employed,Doctorate,11,24298,36,Single,2,Rent,540,0.19722958024253293,5,2,0.1919308045889426,0,Debt Consolidation,0,24,21,630,620,325766,18458,10509.583333333334,0.9241470576931314,5,307308,0.206298,0.19369355797780868,895.2120327933173,0.13656222014446978,1,30.400000000000002
2040-12-22,24,78539,605,Employed,Bachelor,3,10366,48,Married,4,Rent,375,0.1605189750570533,1,1,0.2948037388788723,0,Education,0,23,5,9100,414,487921,6937,6544.916666666667,0.7860954297922313,8,480984,0.20286600000000002,0.19851921091448912,314.623882273431,0.10536786293791839,1,35.2
2040-12-23,45,15000,573,Employed,Bachelor,21,17551,12,Married,2,Mortgage,224,0.24939755050254986,2,0,0.12607154835483397,0,Auto,1,14,2,4753,1059,152454,25479,1250.0,0.7814796997505707,10,126975,0.19605100000000003,0.20570999710399004,1630.628372983136,1.4837026983865087,0,58.0
2040-12-24,18,15000,528,Employed,Associate,0,30288,60,Married,2,Rent,327,0.34547548991886157,1,1,0.036177977208431446,0,Debt Consolidation,0,20,24,434,11892,88295,78197,1250.0,0.9150670610378309,4,10098,0.27128800000000003,0.255393347608879,898.5951658219961,0.9804761326575968,0,52.0
2040-12-25,31,62717,548,Employed,Bachelor,11,20865,108,Divorced,4,Rent,363,0.38279488749951185,1,2,0.24937031065814477,0,Home,0,31,24,4009,4605,15770,7290,5226.416666666667,0.791738610317773,6,8480,0.291865,0.2524545024941928,490.7572856210088,0.16335423294245746,0,52.0
2040-12-26,41,46404,540,Employed,Bachelor,16,32591,36,Married,0,Mortgage,320,0.30514315224746785,3,0,0.1305601178284002,0,Home,0,23,8,5365,6072,54061,5594,3867.0,0.6680720185183673,5,48467,0.247591,0.25469598828911066,1303.920668432978,0.4199432812084246,0,52.0
2040-12-27,39,45111,578,Employed,Bachelor,13,17136,60,Married,2,Own,569,0.3687398313645133,7,2,0.41208996610584026,0,Home,0,26,6,9396,1486,10882,42653,3759.25,0.8368640062555398,7,7435,0.233136,0.22450288255812265,477.67523886793646,0.278426611390021,0,59.0
2040-12-28,26,30458,515,Employed,Bachelor,8,43616,60,Divorced,2,Rent,295,0.6038884001025234,3,0,0.19931045576828507,0,Home,0,21,26,5969,1089,126586,35588,2538.1666666666665,0.8150426799038738,6,90998,0.291116,0.31314331518540983,1446.5393136068792,0.6861406449301514,0,51.0
2040-12-29,46,56223,618,Employed,Associate,28,17872,72,Married,1,Mortgage,655,0.28885233603629284,4,1,0.29545040225173425,0,Auto,0,17,9,573,3525,317450,19722,4685.25,0.8363545762161294,4,297728,0.22387200000000002,0.23678920854468802,467.0357646400856,0.2394825814289708,0,44.0
2040-12-30,47,137507,581,Employed,Bachelor,26,19791,12,Single,0,Mortgage,561,0.4417044027562395,2,0,0.24053362354417535,0,Auto,1,31,12,382,1943,116467,7637,11458.916666666666,0.8257908385497488,5,108830,0.19429100000000002,0.1784613740326451,1812.9898531630618,0.20717402196220366,1,42.400000000000006
2040-12-31,47,152528,581,Employed,High School,26,17371,36,Single,2,Rent,129,0.07172645353265411,4,0,0.4842775200720895,0,Home,0,20,18,1301,351,46069,60492,12710.666666666666,0.8096261417712436,2,1375,0.211871,0.18867735576039882,635.5906805426325,0.06015346799611606,1,42.400000000000006
2041-01-01,50,42994,497,Employed,High School,25,12963,72,Single,3,Mortgage,385,0.14252819465958885,4,0,0.28602408189860834,0,Debt Consolidation,0,30,6,4347,345,146371,50692,3582.8333333333335,0.9125329828497059,5,95679,0.279463,0.2616032126555313,358.4726470470559,0.20750969355176702,0,52.0
2041-01-02,21,17728,376,Unemployed,Bachelor,0,39736,72,Married,0,Own,331,0.44097620079912175,3,3,0.27927803756426806,0,Other,0,28,14,5776,199,104373,53093,1477.3333333333333,0.7721344627619722,4,51280,0.366736,0.3651342206584473,1367.0279798595557,1.1493871704825513,0,56.0
2041-01-03,55,97955,621,Employed,Master,34,27707,12,Married,2,Own,198,0.4410299486338635,8,1,0.5909723430192366,0,Home,0,22,6,37765,165,41654,6159,8162.916666666667,0.8868468162458153,7,35495,0.18220700000000004,0.1814016264759924,2542.026132705146,0.33566753705744223,1,45.6
2041-01-04,44,43054,585,Employed,Bachelor,22,25873,48,Single,0,Mortgage,341,0.2976213843875236,6,1,0.34330988391675427,0,Education,0,27,15,285,925,64156,2611,3587.8333333333335,0.8976280880801683,3,61545,0.22837300000000002,0.21345415981698726,805.9900784265722,0.31968878480788926,0,53.0
2041-01-05,18,43656,548,Unemployed,Associate,0,6886,48,Single,1,Mortgage,295,0.11739406448720235,3,1,0.15182116843498472,0,Other,0,28,17,9479,605,138062,12265,3638.0,0.8837600419165451,7,125797,0.227886,0.19232055568101242,206.73637385150406,0.13791544086077626,1,39.2
2041-01-06,29,41625,522,Employed,Associate,7,33158,72,Married,2,Rent,207,0.13438855744162595,4,2,0.21252585023253867,0,Education,0,17,26,2781,198,31352,11452,3468.75,0.8742957682128897,6,19900,0.287158,0.32031610616582873,1041.3569557396418,0.3598866899429598,0,52.0
2041-01-07,41,67822,562,Self-Employed,Master,19,10357,72,Single,4,Rent,331,0.43463956993861214,5,4,0.34616082105301205,0,Education,0,23,25,10510,363,60390,34460,5651.833333333333,0.9551516581125589,6,25930,0.244357,0.24763330373797812,277.48613561078804,0.10766172668646541,1,46.400000000000006
2041-01-08,44,20133,541,Employed,High School,21,65734,84,Single,0,Rent,643,0.3330953436446063,3,1,0.07454366727606969,0,Auto,0,25,3,2286,1553,51321,13034,1677.75,0.8600332995236489,2,38287,0.320234,0.3243459593009695,1988.3282536028576,1.5683673095531858,0,55.0
2041-01-09,35,46406,544,Unemployed,High School,12,32246,12,Single,0,Other,191,0.3454536461689847,4,1,0.142165174750774,0,Auto,0,20,14,15890,2907,71266,23744,3867.1666666666665,0.9670989142834505,2,47522,0.225246,0.18070982861851342,2957.402485077815,0.8141367456995601,0,54.0
2041-01-10,31,15000,576,Employed,Bachelor,9,23560,12,Married,1,Rent,468,0.09991809290489913,0,1,0.3315636546258322,0,Home,0,26,24,950,3905,21903,15561,1250.0,0.8322503135751153,5,6342,0.20056000000000002,0.22914765157394013,2215.4691020735004,2.1467752816588,0,55.0
2041-01-11,31,64857,532,Employed,Associate,11,11670,48,Single,4,Own,183,0.1254011704924335,5,1,0.10788873522336422,0,Home,0,20,2,1585,1213,77846,7596,5404.75,0.5833857184590787,6,70250,0.24067000000000002,0.25338565692814713,389.1506274954812,0.10586070169674476,0,51.0
2041-01-12,47,42015,598,Employed,High School,26,32730,60,Married,3,Mortgage,309,0.1443826489517111,2,0,0.22566753018410682,0,Home,0,26,19,1739,1346,97646,56306,3501.25,0.8887353447657391,5,41340,0.23873,0.25224535162335926,964.9820623463248,0.36386492319780783,0,52.0
2041-01-13,27,166059,589,Employed,Doctorate,1,58184,36,Single,3,Mortgage,353,0.5823033956549479,1,1,0.2873296051895226,0,Education,0,17,29,1617,671,22680,7377,13838.25,0.8286538787058293,5,15303,0.248684,0.2828130421359259,2415.550183911805,0.20006505041546474,0,51.0
2041-01-14,40,63498,617,Employed,Doctorate,18,34096,60,Married,4,Mortgage,509,0.02136270938686971,1,1,0.24025331717627488,0,Auto,0,34,26,6267,681,11686,3081,5291.5,0.782375090735606,6,8605,0.23059600000000002,0.2747545156592582,1050.8433238805937,0.2947828260191994,0,48.0
2041-01-15,46,114901,554,Employed,Associate,26,32992,36,Married,4,Rent,1040,0.29075032338935103,3,1,0.683966093695023,0,Auto,0,24,4,11680,1078,135353,20160,9575.083333333334,0.7914041564083262,4,115193,0.24099199999999998,0.25845154632078654,1326.5482832885739,0.24715693857723503,0,56.0
2041-01-16,38,18919,584,Employed,Associate,18,18993,120,Single,3,Mortgage,357,0.2591123696730481,2,1,0.4294135818369051,0,Home,0,16,17,1760,1355,45852,11768,1576.5833333333333,0.8895525183277847,5,34084,0.28199300000000005,0.2910465877483335,488.1747893529242,0.5360799974752942,0,58.0
2041-01-17,25,55657,490,Unemployed,High School,3,17717,60,Divorced,3,Rent,524,0.11549838955910946,1,2,0.30121542091319514,0,Other,0,25,27,5026,1738,196893,14891,4638.083333333333,0.8475999049152234,6,182002,0.277717,0.26420331315042467,534.8729579784,0.22829968370089654,0,52.0
2041-01-18,53,48867,607,Unemployed,Bachelor,30,18612,36,Married,2,Rent,521,0.3685555008030143,1,1,0.33454879627574363,0,Debt Consolidation,0,29,14,2201,1537,193425,7488,4072.25,0.6006767129890538,8,185937,0.20011199999999998,0.1772414845904511,670.2956472223348,0.2925399096868647,0,51.0
2041-01-19,35,114061,559,Employed,Doctorate,12,34524,72,Divorced,1,Rent,526,0.4981587536084826,3,1,0.15152526884480413,0,Education,0,22,15,4932,799,16474,19751,9505.083333333334,0.9496428309590333,8,6080,0.270024,0.23445717017175843,897.3261457020262,0.14974367880716732,1,40.0
2041-01-20,33,39064,572,Self-Employed,High School,8,12708,60,Single,2,Own,421,0.24773839849535093,4,0,0.2997595254522985,0,Education,0,28,20,8212,1475,32135,8498,3255.3333333333335,0.43898748648318214,7,23637,0.23170800000000003,0.2320856597655246,359.7689361926111,0.2398430072268926,0,56.0
2041-01-21,21,72496,616,Employed,Bachelor,0,20852,24,Widowed,5,Other,437,0.09194654160031371,2,4,0.21531759244013707,0,Auto,0,23,14,4079,3135,41634,25431,6041.333333333333,0.8384195280933469,4,16203,0.18785200000000002,0.19516842012323127,1056.3640333796093,0.24719113331156634,0,48.0
2041-01-22,49,74240,602,Employed,Bachelor,26,17027,60,Single,3,Mortgage,563,0.22317767593781762,2,0,0.3728114575566734,0,Education,0,20,18,2970,2801,66136,57566,6186.666666666667,0.6757060065167707,1,8570,0.22102699999999997,0.2051220777522432,455.97775495100666,0.16470545608044287,1,40.800000000000004
2041-01-23,18,15000,495,Employed,High School,0,20337,24,Married,4,Own,259,0.1237817668680213,4,1,0.24803798107284883,0,Auto,0,33,28,5019,1544,98837,29593,1250.0,0.8135696565076068,6,69244,0.24783699999999997,0.23234057839607272,1067.4806216657662,1.061184497332613,0,51.0
2041-01-24,79,46537,634,Employed,Doctorate,55,9452,48,Married,2,Other,594,0.4982479333218794,7,2,0.1764092173121503,0,Other,0,19,23,7678,1308,22424,9676,3878.0833333333335,0.8873925196844458,3,12748,0.187452,0.1880916760626283,281.6649848681028,0.22579839307254945,0,49.0
2041-01-25,25,15000,533,Employed,Associate,5,23666,36,Married,3,Own,202,0.5438665267183249,3,1,0.10257837172706961,0,Other,0,27,13,20066,4321,63437,117309,1250.0,0.7175319869427806,5,4984,0.242166,0.2255154116549733,910.5818236102235,0.8900654588881789,0,53.0
2041-01-26,22,49830,591,Self-Employed,Master,0,25020,24,Single,0,Rent,335,0.5936158512114308,3,5,0.4986844203909237,0,Home,0,20,3,1477,832,23428,14012,4152.5,0.7546542716377211,8,9416,0.20452,0.1939039716472554,1265.9743619477379,0.38554469884352505,0,64.0
2041-01-27,32,16046,464,Unemployed,Associate,10,18060,108,Married,0,Rent,428,0.14766430142987336,4,1,0.12364723272228992,0,Debt Consolidation,0,22,5,3071,1239,67452,49708,1337.1666666666667,0.8601140688160331,5,17744,0.33106,0.33579133905999453,532.3910941720621,0.718228413938972,0,56.0
2041-01-28,39,79356,529,Self-Employed,Doctorate,21,24648,36,Single,1,Rent,219,0.07091495770592733,3,1,0.23128225627679708,0,Home,0,19,6,4479,1210,93894,30468,6613.0,0.8368304319336888,8,63426,0.245148,0.19611840000000003,911.1404574984145,0.17089678776628073,1,43.2
2041-01-29,45,68550,633,Employed,High School,21,13090,36,Single,0,Own,177,0.26947213050128144,4,2,0.07566427005279344,0,Education,0,23,25,2449,239,200952,12630,5712.5,0.6792875893219769,5,188322,0.18159,0.15886772701446483,459.47415888221025,0.1114177958655948,1,34.4
2041-01-30,28,61890,616,Employed,Associate,7,36415,72,Single,0,Mortgage,393,0.3792762025924491,7,3,0.4844735465087263,0,Debt Consolidation,1,23,16,1301,801,243950,14146,5157.5,0.8788685017048458,3,229804,0.24341500000000002,0.29174883732886403,1076.2183041098342,0.2848702480096625,0,55.0
2041-01-31,34,60753,556,Employed,Master,13,21116,60,Divorced,2,Mortgage,581,0.08433862371202691,2,2,0.3487949163565395,0,Home,0,20,11,5752,343,54033,7761,5062.75,0.8177807217504778,4,46272,0.248116,0.2692579129437646,643.8477300237894,0.24193328329935102,0,53.0
2041-02-01,43,102193,602,Employed,Bachelor,19,28839,60,Widowed,2,Mortgage,331,0.14122893011506046,1,1,0.46152341032210065,0,Other,0,29,19,656,3063,148894,1645,8516.083333333334,0.5972818800644335,5,147249,0.23283900000000002,0.18627120000000003,742.1950326939944,0.12601978993011198,1,37.6
2041-02-02,36,71090,570,Employed,High School,13,45706,84,Married,2,Rent,440,0.3399721192114367,2,0,0.12351613018397739,0,Other,1,23,9,5955,8858,43806,16875,5924.166666666667,0.4777688119982907,1,26931,0.285706,0.2696283977586222,1214.8640735741533,0.27934124184681164,0,57.0
2041-02-03,56,196150,657,Employed,Bachelor,36,31466,48,Single,0,Mortgage,1078,0.43517587454841666,4,2,0.4373388581487484,0,Home,1,25,7,5164,3559,232994,12299,16345.833333333334,0.9702332366830417,5,220695,0.197966,0.18105762410003198,926.053629775976,0.12260333192613668,1,41.6
2041-02-04,34,67677,502,Employed,Master,9,41088,36,Married,2,Mortgage,454,0.39704668689224426,7,0,0.3332573876747072,0,Auto,0,28,18,5008,1174,35276,44174,5639.75,0.7325887753427809,5,1499,0.275088,0.3089462760832073,1764.4445889568476,0.39335867528823937,0,54.0
2041-02-05,31,34805,516,Unemployed,Associate,12,20373,36,Divorced,0,Rent,362,0.26747873303124176,4,0,0.04674017926854038,0,Home,0,23,5,8671,419,79039,39053,2900.4166666666665,0.779162541454773,5,39986,0.247373,0.2831505514650888,846.1718517538492,0.41655113406252525,0,56.0
2041-02-06,28,57070,462,Employed,High School,5,15000,48,Single,3,Mortgage,379,0.49281964859702865,5,1,0.045147616244220964,0,Education,0,19,24,325,321,44241,33733,4755.833333333333,0.8275844259655282,4,10508,0.27899999999999997,0.2608388811643841,506.46779955664107,0.18618562457823187,0,51.0
2041-02-07,33,63136,510,Employed,High School,8,13244,36,Single,2,Own,547,0.4541534380099348,2,0,0.6682609003897942,0,Debt Consolidation,1,26,13,2202,847,35661,26129,5261.333333333333,0.9085691796975509,4,9532,0.24324400000000002,0.2363723614810603,517.0806497682149,0.20224543520683255,0,65.0
2041-02-08,27,99018,523,Employed,Master,3,45136,36,Divorced,1,Mortgage,713,0.1894871963961786,4,5,0.6640301040367332,0,Debt Consolidation,0,33,3,3969,2522,7150,31684,8251.5,0.946251332675468,7,4954,0.268636,0.2806286607263863,1868.520211579633,0.31285465813241625,0,59.0
2041-02-09,30,27370,568,Employed,Associate,9,26798,72,Married,3,Mortgage,401,0.2571868938618134,3,3,0.29288347656915065,0,Debt Consolidation,0,27,29,2802,671,116142,7881,2280.8333333333335,0.7291722107688827,4,108261,0.25779799999999997,0.24038913197877793,706.1395761376197,0.4854101174151055,0,50.0
2041-02-10,43,18157,593,Employed,Associate,19,36129,12,Married,3,Own,326,0.22158282369574522,4,0,0.19441101684606146,0,Home,0,21,17,1324,4332,105828,192209,1513.0833333333333,0.8381397668502945,3,2792,0.204629,0.20123972560250053,3348.9360788591575,2.428773087311224,0,52.0
2041-02-11,56,85828,660,Employed,Master,35,79872,96,Single,0,Mortgage,543,0.05287568212614421,3,2,0.29819013731021055,0,Education,0,21,8,33434,4863,171916,8430,7152.333333333333,0.7995964240046405,8,163486,0.284872,0.2915343082311699,2155.6252180769748,0.37730696995064195,0,41.0
2041-02-12,48,117119,623,Employed,Bachelor,25,51040,60,Married,1,Own,229,0.5581999778992806,2,5,0.26920802352099793,0,Debt Consolidation,0,24,2,4530,527,190252,7315,9759.916666666666,0.715445987440738,5,182937,0.24454000000000004,0.2366355634462047,1458.3665984904703,0.17288739813254592,0,49.0
2041-02-13,35,36886,516,Employed,Associate,11,8855,48,Married,3,Rent,984,0.23273469286561788,3,1,0.3567979988496959,0,Home,0,26,8,3415,1019,101469,7786,3073.8333333333335,0.7780531291108279,8,93683,0.24585500000000002,0.24350979097702263,290.410107286512,0.41459961197847806,0,54.0
2041-02-14,41,48458,594,Employed,Bachelor,14,22558,72,Married,0,Mortgage,491,0.09531616960095565,3,0,0.07966134518508436,0,Education,0,26,27,8104,174,62815,4129,4038.1666666666665,0.7887768258472113,4,58686,0.240558,0.24049249581069918,594.5552472926254,0.2688237848757998,0,48.0
2041-02-15,52,44447,610,Employed,High School,29,18301,48,Single,4,Rent,287,0.058865042578666545,5,2,0.4426516919537906,0,Debt Consolidation,0,20,20,4708,1414,73587,11509,3703.9166666666665,0.7171063128046894,4,62078,0.20830100000000001,0.1993233642511399,556.2465089532019,0.22766346676802535,0,51.0
2041-02-16,42,17710,560,Employed,High School,17,23174,60,Single,2,Mortgage,280,0.23786597511499608,3,1,0.41285950629867807,0,Debt Consolidation,0,22,9,9465,2856,44838,18317,1475.8333333333333,0.7438690979211745,5,26521,0.248174,0.2415505728390557,668.756160249327,0.6428613169391262,0,59.0
2041-02-17,51,52059,607,Employed,Bachelor,27,11812,60,Married,2,Rent,248,0.2360949756941369,1,1,0.12899191288804804,0,Home,0,20,14,5532,14233,84745,10751,4338.25,0.936666565547735,3,73994,0.213312,0.20128190080515326,313.7888641679412,0.12949665514157582,1,36.0
2041-02-18,47,77154,596,Employed,High School,24,24833,72,Married,1,Other,651,0.0662177340069606,2,1,0.1020750982753257,0,Education,0,23,23,5534,399,259187,54285,6429.5,0.7712431032554113,8,204902,0.241833,0.2741297763530757,706.1636760668382,0.21108385971954868,0,45.0
2041-02-19,38,22283,605,Employed,Bachelor,18,30124,12,Single,2,Rent,751,0.2905010133768124,2,0,0.22593808948274735,0,Debt Consolidation,0,25,10,682,619,71426,41392,1856.9166666666667,0.7183388142705104,8,30034,0.19262400000000002,0.1986014434171103,2788.5059109099097,1.9061199538176599,0,51.0
2041-02-20,18,41495,438,Employed,Associate,0,20859,120,Single,3,Rent,228,0.2353132904843043,3,2,0.06359235605276595,0,Other,0,26,9,5991,810,130421,13069,3457.9166666666665,0.8913576441332323,11,117352,0.35685900000000004,0.3437342413744856,618.360334833309,0.24476018840823494,0,48.0
2041-02-21,26,90820,550,Employed,High School,7,22415,108,Divorced,1,Other,538,0.4137553727640501,4,0,0.3260476969845525,0,Education,0,30,2,5319,253,79432,105724,7568.333333333333,0.8260877551738033,5,9178,0.292415,0.2602718053197116,539.3030135291525,0.14234349441037028,0,58.0
2041-02-22,33,27319,537,Self-Employed,Bachelor,7,21632,36,Single,1,Rent,440,0.45490905691345135,0,3,0.39752322108063576,0,Home,0,24,23,747,3403,45981,69835,2276.5833333333335,0.8007390761931092,2,7051,0.23813199999999998,0.2504508626242701,860.6004650783382,0.571294907607894,0,60.0
2041-02-23,49,42553,549,Employed,Bachelor,28,40403,72,Single,0,Mortgage,514,0.049645554292544525,3,1,0.371459827604075,0,Home,0,23,3,1763,265,58701,31270,3546.0833333333335,0.797441475022693,10,27431,0.280903,0.29257728537418565,1196.2228975129628,0.4822850273812787,0,57.0
2041-02-24,42,18391,477,Employed,Master,20,18557,36,Married,0,Rent,290,0.4051562324362344,4,0,0.27239116665037943,0,Debt Consolidation,0,14,17,9622,395,58650,29430,1532.5833333333333,0.9351681844210494,7,29220,0.265057,0.24457614225315774,732.5102497443473,0.6671808491616643,0,55.0
2041-02-25,27,15000,543,Employed,Associate,6,12270,36,Married,3,Own,253,0.2604567434206853,6,2,0.18191335803040726,0,Debt Consolidation,0,14,4,5190,1202,164566,22667,1250.0,0.7037049724756614,4,141899,0.22577,0.270924,501.5338285874431,0.6036270628699545,0,51.0
2041-02-26,32,44048,452,Employed,Associate,7,25834,36,Married,0,Mortgage,297,0.33973154072713785,2,0,0.42454819063222277,0,Auto,0,30,10,2109,1459,231176,10630,3670.6666666666665,0.6739540328215615,8,220546,0.28483400000000003,0.30377368968881346,1102.0405420224063,0.3811407215825662,0,53.0
2041-02-27,68,70880,598,Employed,Bachelor,42,19985,60,Married,1,Own,380,0.4860569670736314,4,0,0.1625502714893058,0,Auto,0,23,13,1652,629,142248,40430,5906.666666666667,0.8601376360471275,6,101818,0.225985,0.2447527621766499,580.4542379064874,0.16260511928439403,0,47.0
2041-02-28,22,84020,602,Employed,Associate,0,26484,36,Divorced,2,Mortgage,471,0.3481714925107776,4,0,0.18306069482885554,0,Auto,1,29,16,7418,7422,36002,2981,7001.666666666667,0.7237509166910286,1,33021,0.210484,0.2184020176545337,1009.2478831315617,0.21141364672195595,0,52.0
2041-03-01,46,52980,621,Employed,High School,21,23983,60,Single,0,Other,580,0.18795063768388423,3,0,0.4155838132924953,0,Home,0,25,8,1433,1079,10136,53767,4415.0,0.49093792054453034,6,6937,0.21848300000000004,0.20929747984001468,647.8733144368016,0.27811400100493805,0,53.0
2041-03-02,34,72129,562,Self-Employed,High School,12,10992,108,Married,1,Other,505,0.1495715095418039,6,1,0.21057555575287953,0,Auto,0,20,26,10496,19716,124359,5321,6010.75,0.92072261555467,5,119038,0.274992,0.2522912846581765,258.41517280590483,0.12700830558680778,1,40.0
2041-03-03,33,34216,559,Employed,High School,8,29104,84,Married,3,Own,480,0.39209673189527094,4,0,0.3974874048722392,0,Debt Consolidation,0,23,20,12678,641,41927,33751,2851.3333333333335,0.912566044658011,7,8176,0.27460399999999996,0.22051902019957992,682.7217520299209,0.4077817694750716,0,55.0
2041-03-04,50,80645,577,Employed,High School,29,13845,96,Single,1,Own,647,0.5749403143875715,2,2,0.07410569300450955,0,Other,0,18,26,1716,489,151752,6228,6720.416666666667,0.8207260387692956,4,145524,0.260345,0.2672501005787876,350.6605641868156,0.14845218885537587,1,36.800000000000004
2041-03-05,41,28242,537,Unemployed,Bachelor,15,14698,60,Married,0,Mortgage,339,0.16556127139867685,4,1,0.324168811511441,0,Auto,0,20,26,1688,421,320859,29842,2353.5,0.8963807924912428,6,291017,0.251198,0.20478004538660133,393.3266148567362,0.3111649096480715,1,41.6
2041-03-06,43,47101,562,Employed,High School,22,33924,60,Married,3,Other,509,0.3765827369385065,4,1,0.0993765834531078,0,Home,0,27,12,13825,475,29369,437367,3925.0833333333335,0.6917423433695966,6,6066,0.257924,0.23220905388213892,960.6440414194454,0.3744236533626323,0,51.0
2041-03-07,42,155343,602,Self-Employed,Master,24,15516,36,Widowed,2,Rent,567,0.20136968160007665,1,0,0.048354123347161396,0,Other,0,21,28,2887,238,36931,19433,12945.25,0.5806479710656488,2,17498,0.199516,0.19197115917715843,570.3023367782195,0.08785479900181296,1,38.400000000000006
2041-03-08,41,43477,574,Employed,Bachelor,16,13973,84,Married,0,Own,663,0.3777140495090401,2,1,0.3497688418785381,0,Other,0,16,4,5633,1132,134456,12188,3623.0833333333335,0.6780740874235895,13,122268,0.251973,0.23048704485923727,336.4368668655589,0.2758525749795686,0,54.0
2041-03-09,31,53834,609,Employed,High School,10,31565,36,Married,0,Own,426,0.26216836754689166,4,1,0.270332038647846,1,Debt Consolidation,1,34,29,4423,232,113824,21471,4486.166666666667,0.7165992297422163,3,92353,0.212065,0.17605970058134277,1134.9207768647727,0.34794087978558663,0,65.0
2041-03-10,49,126739,611,Employed,Bachelor,24,23635,60,Married,1,Other,181,0.39526123154431625,0,1,0.6373004938969818,0,Auto,1,33,25,2594,92,124915,50456,10561.583333333334,0.9211769609113931,4,74459,0.22313499999999997,0.248801224636562,692.0584457439797,0.08266359485973344,1,45.6
2041-03-11,43,30423,559,Self-Employed,High School,19,39136,36,Married,1,Rent,338,0.41863641814621977,5,2,0.12512338505428383,0,Auto,0,25,4,1486,1660,58851,6361,2535.25,0.8048513046768729,2,52490,0.244636,0.24003809052027347,1535.4951909556812,0.7389784798168548,0,56.0
2041-03-12,32,27361,548,Employed,Associate,8,14612,72,Married,1,Mortgage,181,0.27215646415033157,4,0,0.2830924856672106,1,Auto,0,22,10,5898,354,10404,16849,2280.0833333333335,0.8085756192546213,6,9996,0.255612,0.21507873237785338,362.8867568490027,0.238538104681409,0,66.0
2041-03-13,34,137521,470,Employed,Associate,9,12191,24,Married,2,Mortgage,457,0.24657323060164285,3,1,0.24901096905266734,0,Debt Consolidation,0,13,3,2708,424,37544,25620,11460.083333333334,0.6284037064319383,5,11924,0.252191,0.2734691135718571,665.0953440650819,0.09791336689509952,1,42.400000000000006
2041-03-14,21,24476,593,Self-Employed,Bachelor,0,59668,60,Widowed,3,Own,236,0.3503341226547204,2,2,0.17939341222122426,0,Auto,1,21,25,5168,1817,172765,352217,2039.6666666666667,0.811613238826311,4,3621,0.268168,0.3128218123155865,1977.7176711314855,1.085333063146667,0,61.0
2041-03-15,18,35205,566,Self-Employed,Master,0,8508,60,Married,1,Rent,498,0.14433119143107995,3,0,0.33577901332638493,0,Other,0,20,2,1981,6132,26790,10810,2933.75,0.9132173498571587,8,15980,0.230508,0.22647572316385303,238.12493991926397,0.2509160425800644,0,61.0
2041-03-16,43,63523,641,Employed,Bachelor,24,20130,60,Widowed,1,Mortgage,182,0.12819652441128412,4,3,0.2034808698471649,0,Other,0,34,7,3031,3921,56675,9470,5293.583333333333,0.699501581399727,5,47205,0.20463000000000003,0.1988899940580283,532.0793634725636,0.1348952719750447,1,39.2
2041-03-17,35,55973,581,Employed,Associate,14,13467,24,Married,0,Own,250,0.09165171448976628,3,1,0.6766599232617372,0,Debt Consolidation,0,27,20,528,985,68817,45412,4664.416666666667,0.8403731640876416,6,23405,0.197967,0.19755796394219727,683.8082591219888,0.20019829398931388,1,45.6
2041-03-18,26,28086,585,Employed,High School,3,15655,12,Married,2,Mortgage,256,0.016900624985669133,4,3,0.5418715468311679,0,Debt Consolidation,0,31,22,1159,2579,252470,3950,2340.5,0.7813144868694737,5,248520,0.18815500000000002,0.22026073111029698,1465.4164642680016,0.7354909054766082,0,55.0
2041-03-19,49,124514,650,Self-Employed,Bachelor,29,26920,48,Divorced,2,Mortgage,444,0.8608125824094641,2,0,0.634065493124455,0,Home,0,24,11,1872,813,180664,14112,10376.166666666666,0.8652959808914067,10,166552,0.19692,0.23630400000000001,872.1499765000074,0.1268435655267688,1,41.6
2041-03-20,23,26289,576,Self-Employed,Associate,1,15664,108,Married,2,Mortgage,220,0.28781477693188123,10,0,0.29113991500307695,0,Auto,0,39,4,9923,3524,123074,43013,2190.75,0.8019640800792361,9,80061,0.272664,0.25787218169622506,374.273854216201,0.2712650253183618,0,58.0
2041-03-21,23,52906,572,Unemployed,Bachelor,0,58758,72,Single,2,Rent,227,0.43345548929821154,2,0,0.3815035175640558,0,Debt Consolidation,0,34,16,3897,350,53439,233284,4408.833333333333,0.682727681868087,2,7075,0.287758,0.3204133653244926,1845.7232323221747,0.4701296410211715,0,58.0
2041-03-22,55,84815,533,Employed,Bachelor,35,24497,24,Married,3,Own,425,0.3803970780232958,2,0,0.2550881684181185,0,Auto,0,24,8,412,945,72985,86309,7067.916666666667,0.9948385877848561,9,10515,0.23299699999999998,0.23399714084923126,1287.855400469427,0.24234233102202585,0,52.0
2041-03-23,50,28966,605,Employed,High School,30,18467,36,Single,1,Mortgage,219,0.2736959293822115,6,3,0.39520426062132885,0,Home,0,17,14,5484,198,98458,3104,2413.8333333333335,0.8849555144330324,6,95354,0.200967,0.18861027117956441,675.6298542941842,0.3706261911044055,0,51.0
2041-03-24,39,24296,593,Employed,High School,18,14769,48,Divorced,3,Rent,383,0.2455242281357232,2,2,0.08425227294802487,0,Education,0,28,9,739,1377,123495,7754,2024.6666666666667,0.9066679522686089,6,115741,0.21326900000000001,0.21762634695726346,463.41215101640205,0.4180501239791251,0,49.0
2041-03-25,63,67337,615,Employed,Bachelor,40,20864,48,Married,0,Rent,605,0.3761389433667881,3,0,0.29288800381518426,0,Auto,0,18,19,2083,1049,85299,24283,5611.416666666667,0.9301896937848181,5,61016,0.208364,0.23166436483132435,670.6258879400359,0.22732688797066145,0,47.0
2041-03-26,44,170462,581,Employed,Bachelor,20,18827,60,Married,0,Rent,379,0.6624444295505844,3,2,0.1729735434254381,0,Debt Consolidation,0,27,3,1697,1504,30951,15272,14205.166666666666,0.6931331893648752,6,15679,0.233327,0.2277526015494992,528.3138481876254,0.06387210157250006,1,42.400000000000006
2041-03-27,62,64973,517,Employed,Bachelor,38,26634,24,Single,1,Rent,353,0.342042537347531,2,1,0.06039419781052279,0,Debt Consolidation,0,22,12,3951,409,13342,15639,5414.416666666667,0.7308777398981057,6,2686,0.243134,0.25878784836041424,1433.2674438287875,0.3299094904952126,0,50.0
2041-03-28,36,21048,447,Employed,Master,10,29873,84,Married,2,Own,412,0.13788190847066104,3,1,0.5140893350100084,0,Other,0,29,1,2598,1926,31206,11865,1754.0,0.830296372327438,7,19341,0.33137300000000003,0.33991245003859044,935.7557859757845,0.768389843771827,0,63.0
2041-03-29,28,20462,498,Employed,High School,6,16564,24,Single,1,Mortgage,312,0.35885352855820857,2,2,0.12881260046204873,0,Education,0,21,27,1769,1481,51654,14172,1705.1666666666667,0.9073745649318509,5,37482,0.24256399999999997,0.23206071504745673,869.2070132955523,0.6927223223314743,0,52.0
2041-03-30,31,26887,572,Employed,High School,8,24522,60,Married,1,Mortgage,285,0.2843847507651857,2,0,0.26215224782519697,0,Home,0,29,26,1571,885,37703,68729,2240.5833333333335,0.747704494448038,6,7051,0.24352200000000002,0.23364261260123456,696.4283942675845,0.4380236073645633,0,54.0
2041-03-31,31,50074,593,Employed,Bachelor,10,16175,96,Single,0,Own,652,0.1837555715331497,0,2,0.4601279650046988,0,Home,0,22,7,3225,1011,19883,6723,4172.833333333333,0.6655640843712526,8,13160,0.254675,0.25852961184299683,400.1867626675985,0.25215163861507334,0,56.0
2041-04-01,45,60293,500,Employed,Associate,24,49352,36,Married,0,Mortgage,337,0.4702873490189638,4,0,0.6406457075193094,0,Other,0,18,29,6509,532,19936,86365,5024.416666666667,0.6176703482887859,6,6740,0.28435199999999994,0.2786241012618077,2037.7090267883852,0.4726337770796049,0,59.0
2041-04-02,33,17665,572,Employed,Bachelor,12,6192,36,Single,0,Mortgage,887,0.15826219952569714,3,0,0.3258513703622842,0,Debt Consolidation,0,26,18,2191,3413,21821,30050,1472.0833333333333,0.7467701116314281,9,8673,0.205192,0.23210605385615715,240.37081064076813,0.7658335537893698,0,55.0
2041-04-03,53,90328,638,Employed,Bachelor,32,43141,84,Married,1,Mortgage,740,0.22355244474096392,1,1,0.19875697321568023,0,Auto,0,22,18,1346,3399,8287,11384,7527.333333333333,0.8324933668194857,4,8920,0.249141,0.266590503021855,1138.1435281676645,0.24950981243924336,0,46.0
2041-04-04,30,15000,622,Employed,Bachelor,8,17193,24,Single,0,Rent,475,0.019648463007149838,2,1,0.32951600206769954,0,Debt Consolidation,1,18,24,3178,523,150286,43873,1250.0,0.9110926095277205,5,106413,0.18119300000000002,0.17519626455382137,854.3598034888485,1.0634878427910788,0,54.0
2041-04-05,43,44138,529,Employed,High School,21,21688,60,Married,2,Rent,382,0.38160670245293915,5,1,0.13954008285954908,0,Other,0,18,3,1344,2865,78127,13608,3678.1666666666665,0.9791552758394105,6,64519,0.262188,0.2097504,586.4287951669805,0.26329116729357394,0,52.0
2041-04-06,27,59498,494,Employed,Associate,3,22390,84,Married,0,Own,644,0.23284885989557053,4,1,0.22398150639350217,0,Other,0,30,20,4382,10676,105280,12510,4958.166666666667,0.9234373620445309,4,92770,0.30039,0.31158783614447394,657.73601146763,0.2625438189117543,0,50.0
2041-04-07,30,45328,505,Employed,High School,9,6494,96,Married,2,Mortgage,233,0.24199400994492135,6,0,0.10002456680144013,0,Auto,0,25,19,4639,1127,89230,15521,3777.3333333333335,0.8083595756165309,6,73709,0.288994,0.3453458709268664,200.01625997949378,0.11463543769312401,0,49.0
2041-04-08,52,44471,473,Employed,Bachelor,31,13405,36,Single,3,Mortgage,273,0.2994784699437796,3,0,0.45848016928537916,0,Debt Consolidation,0,26,3,29198,320,29518,42734,3705.9166666666665,0.9479070734599662,6,10292,0.261905,0.2797995776800134,554.3337548488751,0.223246723891671,0,60.0
2041-04-09,61,61612,579,Employed,Bachelor,39,39596,24,Divorced,2,Rent,472,0.4270500039276678,1,1,0.1813435062066329,0,Other,0,34,19,5281,502,29441,13399,5134.333333333333,0.9262649235686113,4,16042,0.225096,0.2488657985022262,2111.04609636054,0.5030927929027865,0,51.0
2041-04-10,34,39489,530,Employed,High School,10,34038,60,Married,1,Rent,313,0.3489103722588501,0,2,0.2260610198275863,0,Debt Consolidation,0,24,24,6313,3115,38459,19494,3290.75,0.9176395640969861,6,18965,0.274038,0.2980516073624034,1097.1747960536595,0.4285268695749174,0,53.0
2041-04-11,40,54647,638,Unemployed,Associate,19,11191,36,Married,0,Own,480,0.10647550561282107,1,0,0.027205654861792126,0,Other,0,37,16,809,478,34609,2379,4553.916666666667,0.9543302990102355,2,32230,0.17719100000000002,0.18145791623822483,405.4003965944922,0.1944261306043132,0,49.0
2041-04-12,32,60448,640,Employed,Bachelor,10,14612,36,Single,0,Mortgage,248,0.22665296172280816,4,2,0.14891445634385753,0,Debt Consolidation,0,14,27,1239,3218,28784,22214,5037.333333333333,0.5771852411007562,3,6570,0.17961200000000002,0.17730597591708439,526.2861565128354,0.1537095334527863,1,37.6
2041-04-13,26,92252,601,Employed,Bachelor,4,21117,60,Single,0,Mortgage,457,0.2370100359158603,4,0,0.32880689454054784,0,Home,0,24,25,1966,5253,42458,90270,7687.666666666667,0.7255902662788701,3,3347,0.225617,0.24454861100358963,613.0812040043545,0.13919453722469163,1,40.0
2041-04-14,49,221651,661,Employed,Master,26,28260,84,Married,1,Mortgage,436,0.15954849713593208,7,0,0.29590426392015434,0,Auto,0,24,26,3444,1250,18291,43998,18470.916666666668,0.7764829298052139,8,10626,0.22276,0.17820800000000003,590.9995201859939,0.055600896193709594,1,34.4
2041-04-15,50,21214,625,Employed,High School,27,25131,24,Divorced,2,Other,578,0.17166095749119434,2,0,0.2371114871394106,0,Debt Consolidation,0,17,2,1310,3752,8297,13394,1767.8333333333333,0.9155081390246972,4,5104,0.18763100000000002,0.19571820726980457,1273.8118182642736,1.0475036211544868,0,54.0
2041-04-16,49,52735,605,Employed,Associate,30,42721,36,Divorced,3,Own,388,0.2140786594539684,3,0,0.13977269160576877,0,Home,0,25,15,2145,9010,29852,9738,4394.583333333333,0.6677698544686909,6,20114,0.225221,0.18093404211321673,1546.4689681598675,0.44019394364119485,0,47.0
2041-04-17,35,52598,504,Employed,Bachelor,17,15311,60,Divorced,2,Rent,426,0.4507523595549756,3,1,0.4982696866623652,0,Education,0,26,17,5023,462,67964,13085,4383.166666666667,0.8540252386224255,5,54879,0.26831099999999997,0.2518526484097801,451.06262329637167,0.20009794059767402,0,55.0
2041-04-18,66,86282,681,Employed,Master,44,18169,48,Single,1,Mortgage,400,0.3485760100086946,1,2,0.5058850548176477,0,Debt Consolidation,1,26,12,2386,1138,19619,34027,7190.166666666667,0.7101285689126537,3,1240,0.17266900000000002,0.16193686440493238,516.7186532659505,0.12749616187839186,1,45.6
2041-04-19,34,172996,631,Employed,Doctorate,13,14655,60,Divorced,1,Own,262,0.6312952515461522,4,0,0.09046949975019003,0,Auto,0,27,22,11993,3869,82184,42629,14416.333333333334,0.8964095971763751,4,39555,0.20415500000000003,0.20624190882769133,393.3751853287107,0.04546060153959934,1,37.6
2041-04-20,18,29554,530,Employed,Bachelor,0,14483,24,Married,1,Own,819,0.15649595167043673,2,1,0.1169627027855161,0,Debt Consolidation,0,40,17,2008,2718,28294,19569,2462.8333333333335,0.8736429481303015,5,8725,0.224483,0.22999220352757996,758.5169852563864,0.640529330144029,0,51.0
2041-04-21,21,45344,577,Employed,Associate,0,16411,12,Single,3,Rent,226,0.1062239043633624,4,1,0.40723050228454505,0,Education,0,19,18,7806,1381,140145,37741,3778.6666666666665,0.6533831240872517,5,102404,0.19291100000000003,0.18500637697046218,1508.4732161372947,0.45901725903421703,0,52.0
2041-04-22,32,46613,589,Employed,High School,12,26246,24,Married,1,Mortgage,571,0.3149143715588733,3,0,0.323264502442511,0,Education,0,30,10,23963,520,102814,38688,3884.4166666666665,0.7492398748127111,10,64126,0.20674599999999999,0.2038856007805706,1340.7984901720256,0.4921713230657608,0,53.0
2041-04-23,32,48917,612,Employed,Bachelor,7,11087,96,Married,0,Rent,169,0.08823351012225963,4,0,0.2167889501593998,0,Home,0,23,3,13090,1920,22743,36210,4076.4166666666665,0.8867031219866424,4,4163,0.240087,0.254411102259985,271.2540296673075,0.10800025259128096,0,52.0
2041-04-24,38,59380,642,Employed,Bachelor,19,22929,84,Married,1,Mortgage,421,0.060575475449671824,1,1,0.3301370688811777,0,Home,0,27,16,2035,2189,97663,54564,4948.333333333333,0.8334991400208109,8,43099,0.22692900000000002,0.24543764831586676,573.6988818645606,0.2010169515388132,0,50.0
2041-04-25,38,42954,647,Unemployed,Master,16,17461,72,Single,1,Mortgage,317,0.19250341057602544,3,0,0.1898525551793796,0,Education,0,24,12,19712,2628,61349,21199,3579.5,0.6846944900096992,2,40150,0.208961,0.2361735775639281,455.6453653976797,0.21585287481427007,0,50.0
2041-04-26,41,86199,610,Employed,Master,19,83316,72,Married,5,Rent,483,0.516414985898496,0,1,0.35940509187328795,0,Education,0,26,24,2317,3636,107350,47863,7183.25,0.8293197422945441,4,59487,0.293316,0.3046572971382819,2531.5605423556894,0.4196652688345372,0,49.0
2041-04-27,50,121206,645,Employed,Bachelor,23,9551,84,Married,1,Mortgage,314,0.45603256888261134,5,3,0.14071903661988688,0,Home,0,24,15,10929,4429,25148,48241,10100.5,0.6525381702423796,3,1890,0.21205100000000002,0.18624465007670216,204.25233117264287,0.051309571919473586,1,36.800000000000004
2041-04-28,39,229080,541,Employed,Doctorate,15,24390,36,Married,0,Rent,635,0.4442613483334812,6,0,0.303313104769272,0,Auto,0,28,17,3214,20471,155124,3899,19090.0,0.8266684567343884,1,151225,0.23889,0.25271008889340146,973.241471832515,0.08424523163082843,1,39.2
2041-04-29,39,44162,648,Employed,Bachelor,17,43869,48,Married,2,Own,235,0.450680738172273,2,0,0.04657487928465375,0,Other,0,29,2,4655,296,50191,57135,3680.1666666666665,0.7467134014946646,6,8264,0.214869,0.2016401232483851,1338.7860546172296,0.427639886223603,0,53.0
2041-04-30,30,31533,595,Employed,High School,6,31831,60,Married,2,Mortgage,221,0.38090984277918477,1,1,0.3994745526371528,0,Auto,0,32,15,9987,1478,11465,11059,2627.75,0.9144951819719068,8,8964,0.23933100000000002,0.2427926257066058,920.8800260858146,0.4345466753252078,0,55.0
2041-05-01,30,71264,547,Employed,Master,6,12527,36,Married,0,Rent,833,0.0783194968194212,2,2,0.21245055109262292,0,Education,1,16,12,3409,959,32771,29844,5938.666666666667,0.8168954596274677,5,2927,0.224027,0.21519602123996306,475.3041584320663,0.22030267598204978,0,57.0
2041-05-02,37,26333,500,Employed,Associate,12,11578,48,Married,1,Rent,597,0.41430337211281726,2,2,0.108098254884722,0,Debt Consolidation,0,21,20,2574,12621,15195,35396,2194.4166666666665,0.8009067896800914,7,7657,0.256578,0.2896474061201999,409.9350442241245,0.4588622842323129,0,53.0
2041-05-03,39,42195,449,Employed,High School,13,31823,72,Single,0,Mortgage,231,0.3454325599113983,1,1,0.4274262508931279,0,Debt Consolidation,0,19,12,1353,379,330029,34844,3516.25,0.9542379613732702,10,295185,0.322323,0.34993276039980137,1062.0686981771423,0.3677408313337056,0,51.0
2041-05-04,52,67613,620,Employed,Associate,29,17049,36,Single,1,Mortgage,150,0.3116344831369693,5,1,0.24844237967876281,0,Education,0,22,19,8586,2731,166196,61533,5634.416666666667,0.7493410375338949,4,104663,0.19204900000000003,0.19515362145356585,629.3997776557152,0.13832838850322543,1,36.0
2041-05-05,37,29931,572,Self-Employed,Bachelor,13,23201,120,Single,0,Mortgage,363,0.09241036330442695,2,3,0.031100609991325686,0,Home,0,21,10,4114,466,20608,74526,2494.25,0.9547123469790074,7,5429,0.29220100000000004,0.35064120000000004,700.0217103787403,0.4261889186644243,0,54.0
2041-05-06,51,36750,568,Employed,Associate,29,21629,48,Divorced,1,Mortgage,554,0.3129168854833418,1,1,0.2608023751806258,0,Home,1,22,11,6874,189,162675,22625,3062.5,0.775787394798565,4,140050,0.232629,0.21913927469457326,680.4346717604074,0.4030807091462555,0,55.0
2041-05-07,62,73389,639,Employed,Bachelor,40,24601,12,Single,4,Other,710,0.08410870303563207,6,2,0.2040577645787522,0,Debt Consolidation,0,22,16,5904,1259,65378,6092,6115.75,0.655872459656586,2,59286,0.17010100000000003,0.15972074586656365,2231.7447481127824,0.4810112820361824,0,46.0
2041-05-08,47,44771,593,Employed,Associate,23,39560,48,Single,1,Mortgage,369,0.0528528561655808,1,0,0.2716661859927496,0,Auto,0,24,29,3501,1647,881629,21039,3730.9166666666665,0.8150202223405746,2,860590,0.23806000000000002,0.2539087568655613,1320.3351426734548,0.4527935876366724,1,35.2
2041-05-09,48,161378,606,Employed,Bachelor,24,37624,60,Divorced,0,Mortgage,199,0.23628663634508398,2,0,0.21135789313894424,0,Debt Consolidation,0,23,12,11737,456,62211,3520,13448.166666666666,0.8676695211333053,6,58691,0.239624,0.23649028036279168,1074.714880792353,0.09471290119785991,1,36.0
2041-05-10,18,46301,586,Self-Employed,Bachelor,0,19359,48,Single,4,Mortgage,552,0.17850118843729446,2,3,0.1421150692667906,0,Home,1,24,24,7032,1202,35296,43635,3858.4166666666665,0.7789682926067318,10,5320,0.221359,0.2511009943904167,643.0781997999476,0.309732800535612,0,59.0
2041-05-11,18,15000,582,Employed,Bachelor,0,23855,24,Married,0,Other,682,0.16696279299131778,2,0,0.2202867176567593,0,Home,0,19,2,1437,251,7661,9412,1250.0,0.7057933629793598,2,8829,0.20785499999999998,0.21020736950255267,1226.0476927934747,1.5264381542347798,0,57.0
2041-05-12,31,36615,540,Employed,Master,9,41432,120,Single,1,Other,220,0.37593127210752625,6,0,0.14353185908400404,1,Home,1,36,12,3400,1762,46054,21882,3051.25,0.9247353173696152,5,24172,0.326432,0.3714555615022394,1316.447972568434,0.5035470618823217,0,69.0
2041-05-13,21,29507,559,Unemployed,Bachelor,0,20871,36,Married,0,Rent,432,0.04747088182435018,2,0,0.4771754337724038,0,Home,0,21,1,4274,1524,47266,44412,2458.9166666666665,0.8714703209235936,3,2854,0.226371,0.20238136233524248,778.1758875385849,0.4921581540130484,0,64.0
2041-05-14,58,74308,527,Employed,High School,36,5785,60,Divorced,3,Mortgage,1041,0.26553582490516775,3,2,0.21629568265190952,0,Home,0,21,1,3201,1039,74702,28994,6192.333333333333,0.7100828417364522,5,45708,0.24728500000000003,0.2446614384735615,167.99159474701136,0.1952400702073012,0,56.0
2041-05-15,33,19065,610,Employed,High School,11,28532,36,Married,2,Mortgage,238,0.2978179173716733,3,0,0.0624394506915804,0,Education,0,22,24,7436,1501,50165,10750,1588.75,0.6627191508706046,7,39415,0.208532,0.20741559742230548,1071.1627420145596,0.8240206086637669,0,49.0
2041-05-16,44,33650,549,Employed,High School,18,32381,84,Divorced,2,Mortgage,286,0.35733678673037517,4,1,0.31115874259315845,0,Auto,0,26,10,9662,582,155195,4774,2804.1666666666665,0.7338904199230138,2,150421,0.282881,0.29398693859304525,912.8123188120179,0.4275110795169158,0,51.0
2041-05-17,20,51503,573,Self-Employed,Bachelor,0,46683,96,Married,0,Own,231,0.2668575491342242,2,1,0.10533373860020198,0,Debt Consolidation,1,18,15,7049,1725,217026,55242,4291.916666666667,0.9624440184763993,6,161784,0.29518300000000003,0.2718032469905216,1196.7634287889457,0.3326633622404005,0,55.0
2041-05-18,40,20646,607,Employed,High School,21,26569,72,Single,5,Rent,375,0.27855846589492533,4,1,0.2655246958158174,0,Home,0,19,7,2633,2466,57296,14680,1720.5,0.7918744175744434,3,42616,0.238069,0.21158207732157083,654.3652178209448,0.5982942271554461,0,52.0
2041-05-19,37,59781,598,Employed,High School,14,40926,24,Divorced,1,Other,235,0.37024787180084895,3,2,0.3530663784272376,0,Home,1,22,5,2626,3913,56129,13758,4981.75,0.678160587999102,2,42371,0.21692599999999998,0.21918475147047953,2121.518064196782,0.47303017297069944,0,62.0
2041-05-20,39,80418,539,Employed,Bachelor,16,16640,48,Married,4,Rent,394,0.27367972430840615,1,1,0.3584242745297381,0,Debt Consolidation,0,29,19,7959,193,17661,22922,6701.5,0.6561550439192666,6,4866,0.24214,0.22563906753619262,529.3685776232481,0.13778535814716827,1,42.400000000000006
2041-05-21,51,59130,616,Employed,Bachelor,29,63803,36,Single,0,Own,400,0.12761316058009003,3,1,0.1100560649425556,0,Other,0,26,8,5403,3393,75306,43193,4927.5,0.7508711012987672,5,32113,0.24080300000000002,0.2380969688265078,2496.802956973446,0.5878849227749255,0,47.0
2041-05-22,44,66721,606,Employed,Bachelor,22,21043,108,Divorced,2,Rent,404,0.14366275714466936,7,0,0.36850705777550896,0,Auto,0,32,10,2997,147,38281,17443,5560.083333333333,0.8787789876289848,2,20838,0.263043,0.2736279289844462,525.8970530940755,0.16724516474766427,0,50.0
2041-05-23,43,112283,574,Employed,High School,21,34271,36,Married,4,Mortgage,439,0.08743921093984833,2,1,0.3216445361632122,0,Auto,0,23,26,1282,305,99611,12234,9356.916666666666,0.5908650246637572,4,87377,0.232271,0.23733014017755674,1339.7495926848778,0.19009997160940245,1,40.0
2041-05-24,55,15000,626,Employed,Associate,32,35692,48,Married,2,Other,465,0.08067155537790216,1,1,0.45005789330553386,0,Home,0,24,2,2386,460,209795,50551,1250.0,0.8379085345119733,5,159244,0.21769200000000002,0.18261908609724947,1053.343562219549,1.2146748497756392,0,54.0
2041-05-25,53,16135,596,Employed,Associate,28,32162,84,Married,3,Other,377,0.02705423168650444,2,1,0.6208514650658055,0,Auto,0,23,9,1446,5753,19433,20369,1344.5833333333333,0.4407681290304062,3,1535,0.259162,0.2073296,728.4575189383169,0.8221561962974776,0,60.0
2041-05-26,26,114344,561,Employed,Associate,1,26218,36,Married,3,Mortgage,527,0.4140144447352829,3,1,0.31072419906995136,0,Home,1,29,24,10797,2147,46487,37561,9528.666666666666,0.5050859539163223,6,8926,0.23071799999999998,0.21622518223551931,996.1646342429879,0.1598507627065334,1,48.0
2041-05-27,26,70839,525,Employed,Bachelor,2,16297,72,Single,5,Other,459,0.235337371122568,1,1,0.2733304477478221,0,Home,0,21,18,6484,419,6903,24634,5903.25,0.8567983455474472,4,9088,0.268797,0.2744801263481931,463.78887686123255,0.15631878657709442,0,52.0
2041-05-28,41,34128,535,Employed,High School,18,33074,60,Married,0,Mortgage,924,0.09382924729634806,3,1,0.2990063436239918,0,Debt Consolidation,0,19,2,3790,1269,123673,15628,2844.0,0.7440291784643032,4,108045,0.270574,0.26367048971394724,997.45071490405,0.6756155818931259,0,52.0
2041-05-29,54,66803,617,Employed,Bachelor,32,24309,36,Widowed,4,Own,664,0.10962355690911642,3,0,0.24578844147976722,0,Debt Consolidation,0,30,17,13160,263,370973,87682,5566.916666666667,0.6789349992522626,2,283291,0.20080900000000002,0.24033563084419368,954.1398514165883,0.29067075156802924,1,33.6
2041-05-30,37,63015,598,Employed,Associate,12,40354,48,Married,3,Mortgage,310,0.34210921908466574,3,2,0.23742901984269096,0,Debt Consolidation,0,26,2,2005,2923,214827,17536,5251.25,0.932019938637787,4,197291,0.236354,0.1890832,1204.6379785547613,0.28843379739200403,0,52.0
2041-05-31,48,94171,592,Employed,Associate,23,26258,48,Married,1,Own,513,0.13643366173806504,2,0,0.20255058727931513,0,Other,0,26,10,4370,7510,44248,15553,7847.583333333333,0.8856734731789454,5,28695,0.225258,0.22644687205061528,836.5041203684359,0.17196429308833114,1,40.0
2041-06-01,37,22457,522,Employed,Master,14,35212,108,Single,0,Mortgage,478,0.3718702080266379,2,1,0.2646604897736487,0,Other,0,28,17,17569,1315,50503,10189,1871.4166666666667,0.6123842089781778,2,40314,0.319212,0.3313057910304681,1026.347978238375,0.8038551782900877,0,54.0
2041-06-02,76,75705,576,Employed,Bachelor,53,23900,12,Single,2,Rent,406,0.42452647307621333,4,1,0.33160007631155225,0,Home,0,23,7,1361,57,162527,217117,6308.75,0.9033859550626467,5,4772,0.20090000000000002,0.22032163212284303,2237.2756457739893,0.4189856383235965,0,56.0
2041-06-03,35,76960,627,Employed,Bachelor,11,21283,60,Married,3,Own,381,0.5701489021601801,5,0,0.16275860121765157,0,Auto,0,28,25,5004,1919,91775,4123,6413.333333333333,0.8421809673337921,5,87652,0.212783,0.22485742410618365,593.706239564743,0.15198122238535494,1,36.800000000000004
2041-06-04,58,43378,627,Employed,Bachelor,36,10012,36,Married,0,Own,350,0.28078054665984464,5,2,0.3590294353500508,0,Auto,0,21,12,2355,2567,27274,41539,3614.8333333333335,0.6956259754338772,10,5916,0.181512,0.1805142422783492,362.21611523734435,0.19702598973784252,1,41.6
2041-06-05,33,94525,617,Employed,Bachelor,8,26079,24,Married,2,Mortgage,816,0.6753153178875886,7,2,0.26321328373568015,0,Home,0,29,28,5430,2226,35106,10055,7877.083333333333,0.857737376069482,6,25051,0.192579,0.19662709442939594,1323.0184853594806,0.27154955645928347,1,40.0
2041-06-06,21,27129,579,Employed,Associate,0,30790,96,Single,1,Own,744,0.1373819877484242,3,2,0.04468399511942857,0,Auto,0,19,14,2482,255,57419,41536,2260.75,0.5092645923545529,3,15883,0.27629000000000004,0.24048997059531235,724.9587893762415,0.6497661348562386,0,51.0
2041-06-07,50,90030,619,Employed,High School,28,22581,48,Married,2,Mortgage,797,0.2302559128609298,1,2,0.545719652829172,0,Home,1,25,5,4545,8152,15940,58493,7502.5,0.9025868197097808,8,6747,0.20808100000000002,0.24343632276025218,740.4783725485705,0.20492880673756353,0,62.0
2041-06-08,25,49101,526,Employed,Associate,4,36268,24,Married,2,Own,458,0.10249156560251114,3,2,0.07401996671798015,1,Debt Consolidation,0,28,10,2249,2304,49476,3417,4091.75,0.8888351863614062,4,46059,0.248268,0.25155737993366756,1938.513411386383,0.585693996795108,0,62.0
2041-06-09,33,50007,560,Employed,High School,10,21171,36,Divorced,0,Rent,290,0.3770769504281019,4,1,0.2635052795562326,0,Home,0,27,14,2238,2053,73525,47018,4167.25,0.9804254849702381,5,26507,0.22617099999999998,0.2482601286426741,839.8083516555222,0.2711160481505842,0,52.0
2041-06-10,42,81248,586,Employed,High School,19,20881,48,Divorced,2,Mortgage,368,0.42495980830941443,3,0,0.6151729129008088,0,Other,0,30,26,1688,797,15143,10240,6770.666666666667,0.5429455469087969,1,4903,0.22288100000000002,0.22457173868215413,663.0719421619795,0.15228514309206076,1,46.400000000000006
2041-06-11,32,47912,558,Employed,High School,8,44761,60,Single,1,Mortgage,357,0.5773855508794968,4,1,0.17691410898084933,0,Other,0,28,13,1046,2723,167872,12040,3992.6666666666665,0.788998574364292,7,155832,0.270761,0.3082684626943452,1470.985767594152,0.4578358075457052,0,48.0
2041-06-12,50,33935,545,Employed,High School,28,12480,72,Married,3,Own,418,0.48701571165097357,3,2,0.333270154699373,0,Home,0,26,3,10396,74,343208,25528,2827.9166666666665,0.9576082491992396,7,317680,0.25498,0.23399315133133536,324.02301436536845,0.26239210762883225,0,53.0
2041-06-13,42,41196,471,Employed,High School,18,10045,36,Divorced,0,Mortgage,249,0.3621858434297703,4,0,0.4935116815497041,0,Education,0,26,6,1824,612,39816,389468,3433.0,0.6353505651837522,4,5158,0.259545,0.2762511342857555,413.4654368676944,0.19296983305205195,0,59.0
2041-06-14,24,29637,540,Employed,High School,0,14851,36,Married,0,Mortgage,524,0.2809366100631749,2,3,0.2355512523978812,0,Home,0,28,8,5935,32,51047,17119,2469.75,0.8379302915128439,6,33928,0.229851,0.23735308328940508,580.5851337802605,0.4472457268064624,0,55.0
2041-06-15,52,81363,598,Self-Employed,Associate,29,17413,84,Single,1,Mortgage,246,0.14313620350347978,2,1,0.4740048531931325,0,Home,0,32,19,3277,662,30512,106292,6780.25,0.7537817825139012,1,2564,0.24341300000000002,0.2438228776361087,433.89779222287376,0.10027621285688193,1,45.6
2041-06-16,43,85687,630,Employed,Master,19,16628,36,Divorced,0,Mortgage,329,0.7192038904750806,4,0,0.31748048637223575,0,Debt Consolidation,1,17,25,753,1515,34020,75272,7140.583333333333,0.7687419976444172,2,8911,0.18662800000000002,0.16271821868407033,586.825057360797,0.1282563362975663,1,46.400000000000006
2041-06-17,44,19103,604,Employed,High School,24,39607,36,Single,3,Rent,1039,0.39345825851646304,3,2,0.2614850128909259,0,Home,0,30,16,4187,1500,37096,3722,1591.9166666666667,0.8690233875771878,5,33374,0.222607,0.23152627077931134,1536.3284481604571,1.6177533046079402,0,51.0
2041-06-18,40,128601,583,Employed,Associate,18,18174,48,Married,0,Own,589,0.07891745165690668,4,0,0.4919515952968446,0,Home,0,22,22,2626,1118,19293,13736,10716.75,0.8533801497734067,7,5557,0.221674,0.22787185676190744,580.3864398960709,0.1091176373337132,1,42.400000000000006
2041-06-19,54,114290,585,Self-Employed,Doctorate,33,8401,60,Single,2,Mortgage,399,0.17625973516215918,1,2,0.12097366642289863,0,Auto,0,26,2,12498,893,22413,10254,9524.166666666666,0.6370346562655238,7,12159,0.22090100000000001,0.25013306942525004,246.6460114248667,0.06779028906377112,1,44.0
2041-06-20,25,55930,435,Employed,Associate,1,28768,48,Single,1,Mortgage,282,0.15452302252597797,4,0,0.3209681980726525,0,Home,0,22,26,12457,2491,108396,24380,4660.833333333333,0.9794032984511423,9,84016,0.306268,0.31308310983184695,1057.8250895453264,0.2874647072151603,0,51.0
2041-06-21,20,16648,572,Employed,Doctorate,0,52479,48,Single,2,Rent,359,0.14644442213221517,1,1,0.3734398253513736,0,Home,1,30,12,1591,2006,32698,16203,1387.3333333333333,0.624948500112929,4,16495,0.261479,0.30944082017185176,1918.4828910957729,1.6416263030483709,0,61.0
2041-06-22,32,92395,410,Employed,Associate,10,13965,36,Married,2,Mortgage,509,0.16008602191118615,4,2,0.05451406430578089,0,Home,0,22,8,536,1010,153542,21307,7699.583333333333,0.7851712811640494,4,132235,0.29396500000000003,0.31766470292834953,606.4283484480861,0.1448686636871804,1,36.0
2041-06-23,43,22042,621,Employed,Master,20,29492,36,Single,1,Other,438,0.14590351944131652,3,1,0.14656488521266592,0,Education,0,18,25,17218,1091,97850,53100,1836.8333333333333,0.9136353417657033,6,44750,0.203992,0.19868357683726723,1094.0512183998326,0.8340719817075579,0,48.0
2041-06-24,44,29601,609,Employed,High School,24,21199,48,Single,2,Own,559,0.0933537889810385,2,1,0.4047986228050329,0,Debt Consolidation,0,25,9,2307,851,18610,8459,2466.75,0.5891612342556226,9,10151,0.211699,0.1938483471379925,638.1655774181584,0.4853210002708659,0,55.0
2041-06-25,21,61369,609,Unemployed,Associate,1,12487,24,Married,0,Own,129,0.32098141483916975,1,1,0.29786717155939774,0,Other,0,27,23,535,3285,270812,7242,5114.083333333333,0.4702227258612409,7,263570,0.18298699999999998,0.2022646414628509,636.9181998503055,0.1497664683831196,1,36.800000000000004
2041-06-26,46,133250,548,Employed,High School,26,37361,96,Married,1,Rent,613,0.45723924708601144,6,0,0.48835735237440525,0,Debt Consolidation,0,16,18,9352,2495,129335,62341,11104.166666666666,0.6619526835578914,5,66994,0.298361,0.3580332,1185.1834438584535,0.16193772102290013,0,53.0
2041-06-27,37,24521,479,Employed,Bachelor,9,23152,72,Married,0,Rent,633,0.16145853434827637,4,0,0.30014644588055805,0,Home,0,25,25,5144,1418,70161,38937,2043.4166666666667,0.9486865025856018,8,31224,0.29865200000000003,0.30847634420051356,709.2087479973252,0.6568453560608418,0,55.0
2041-06-28,25,114912,567,Employed,Master,5,21387,60,Single,0,Rent,403,0.09474726263867007,6,0,0.16275180157703326,0,Auto,0,18,9,2215,383,49860,42438,9576.0,0.8843321406189384,3,7422,0.24288699999999996,0.27263262835145946,656.4284479814772,0.11063371428378001,0,49.0
2041-06-29,46,31904,640,Employed,High School,23,18786,96,Married,0,Other,774,0.18943639036156829,2,1,0.09408132295584035,0,Home,0,20,22,1337,1727,130306,10042,2658.6666666666665,0.8963860526837901,5,120264,0.233786,0.21100728147905562,406.6175118292878,0.44406375821061483,0,43.0
2041-06-30,41,58752,616,Employed,Associate,20,10202,108,Married,1,Own,601,0.2549586956919763,1,0,0.5749834127969986,0,Auto,0,21,11,7172,520,153736,10477,4896.0,0.8886871792148724,1,143259,0.247202,0.2508544247652098,238.83664866379033,0.17153526320747353,0,51.0
2041-07-01,57,38871,630,Employed,Associate,36,35377,24,Married,3,Rent,770,0.3584662099149786,2,0,0.3749355080447812,0,Education,0,24,24,392,288,77444,5045,3239.25,0.5929009412893268,7,72399,0.195377,0.2081201196566948,1814.6052829852238,0.7979023795586089,0,50.0
2041-07-02,19,35587,574,Employed,Bachelor,0,11505,36,Married,1,Rent,548,0.12225099415969412,3,1,0.21839749051937848,0,Auto,0,17,29,1002,5210,207479,13991,2965.5833333333335,0.9404205598984992,5,193488,0.209505,0.23895492273654648,450.7429039854914,0.3367778921467361,0,48.0
2041-07-03,35,31235,583,Self-Employed,Bachelor,14,15870,72,Married,0,Rent,460,0.38009340118343793,3,1,0.09758926446837592,0,Debt Consolidation,0,29,18,14235,2404,16639,22578,2602.9166666666665,0.8277942421331485,4,8407,0.23937,0.21321744308981572,392.3875503519712,0.327474006858449,0,54.0
2041-07-04,46,27603,608,Employed,High School,24,30912,48,Widowed,1,Own,458,0.2662362418916766,3,0,0.27789102090908663,0,Home,0,28,21,2119,544,356857,37367,2300.25,0.9579147790399247,6,319490,0.221912,0.21914776334040909,972.4862198108532,0.6218829343814164,0,45.0
2041-07-05,57,63108,517,Employed,Master,34,16925,36,Widowed,1,Own,368,0.6665217446043505,2,0,0.287984691542909,0,Education,0,26,25,3087,686,65645,26826,5259.0,0.8544792543285378,4,38819,0.243425,0.2553561957329065,677.7388779920016,0.19884747632477687,1,43.2
2041-07-06,37,31326,573,Employed,High School,17,6140,48,Married,1,Mortgage,369,0.17581091292928722,3,1,0.3940026284150403,0,Other,0,22,12,2206,4199,361723,25654,2610.5,0.9377361748156581,4,336069,0.21464000000000003,0.2016956280502759,187.3975745928365,0.21313831625850851,1,38.400000000000006
2041-07-07,28,33526,500,Employed,High School,8,6616,84,Divorced,0,Rent,301,0.13625471756444496,6,2,0.15377998467955414,1,Auto,0,33,15,6472,349,56853,14391,2793.8333333333335,0.9003971207820963,6,42462,0.281616,0.33056837947316614,202.95711013904935,0.18038195196768453,0,62.0
2041-07-08,18,100663,581,Employed,Bachelor,0,19202,84,Single,0,Rent,541,0.06982583196148474,2,2,0.24493643471626286,0,Debt Consolidation,0,21,3,7164,882,32506,11841,8388.583333333334,0.7047770334339152,5,20665,0.253702,0.30444239999999995,554.7903604574437,0.13062877448009025,0,53.0
2041-07-09,49,39245,579,Employed,High School,25,24058,48,Married,2,Other,191,0.3224389355731539,3,1,0.0808946651877969,0,Auto,0,22,25,33618,1121,68348,16918,3270.4166666666665,0.9809768384012447,4,51430,0.229558,0.2171574890257127,754.2655003729,0.2890351893100981,0,49.0
2041-07-10,24,57994,534,Employed,Bachelor,0,29465,96,Married,0,Rent,244,0.1100263401178045,2,0,0.027604872869509585,0,Other,0,40,22,5445,176,39264,10820,4832.833333333333,0.9543220569521811,3,28444,0.297465,0.3073734993053348,827.7464083428797,0.2217635772685891,0,49.0
2041-07-11,50,104356,645,Self-Employed,Master,27,41739,24,Divorced,0,Rent,374,0.48109978296811434,1,0,0.01854562047118868,1,Debt Consolidation,0,33,23,4054,14188,99971,11300,8696.333333333334,0.8732597572175073,5,88671,0.194239,0.20928794878783397,2143.326172524338,0.28946983470324705,0,60.0
2041-07-12,38,64787,597,Employed,Bachelor,12,28928,36,Divorced,0,Own,936,0.19576713921560343,2,0,0.2916511618588593,0,Education,0,27,24,364,879,37058,4376,5398.916666666667,0.5739678608657958,5,32682,0.215428,0.2184687374413275,1102.4831612074834,0.37757262930047386,0,51.0
2041-07-13,18,79960,521,Employed,Associate,0,19402,60,Married,4,Mortgage,853,0.44302096217365294,4,0,0.12317898489021763,0,Home,0,22,1,6738,2404,49879,22904,6663.333333333333,0.9413589021143502,6,26975,0.263902,0.21112160000000002,526.1141559638505,0.20697060869892703,0,55.0
2041-07-14,33,84709,489,Employed,Associate,10,11461,60,Married,4,Rent,268,0.6565757995227289,3,2,0.18786285945316097,0,Auto,0,25,7,7308,1433,34438,35429,7059.083333333333,0.833848276709164,6,9850,0.271961,0.3149196687283748,381.37368175190096,0.09199121912692643,0,52.0
2041-07-15,41,42413,606,Employed,Bachelor,22,22097,60,Single,3,Own,888,0.10658319057097278,1,1,0.18533570591736595,0,Home,0,29,6,1660,1649,124561,163037,3534.4166666666665,0.5875116109177537,3,2392,0.224097,0.21319252003434683,601.7732688425554,0.42150470907765697,0,49.0
2041-07-16,45,88704,600,Employed,Master,22,13558,60,Widowed,4,Own,507,0.1859587713321041,1,2,0.2837705841783123,0,Home,0,24,13,5928,1765,199067,26232,7392.0,0.8284860067129306,6,172835,0.21855799999999997,0.24179775265294307,391.4521208036489,0.12154384751131614,1,34.4
2041-07-17,42,97108,492,Employed,High School,19,35881,36,Single,4,Mortgage,254,0.09763432178995131,5,1,0.29405973412020264,0,Auto,1,23,18,668,1051,6936,20299,8092.333333333333,0.5597196355811594,4,9835,0.274881,0.25876350674100945,1443.305396735629,0.2097423977512414,0,56.0
2041-07-18,40,107443,619,Employed,High School,19,13154,60,Married,2,Mortgage,524,0.5740685902177192,3,3,0.39564473314899445,0,Debt Consolidation,1,28,3,4577,890,131101,119591,8953.583333333334,0.6897191835400861,8,11510,0.208654,0.21346362540590283,358.4275791434459,0.09855580121293477,1,48.0
2041-07-19,43,52047,592,Employed,Bachelor,22,46183,12,Single,0,Rent,332,0.49129933998834435,2,0,0.0998954490920966,0,Debt Consolidation,0,20,12,2844,457,9455,25558,4337.25,0.7497885909671795,4,8071,0.215183,0.17214640000000003,4216.814755688916,1.0487785476255498,0,51.0
2041-07-20,45,99758,551,Employed,High School,25,14053,48,Married,1,Mortgage,177,0.2008333497572445,1,0,0.4385317770829096,0,Home,0,26,7,1044,1565,65734,20150,8313.166666666666,0.7800123560591911,5,45584,0.233553,0.2676315425504084,479.88282454685105,0.07901716047396913,0,56.0
2041-07-21,47,41352,665,Unemployed,Doctorate,23,9667,36,Divorced,2,Mortgage,225,0.08368445043579797,5,0,0.3262480582905026,0,Debt Consolidation,0,21,4,1653,1296,37886,67368,3446.0,0.8783117816648806,4,9882,0.162167,0.16501146476610873,342.2596599207428,0.16461394658175937,0,54.0
2041-07-22,59,51350,581,Employed,Associate,32,6153,48,Married,2,Mortgage,328,0.39745733026677527,5,1,0.060031766510846206,0,Debt Consolidation,1,26,21,1049,357,24436,38414,4279.166666666667,0.9463827549323499,9,9935,0.210653,0.19005081700592372,183.9919273537508,0.11964757795998071,1,44.800000000000004
2041-07-23,52,20999,574,Self-Employed,Master,31,17168,48,Single,2,Mortgage,411,0.15126671130695662,4,3,0.19211432504600195,0,Debt Consolidation,0,17,14,5428,2338,299471,38321,1749.9166666666667,0.987898873542201,6,261150,0.225168,0.2165808887264894,537.7146218059544,0.5421484576251941,0,48.0
2041-07-24,59,132474,661,Employed,Master,37,11238,36,Single,0,Mortgage,731,0.4860144049492764,3,0,0.1997523977163791,0,Auto,0,24,13,2557,1797,92764,6761,11039.5,0.8837982798337863,2,86003,0.165738,0.1792001286018173,405.8298331452561,0.1029783806463387,1,32.800000000000004
2041-07-25,19,58661,474,Employed,Associate,0,13885,84,Married,1,Other,362,0.033799870214933095,7,0,0.15587550379813916,0,Other,0,22,11,231,4008,361040,27025,4888.416666666667,0.902894301683475,6,334015,0.301885,0.3045582606075235,401.2785121403848,0.15614023193748175,0,43.0
2041-07-26,57,64172,574,Employed,Bachelor,36,19722,72,Married,0,Rent,259,0.24655070618884456,4,0,0.5188358414705155,0,Home,0,19,29,146,1977,12852,54135,5347.666666666667,0.4700023620771692,5,4924,0.247722,0.2666765626610414,551.6134017446725,0.1515826344969156,0,58.0
2041-07-27,46,121340,601,Employed,Bachelor,21,25713,48,Divorced,3,Rent,463,0.14914668337954007,3,2,0.09314879132564206,0,Home,0,25,15,566,2302,71942,13894,10111.666666666666,0.8238478540485273,6,58048,0.22021300000000002,0.24635514034998188,847.3504106213126,0.12958797533752886,1,33.6
2041-07-28,46,85748,587,Employed,High School,22,28475,24,Married,1,Rent,552,0.09540552167650011,3,1,0.40734897525158215,1,Auto,0,18,10,3098,1333,37202,25522,7145.666666666667,0.9638905373221628,8,11680,0.209975,0.2231402905791377,1481.649976133812,0.28459905436401717,0,66.0
2041-07-29,44,31691,595,Employed,High School,22,39884,48,Married,0,Other,656,0.032826055958196175,1,1,0.27428468086696345,0,Home,0,22,6,1511,4829,36651,2164,2640.9166666666665,0.7343847940416119,5,34487,0.237384,0.23083905775070884,1280.175087093281,0.733145089934662,0,54.0
2041-07-30,47,22576,599,Employed,High School,23,25017,84,Married,1,Mortgage,236,0.311438456905833,2,1,0.6494893346075277,0,Education,0,23,25,6770,3607,61853,122900,1881.3333333333333,0.6527600991588648,6,10380,0.250517,0.27665762045463455,676.4729583299584,0.485013975015924,0,60.0
2041-07-31,23,37661,483,Employed,Bachelor,2,19536,60,Married,0,Rent,243,0.11598741423575253,4,1,0.26288566100867,0,Home,0,20,26,664,2039,16825,47081,3138.4166666666665,0.7727761463997695,6,5361,0.283036,0.3045939127338488,637.5796131485758,0.2805808490954279,0,52.0
2041-08-01,50,78587,632,Employed,Master,25,18873,36,Divorced,3,Mortgage,529,0.07549216023125856,3,0,0.15380236987335363,0,Auto,0,26,20,5161,2072,49080,30069,6548.916666666667,0.848051748858578,2,19011,0.187873,0.17000537107070485,672.8789715574659,0.18352332648770903,1,36.800000000000004
2041-08-02,34,23010,494,Employed,Associate,11,31231,72,Married,0,Own,144,0.2209393737590645,4,0,0.10858977231349369,0,Home,0,31,27,874,2045,28171,13585,1917.5,0.5013898671215612,6,14586,0.299231,0.34130130298970685,1024.2413922738426,0.6092523558142595,0,52.0
2041-08-03,29,93550,524,Employed,Master,4,28662,60,Widowed,1,Mortgage,532,0.43465901774602167,2,1,0.13273247483747683,0,Debt Consolidation,0,20,16,2367,304,29082,8413,7795.833333333333,0.8686611655209197,2,20669,0.271662,0.2854034527448617,901.781375268596,0.18391637095909305,0,50.0
2041-08-04,30,122471,618,Employed,Associate,9,19634,72,Widowed,1,Rent,684,0.23173107048209338,2,1,0.325852707573215,0,Other,0,16,8,19961,1099,67818,185050,10205.916666666666,0.4777164387508528,9,4533,0.225634,0.26100174383828817,542.2160752915628,0.12014756884077664,0,50.0
2041-08-05,38,69861,635,Employed,Associate,16,19661,12,Married,5,Mortgage,206,0.28020633297597175,5,2,0.5628043882265291,0,Education,0,26,26,12846,269,13115,5855,5821.75,0.729795207399176,6,7260,0.16716100000000003,0.19309782228075542,1814.7985447732412,0.347111872679734,0,55.0
2041-08-06,38,44406,496,Employed,Master,13,42459,84,Married,1,Own,342,0.16649341702802717,2,0,0.4301408838882267,0,Home,0,27,24,13280,2984,73340,30091,3700.5,0.714282024958769,7,43249,0.319459,0.33398754952703236,1312.5422066431727,0.4471131486672538,0,56.0
2041-08-07,25,67395,558,Employed,Bachelor,1,23187,48,Married,0,Rent,120,0.3067818057405237,4,1,0.1679879800894987,1,Home,0,25,14,2760,1610,7408,58361,5616.25,0.6719426206212166,9,6365,0.239187,0.25681772135609143,777.6575479278488,0.15983219193017562,0,62.0
2041-08-08,38,33070,603,Employed,Bachelor,15,38240,60,Single,0,Rent,573,0.6375317604980464,1,0,0.18062693887956166,0,Home,0,19,22,2687,3379,19208,11854,2755.8333333333335,0.6210277129522959,6,7354,0.24174,0.2342772735474917,1087.4216692622965,0.602511642913443,0,50.0
2041-08-09,58,39543,627,Employed,Master,35,22686,72,Single,0,Own,450,0.04491192290270512,4,0,0.26124436939393975,0,Home,0,27,21,2239,2015,69171,41543,3295.25,0.8973252910314147,1,27628,0.22418600000000002,0.23902816819844003,595.9128232304173,0.31740014360986796,0,49.0
2041-08-10,38,73689,471,Employed,High School,13,17978,24,Divorced,3,Rent,318,0.27102210048530057,4,2,0.4771292757480935,0,Debt Consolidation,0,31,4,1648,499,3805,37018,6140.75,0.5246672202120709,1,5813,0.257478,0.2858752194931918,992.1757750110181,0.21335761511395485,0,59.0
2041-08-11,61,29115,564,Self-Employed,High School,37,12748,48,Married,1,Own,391,0.27255349413708924,2,1,0.518104447847883,0,Debt Consolidation,0,17,6,1126,307,72837,13572,2426.25,0.8373519332125434,8,59265,0.225748,0.22795634079691715,407.16610023597303,0.3289710871657797,0,63.0
2041-08-12,18,58864,611,Employed,Master,0,26828,24,Single,0,Other,300,0.0711565278227798,3,1,0.12919727675140244,1,Auto,1,30,5,3416,3169,194343,3417,4905.333333333333,0.7540588458154354,3,190926,0.19632799999999997,0.19419066035035473,1357.830955141559,0.3379649949323646,0,62.0
2041-08-13,57,50652,492,Employed,High School,34,27613,72,Single,2,Mortgage,366,0.1023595194193385,1,2,0.08115992347336297,0,Education,1,24,13,1811,2393,27667,44388,4221.0,0.8201566012296283,4,4533,0.296613,0.2743296640057458,785.564355088588,0.2728178998077678,0,55.0
2041-08-14,51,34725,656,Employed,Bachelor,25,7687,60,Single,1,Own,316,0.17359693391930292,6,1,0.1632858685971511,0,Auto,0,21,16,8922,1152,56492,20910,2893.75,0.4993775789963746,5,35582,0.184687,0.21435773559388768,209.8479477346159,0.18171851325602278,0,44.0
2041-08-15,43,25861,543,Employed,High School,19,14787,60,Married,2,Own,114,0.21619734113594735,3,1,0.5269428038009945,0,Auto,0,22,21,1542,2360,32824,7665,2155.0833333333335,0.8423716933047303,3,25159,0.24828699999999998,0.2525477872784618,436.22949336389536,0.2553170380250858,0,60.0
2041-08-16,37,18744,643,Employed,Master,16,41345,60,Married,1,Rent,189,0.18387780771524917,2,2,0.3004964691790904,0,Education,1,21,10,6574,2062,373586,10320,1562.0,0.8693848327081377,6,363266,0.22484500000000002,0.23016458330748193,1165.92601675222,0.867430228394507,0,52.0
2041-08-17,42,31412,600,Employed,High School,20,26147,60,Single,0,Mortgage,283,0.33622220287443694,7,0,0.16851768712092463,0,Auto,1,17,23,1522,182,27838,17352,2617.6666666666665,0.7470558396291754,8,10486,0.231147,0.1985140132486183,690.5754503295664,0.3719249141714885,0,54.0
2041-08-18,34,15000,632,Employed,Bachelor,11,9330,48,Married,1,Mortgage,299,0.41421191221598536,3,2,0.5019829949772382,0,Home,0,34,27,4643,2903,317383,12282,1250.0,0.9202670934148668,3,305101,0.18833000000000003,0.22599600000000003,296.9971967571708,0.4767977574057366,0,52.0
2041-08-19,47,83736,632,Employed,Bachelor,23,24307,60,Married,3,Other,311,0.16817757796812055,2,0,0.28263327408977085,0,Education,0,28,10,7471,307,58333,20022,6978.0,0.8824957342150063,3,38311,0.21330700000000002,0.2246722588636213,677.8059424773573,0.14170334515296035,1,37.6
2041-08-20,36,42072,628,Employed,Associate,15,21479,48,Single,1,Rent,1297,0.37493719861371777,5,1,0.18273938742617726,0,Home,0,20,3,4395,183,72871,2324,3506.0,0.9539995122208177,7,70547,0.20247900000000002,0.21959715274139185,676.2493794137301,0.5628207014870878,0,49.0
2041-08-21,50,46836,553,Employed,High School,24,16565,48,Divorced,1,Mortgage,840,0.19317815025132698,4,0,0.11232128951179224,0,Debt Consolidation,0,24,25,13786,555,61462,87944,3903.0,0.7066160110395723,11,7247,0.235065,0.2266964791217237,527.9389376265025,0.35048397069600373,0,50.0
2041-08-22,47,33149,615,Employed,High School,28,27875,108,Married,3,Own,339,0.23572600353690906,2,0,0.051624488470375464,0,Other,0,20,19,3156,637,256183,26718,2762.4166666666665,0.7207770214760241,7,229465,0.265375,0.2747006882560519,698.7402084557126,0.3756638963910993,0,44.0
2041-08-23,34,64267,566,Self-Employed,Master,11,9860,48,Single,2,Rent,709,0.7421823702936085,4,2,0.26945176771738427,0,Debt Consolidation,0,27,7,1346,1038,48886,105921,5355.583333333333,0.9206890809678272,5,8987,0.22186,0.2259316315054358,313.83377484292885,0.19098456903410999,0,58.0
2041-08-24,44,37388,544,Employed,Associate,22,20073,24,Single,1,Mortgage,259,0.24100208459627245,2,0,0.3429902417296592,0,Home,0,29,13,17094,3254,464502,335836,3115.6666666666665,0.8815744371066868,9,128666,0.223073,0.22237594189254348,1043.7068803696807,0.41811497176730955,0,51.0
2041-08-25,18,21469,566,Employed,Associate,0,11748,84,Married,0,Mortgage,235,0.22379904403844028,0,2,0.23593296993468113,0,Debt Consolidation,0,28,5,4724,2844,132393,187530,1789.0833333333333,0.7955946406142701,5,5576,0.253748,0.2637430526233804,307.76121609457965,0.3033739155589434,0,56.0
2041-08-26,47,43291,587,Employed,Master,23,18830,60,Divorced,5,Other,398,0.09474216806889736,3,2,0.2677451246992118,0,Education,0,24,2,11545,2178,103802,12888,3607.5833333333335,0.7572471321277942,4,90914,0.23032999999999998,0.2217002915417417,521.88610063458,0.2549867918878048,0,54.0
2041-08-27,22,46130,592,Employed,Bachelor,0,11615,24,Married,0,Mortgage,264,0.09339704288637048,3,1,0.3120281241523109,0,Other,0,32,22,1490,1791,19584,545095,3844.1666666666665,0.6925667313176077,6,3536,0.190615,0.15249200000000002,564.5485893649676,0.2155339924643315,1,43.2
2041-08-28,35,60110,595,Employed,Bachelor,13,33065,120,Married,2,Rent,284,0.9029926294700342,1,0,0.23161235799141353,0,Home,1,23,7,5502,2184,19099,15602,5009.166666666667,0.8198501952636215,5,3497,0.29056499999999996,0.3144658386671187,907.1825781501807,0.23780054795877836,0,62.0
2041-08-29,42,162888,630,Employed,Bachelor,21,9878,60,Married,3,Mortgage,342,0.14167397343946414,4,0,0.33040180459461177,0,Home,1,23,11,2938,1114,86665,16847,13574.0,0.7113171831170464,6,69818,0.199878,0.21093301969992048,267.75179360724195,0.04492056826338898,1,41.6
2041-08-30,39,39418,497,Employed,High School,15,20987,72,Widowed,0,Rent,846,0.15987361301793993,2,1,0.6036488867043075,0,Home,0,15,13,6581,72,5980193,10839,3284.8333333333335,0.7317148992384689,7,5969354,0.287487,0.3049767900493079,638.1251363160848,0.4518113967170586,1,40.0
2041-08-31,31,34147,560,Employed,High School,6,20610,24,Divorced,2,Rent,230,0.15390094767718204,6,1,0.2166859892348879,0,Other,0,29,10,903,913,470010,63278,2845.5833333333335,0.8557412426748184,4,406732,0.21560999999999997,0.2124815783559863,1061.5720933314435,0.45388658212953764,0,46.0
2041-09-01,45,61265,590,Employed,High School,21,19563,60,Married,4,Own,407,0.03245297921863607,2,0,0.46796924452819566,0,Auto,0,26,22,1017,509,39404,6363,5105.416666666667,0.9378334553027451,5,33041,0.22956300000000002,0.24398025892262346,567.3164162156012,0.1908397452801308,0,55.0
2041-09-02,44,15000,619,Employed,High School,22,11763,24,Married,5,Mortgage,394,0.23038752346917973,2,0,0.6517615858661374,0,Auto,0,27,18,15551,3110,70175,10640,1250.0,0.9571619577717122,4,59535,0.177263,0.18175344474715244,588.254286854176,0.7858034294833408,0,55.0
2041-09-03,34,46054,592,Employed,Bachelor,12,32592,48,Single,0,Rent,574,0.23395413771287546,2,0,0.25230605212426077,0,Education,0,19,22,692,474,143880,76886,3837.8333333333335,0.9783444543906962,7,66994,0.23159200000000002,0.26721182873077826,1112.1793827019528,0.43935711539547995,0,51.0
2041-09-04,25,19608,533,Employed,High School,1,28152,36,Divorced,1,Mortgage,381,0.3006878843559571,3,2,0.24020877012699973,0,Debt Consolidation,0,20,6,2039,12695,56174,66199,1634.0,0.48040044158943507,8,2303,0.246652,0.20341183371342786,1051.1296208655192,0.8764563163191672,0,56.0
2041-09-05,26,74046,540,Employed,Associate,3,9512,24,Married,0,Own,856,0.08077366446170853,4,2,0.26589603845633314,0,Home,0,25,1,1638,3841,58063,40348,6170.5,0.6974860100175471,5,17715,0.21451199999999998,0.18581904098753216,477.55679091258264,0.2161181088911081,1,44.0
2041-09-06,34,43264,638,Employed,Bachelor,11,28196,48,Married,0,Mortgage,276,0.024905440748664017,4,2,0.4504550767718164,0,Home,1,21,28,2996,342,62797,87284,3605.3333333333335,0.9613020985038903,6,3646,0.20419600000000002,0.23258630450300852,907.7233465624935,0.3283256323675555,0,59.0
2041-09-07,27,82814,510,Employed,High School,1,20258,60,Divorced,3,Mortgage,413,0.08682440754744324,7,3,0.07293744346372406,0,Debt Consolidation,0,20,9,10567,777,38926,16245,6901.166666666667,0.907936636090383,5,22681,0.270258,0.2933975758174815,647.2234580904226,0.1536295976173723,0,49.0
2041-09-08,56,74293,666,Employed,Master,34,24851,96,Divorced,4,Rent,850,0.34085217678923846,3,3,0.4339049378371215,0,Debt Consolidation,0,22,7,2491,100,87578,42675,6191.083333333333,0.9237732666681735,9,44903,0.22685100000000002,0.2192348340697732,550.9000132307596,0.2262770403506268,0,51.0
2041-09-09,44,63860,614,Employed,Master,21,35874,48,Single,3,Mortgage,1122,0.2533601419413913,2,1,0.1920376873427083,0,Education,0,28,17,5933,4946,10879,32886,5321.666666666667,0.8043958147991435,7,6798,0.223874,0.23372996800012946,1157.1580778660636,0.4282789999121948,0,47.0
2041-09-10,41,39518,625,Employed,High School,19,12013,12,Married,0,Mortgage,700,0.19291364136624334,3,1,0.21307567995096635,0,Auto,0,26,28,19497,397,441666,7868,3293.1666666666665,0.8414773015484156,7,433798,0.16451300000000002,0.18307505422662154,1103.1105723088758,0.5475309192698646,1,34.4
2041-09-11,32,31084,519,Employed,Associate,10,13210,36,Married,4,Mortgage,520,0.049009542417942475,8,3,0.2079708216626024,0,Auto,0,23,18,1454,4354,51235,57837,2590.3333333333335,0.9364014539688936,6,3834,0.23871,0.23970351226592967,518.0603616884232,0.40074393064795644,0,52.0
2041-09-12,33,77087,596,Employed,Bachelor,8,14971,48,Married,4,Mortgage,228,0.4723695576113192,0,0,0.46058736283662993,0,Auto,0,27,19,326,1658,61030,16120,6423.916666666667,0.9197457402223702,10,44910,0.21197100000000002,0.1754791375874298,436.2443514555933,0.10340176965593574,1,45.6
2041-09-13,38,98603,600,Employed,Associate,15,16909,12,Married,0,Rent,1200,0.36042631914000484,2,0,0.4927249348486771,0,Debt Consolidation,1,26,9,2618,753,94905,86013,8216.916666666666,0.7738668554583956,7,8892,0.18190900000000002,0.19628494060901336,1563.3519695232392,0.3363003522639156,0,59.0
2041-09-14,18,15000,424,Employed,Associate,0,31088,48,Married,1,Rent,444,0.47520059561554645,2,1,0.22986004325434564,0,Debt Consolidation,0,29,15,138,2154,92469,17064,1250.0,0.8698851350133027,6,75405,0.314088,0.3247998321889401,1164.6369735583642,1.2869095788466913,0,53.0
2041-09-15,27,38609,556,Employed,Master,4,11597,48,Married,0,Other,109,0.35426390962162435,6,3,0.4272801283828454,0,Home,0,27,15,4143,1484,21579,14077,3217.4166666666665,0.7611180307804776,9,7502,0.228597,0.24790441239520908,383.16900465747796,0.15297024154704178,0,57.0
2041-09-16,48,15000,520,Employed,High School,25,8891,60,Single,1,Own,257,0.6384721647176359,0,1,0.5133427001765579,0,Home,0,19,16,10344,3691,43071,20626,1250.0,0.35455563240763244,4,22445,0.25389100000000003,0.27900726843669066,276.2963433532909,0.42663707468263273,0,62.0
2041-09-17,55,42606,611,Employed,Bachelor,32,31957,24,Married,0,Mortgage,517,0.23061181091285043,4,0,0.3231499188921723,0,Debt Consolidation,1,31,19,12413,1581,17274,2109,3550.5,0.7459304022988988,3,15165,0.20145699999999997,0.18763634602906676,1607.240670487901,0.5982933869843406,0,58.0
2041-09-18,53,45412,664,Employed,Bachelor,32,11313,12,Single,2,Mortgage,353,0.2797382881696574,4,0,0.12991618471817618,0,Home,0,30,3,3308,5208,35599,13123,3784.3333333333335,0.8157772075780554,6,22476,0.144313,0.13434108806619763,1012.7518866290563,0.36089629700406667,0,48.0
2041-09-19,42,23607,394,Employed,High School,23,34955,48,Married,3,Rent,419,0.05385660381453289,1,0,0.11099542976410684,0,Home,0,28,27,1313,6442,54641,49348,1967.25,0.6691832607494008,2,5293,0.332955,0.3180940904030954,1295.640257766712,0.871592455339541,0,51.0
2041-09-20,29,27324,594,Employed,Bachelor,8,38454,108,Single,0,Own,352,0.33383752276197565,2,2,0.264431710209606,0,Auto,0,24,15,965,2532,24362,68920,2277.0,0.8012432123568196,6,2653,0.286454,0.2816862011768636,982.8694071384244,0.5862404071754169,0,54.0
2041-09-21,19,21677,532,Employed,High School,0,41065,36,Single,0,Other,312,0.30236435866742534,1,1,0.41372148579710133,0,Education,0,22,6,1137,425,142058,71428,1806.4166666666667,0.9148460992502737,8,70630,0.260065,0.23214503770272443,1594.2094315218344,1.0552434921004756,0,58.0
2041-09-22,56,134362,660,Self-Employed,Doctorate,33,12856,72,Married,0,Mortgage,522,0.5249223950239875,4,1,0.21930386488636452,0,Home,0,20,15,18079,1339,141065,45757,11196.833333333334,0.8025827871589376,2,95308,0.197856,0.23011273196121546,330.78331092332047,0.07616290120033822,1,36.800000000000004
2041-09-23,39,18967,643,Employed,Bachelor,18,41924,36,Single,3,Mortgage,320,0.22603806011724112,3,1,0.05315878949397769,0,Debt Consolidation,0,19,1,4522,429,20216,4189,1580.5833333333333,0.8951439160641824,4,16027,0.20542400000000002,0.2007594463713479,1559.6688264239344,1.1892247544201622,0,53.0
2041-09-24,28,124832,493,Employed,Bachelor,5,25082,48,Divorced,0,Mortgage,251,0.7066084676369901,1,0,0.5171568795717503,0,Other,0,28,11,2555,537,80873,55059,10402.666666666666,0.9011481429230981,4,25814,0.273582,0.27141465928227065,861.8839240699143,0.10698063868910995,1,46.400000000000006
2041-09-25,34,17822,464,Employed,Associate,13,17366,48,Single,0,Own,227,0.2907103998242024,4,2,0.16233845876046674,0,Debt Consolidation,0,20,14,10886,404,160654,61633,1485.1666666666667,0.9681981625939919,7,99021,0.280366,0.2506633108838388,576.4493424214435,0.5409826118874044,0,50.0
2041-09-26,36,45354,593,Employed,Associate,11,13979,24,Single,0,Mortgage,262,0.29880747483733616,3,1,0.2198759128593865,0,Education,0,26,23,2221,360,39765,19585,3779.5,0.6881695587374014,5,20180,0.19247899999999998,0.1698514925879973,691.0536633539073,0.2521639537912177,1,42.400000000000006
2041-09-27,44,51799,574,Employed,Master,22,18292,48,Married,1,Mortgage,419,0.0355032455022275,0,0,0.09955122233546189,0,Other,1,24,28,2758,1830,139821,32759,4316.583333333333,0.8856945113782801,3,107062,0.22629200000000002,0.20767989601237705,564.144319799171,0.22775983778818223,1,40.800000000000004
2041-09-28,44,35338,629,Unemployed,Master,23,12872,60,Married,1,Rent,567,0.36224162361559004,3,0,0.3733495332803603,0,Debt Consolidation,0,34,17,302,2365,49807,42011,2944.8333333333335,0.7983236208902021,5,7796,0.203372,0.23353336099170333,365.48559119541477,0.3166513977685488,0,55.0
2041-09-29,35,99306,650,Self-Employed,Master,14,10630,96,Single,3,Other,353,0.27721081096930944,2,3,0.3980888481351789,0,Debt Consolidation,0,26,4,6074,629,124092,4243,8275.5,0.9019861644868667,2,119849,0.22063,0.1879639613091846,214.81979052211292,0.06861455990841797,1,39.2
2041-09-30,44,15022,577,Employed,Associate,22,16604,48,Married,2,Other,507,0.26060676557549045,2,1,0.22933844914430646,0,Debt Consolidation,0,27,29,5553,5376,136363,2293,1251.8333333333333,0.9919886611218527,4,134070,0.22310400000000002,0.22634136983363926,528.8598721740711,0.8274742688116665,0,50.0
2041-10-01,46,30522,514,Self-Employed,Associate,21,15931,72,Married,2,Mortgage,943,0.08844350014606042,0,0,0.6034784439338318,0,Debt Consolidation,0,22,11,1553,2962,8830,18677,2543.5,0.7997663037131687,9,9859,0.27393100000000004,0.2605820270850816,439.5384122910255,0.5435574650249756,0,61.0
2041-10-02,22,54663,504,Employed,Bachelor,1,19364,72,Single,2,Other,622,0.15684715660165102,5,1,0.24360226110207586,0,Auto,0,22,17,2439,592,76334,9677,4555.25,0.7735429033393749,4,66657,0.28236399999999995,0.30160629430788244,584.5564554710636,0.26487162185852886,0,49.0
2041-10-03,44,35112,538,Employed,High School,20,7986,60,Single,2,Rent,446,0.48670333138269195,2,0,0.4882324195894859,0,Home,1,17,6,1567,379,265428,6494,2926.0,0.7247831519558634,7,258934,0.24398599999999998,0.20912134808008748,215.65359942785295,0.22612904970193196,0,60.0
2041-10-04,42,51699,570,Employed,Master,23,22846,24,Married,1,Own,280,0.3122229318704545,4,0,0.5436091784021077,0,Home,1,25,9,2352,501,129033,111222,4308.25,0.7018435816769757,4,17811,0.212846,0.17611393509071893,1136.2809516090529,0.328736946929508,0,65.0
2041-10-05,54,75606,662,Employed,Associate,30,15367,84,Widowed,2,Mortgage,411,0.36995617131807174,5,0,0.10513942272263978,0,Home,0,26,6,1891,3254,28484,15239,6300.5,0.6592556078544264,2,13245,0.209367,0.23594460074816273,375.26220071573215,0.12479361966760293,0,46.0
2041-10-06,61,52164,594,Self-Employed,High School,38,22342,60,Married,5,Rent,313,0.6508841528355531,2,0,0.34344617090495627,0,Debt Consolidation,0,15,14,4217,2567,57430,20462,4347.0,0.8927526062754391,6,36968,0.230342,0.24599244678576265,650.5284501713487,0.22165365773437973,0,59.0
2041-10-07,42,151078,588,Employed,Bachelor,20,31183,60,Single,4,Other,301,0.11052728184885233,1,0,0.2773462152130086,0,Education,0,35,24,6571,6963,172900,10817,12589.833333333334,0.7949985920622211,5,162083,0.24218299999999998,0.2620469207078205,937.4161603567851,0.09836636654100146,1,36.0
2041-10-08,58,46304,513,Employed,High School,34,14203,60,Divorced,3,Other,549,0.23927909533397246,1,0,0.5039621688727938,1,Home,0,16,15,8060,1167,368659,12589,3858.6666666666665,0.9060422937336622,4,356070,0.262703,0.23889718707080052,407.6827698944805,0.24793091825185226,0,65.0
2041-10-09,56,20826,575,Unemployed,Associate,32,28480,36,Single,4,Mortgage,1149,0.27333521894742135,7,3,0.47937195751637135,0,Education,0,21,10,6034,883,47384,15271,1735.5,0.7007874071158015,1,32113,0.22598000000000001,0.2026565870629355,1062.2778515553846,1.2741445413744654,0,61.0
2041-10-10,42,87794,563,Employed,High School,22,27089,60,Divorced,0,Mortgage,1487,0.055013785522115125,3,1,0.3309264920679218,0,Home,0,22,12,5661,743,34299,25123,7316.166666666667,0.8995349289359125,5,9176,0.250589,0.29089573425126375,861.3333415944883,0.3209786557069259,0,52.0
2041-10-11,68,83130,571,Self-Employed,Bachelor,45,61718,48,Divorced,2,Mortgage,540,0.42141768775083127,5,2,0.16030734336028862,0,Other,0,19,9,922,303,59493,8347,6927.5,0.6423413355713523,2,51146,0.271218,0.31082663715827713,2261.2491373222338,0.40436653010786483,0,52.0
2041-10-12,29,37877,538,Employed,High School,6,10206,36,Married,3,Mortgage,223,0.07268200511676037,7,2,0.42218478323371095,0,Education,1,24,19,6772,1350,8880,37398,3156.4166666666665,0.7987207026103447,3,4369,0.226206,0.2294610050527183,394.7847625793257,0.19572345093201435,0,62.0
2041-10-13,40,27291,548,Employed,Bachelor,17,11130,12,Single,4,Own,321,0.12364647973367278,2,0,0.3145388503497778,0,Auto,0,24,28,3173,506,33186,8066,2274.25,0.9436403344899743,2,25120,0.20213,0.19940611552824233,1030.705726726782,0.5943523037162941,0,55.0
2041-10-14,43,42935,587,Employed,Bachelor,21,34004,60,Married,1,Own,696,0.1366160641866081,2,0,0.327240357739542,0,Home,0,24,21,7945,6687,107909,11823,3577.9166666666665,0.7139163767602198,1,96086,0.245504,0.24453862530694614,987.2043927370675,0.47044259258984067,0,52.0
2041-10-15,51,29069,621,Employed,Bachelor,28,17957,48,Married,2,Mortgage,272,0.15659941256056778,1,1,0.17019369324736977,0,Home,0,25,22,9046,1693,43930,7738,2422.4166666666665,0.7176623444712158,7,36192,0.20245700000000003,0.1751157293400272,522.914868425824,0.32814952083353016,0,48.0
2041-10-16,56,93639,634,Self-Employed,Bachelor,38,12629,72,Divorced,0,Rent,544,0.1379835336845064,4,2,0.28840588307131804,0,Debt Consolidation,0,14,24,548,1560,84213,989,7803.25,0.9570180639093039,4,83224,0.210629,0.20257356773617427,304.3871607656056,0.10872228376197168,1,38.400000000000006
2041-10-17,42,49977,597,Employed,High School,17,26623,24,Single,1,Mortgage,625,0.1906498322909286,3,1,0.1893880332675988,0,Debt Consolidation,0,16,21,856,2534,10730,4830,4164.75,0.8003767267161032,6,5900,0.203123,0.20952649451555697,1367.421079969253,0.4784011237095271,0,50.0
2041-10-18,44,45221,603,Self-Employed,Associate,22,26567,96,Single,2,Rent,423,0.10758318322261932,3,1,0.11599375818531373,0,Education,0,18,15,3824,63,74363,51786,3768.4166666666665,0.9308428664256143,2,22577,0.260067,0.2572311953524783,654.9881733932194,0.2860586471046335,0,50.0
2041-10-19,50,15000,535,Employed,High School,25,12781,72,Married,1,Other,566,0.21414638883178178,0,0,0.05907088322638051,0,Debt Consolidation,0,17,25,1458,4048,58469,22227,1250.0,0.87939047159654,1,36242,0.260281,0.3030501715710875,387.02242485527944,0.7624179398842236,0,52.0
2041-10-20,36,50207,533,Employed,High School,10,46472,24,Single,4,Other,306,0.24538677686257826,3,4,0.39422009270676756,0,Other,0,20,11,1145,1907,68383,29844,4183.916666666667,0.7893665339569327,2,38539,0.25497200000000003,0.28173850814063645,2554.896993531772,0.6837844109861425,0,54.0
2041-10-21,37,35925,637,Employed,Master,17,12702,60,Single,0,Mortgage,483,0.1748168982768552,5,0,0.2985039671443173,0,Education,1,26,13,4508,1592,95103,10888,2993.75,0.8110721233960163,6,84215,0.199202,0.19510474563562372,333.07491331975586,0.2725928729251794,0,53.0
2041-10-22,29,50178,608,Unemployed,High School,9,22483,24,Married,1,Mortgage,296,0.522583588301646,5,2,0.38041888075363295,0,Other,1,21,3,7099,1561,23023,43892,4181.5,0.9173525490436636,1,8247,0.193483,0.20004646966336873,1144.3413707448099,0.34445566680492884,0,64.0
2041-10-23,60,67128,495,Unemployed,High School,39,34591,36,Married,1,Rent,261,0.29480553914747964,3,1,0.29649483865180876,0,Home,0,32,14,8225,983,260460,16735,5594.0,0.5019182517667082,9,243725,0.27209099999999997,0.26838186125050856,1409.183845157714,0.2985670084300525,0,51.0
2041-10-24,40,20680,634,Unemployed,Doctorate,20,26698,72,Divorced,1,Rent,592,0.3077303892253586,4,1,0.012569130677608722,0,Auto,0,22,2,711,748,13847,8831,1723.3333333333333,0.864050638967683,2,5016,0.224698,0.20080890510798535,640.744997179506,0.7153259171254386,0,56.0
2041-10-25,45,75630,604,Employed,Bachelor,25,21242,48,Divorced,2,Mortgage,353,0.3212158568448088,2,2,0.2144266855935277,0,Auto,0,16,7,21556,945,176909,26523,6302.5,0.8737368205206595,10,150386,0.21424200000000002,0.20780637199870772,655.2695866728042,0.15997930768311053,1,36.800000000000004
2041-10-26,51,234106,612,Employed,High School,29,7127,36,Single,1,Rent,574,0.14427824106814713,2,1,0.24390325602330826,0,Home,0,26,6,3080,734,22678,7686,19508.833333333332,0.9049132052111118,4,14992,0.186127,0.17335518872376346,255.28866581993395,0.04250836796083487,1,38.400000000000006
2041-10-27,67,39218,608,Employed,Bachelor,41,23648,72,Married,2,Own,400,0.2648116869935724,3,1,0.12724432804830157,0,Home,0,22,26,14005,765,17626,51595,3268.1666666666665,0.9408428286099892,5,9739,0.234648,0.19822357301901414,564.0040034783663,0.2949678219628843,0,48.0
2041-10-28,62,60100,616,Employed,Bachelor,38,19014,48,Single,3,Mortgage,966,0.3367387433065987,3,2,0.2534577698651268,0,Education,0,22,15,2892,409,20883,81972,2644.1666666666665,0.7071853571303822,8,8279,0.20601400000000003,0.1836825555794391,562.2017490013876,0.5779521269466327,0,49.0
2041-10-29,49,44981,585,Employed,Bachelor,26,22738,24,Married,0,Own,638,0.28842117368041564,1,1,0.15070232999701264,0,Debt Consolidation,1,27,1,5140,7558,120664,21676,3748.4166666666665,0.7976401665350522,5,98988,0.205238,0.2061076583559679,1164.0643884988076,0.4807534884058979,0,59.0
2041-10-30,37,21791,498,Employed,High School,10,21104,60,Married,4,Mortgage,691,0.19687932058435567,2,3,0.11963424869150388,0,Home,0,25,9,447,640,67719,5744,1815.9166666666667,0.7094729297675438,3,61975,0.277104,0.25281923695083064,622.9232840999289,0.7235592404753864,0,50.0
2041-10-31,35,300000,533,Employed,Bachelor,13,7808,24,Divorced,1,Own,512,0.16961713578164608,3,0,0.3880898060087746,0,Education,0,16,10,4519,1334,89368,75274,25000.0,0.6245166128007021,8,14094,0.216308,0.19301092075137993,394.73362939905417,0.03626934517596217,1,40.800000000000004
2041-11-01,42,48941,499,Employed,High School,20,22645,48,Married,0,Rent,270,0.3171145004282983,2,0,0.0661744330083341,0,Education,0,29,3,2154,1637,11980,6694,4078.4166666666665,0.7824345487351745,8,5286,0.26814499999999997,0.29748810390875013,812.050732082706,0.26531147269145444,0,54.0
2041-11-02,51,49344,544,Employed,High School,27,37112,60,Married,3,Mortgage,305,0.10425568356354233,4,0,0.4227709440450587,0,Education,0,28,12,4580,3401,190464,11315,4112.0,0.8330899309007802,6,179149,0.270112,0.25121569742998373,1091.9329460475917,0.3397210471905622,0,52.0
2041-11-03,78,96268,651,Employed,Associate,59,6129,12,Divorced,3,Own,213,0.5320111021487123,5,0,0.641255504507403,0,Home,0,21,18,10484,1030,27064,11830,8022.333333333333,0.8360744600976513,5,15234,0.145629,0.1408152340046762,550.5403692959981,0.095176844138779,1,41.6
2041-11-04,60,108672,651,Unemployed,Bachelor,35,44346,84,Widowed,3,Mortgage,255,0.5334340331022698,3,2,0.25741743533246253,0,Other,0,26,14,6527,901,58042,2737,9056.0,0.684366381126171,8,55305,0.243846,0.2118702352842523,1016.6952886373876,0.1404257165014783,0,47.0
2041-11-05,22,19161,560,Employed,Bachelor,0,26961,60,Divorced,4,Own,734,0.19369968754561498,1,1,0.16814942862390073,0,Education,0,28,11,14126,1109,60434,7890,1596.75,0.8772608400009003,1,52544,0.251961,0.28484029605511546,847.3431846690829,0.9903511411736858,0,49.0
2041-11-06,25,61945,565,Employed,Bachelor,1,20738,36,Single,0,Mortgage,485,0.2521486794862011,1,1,0.17626146020456862,0,Auto,0,17,6,8334,858,30328,6202,5162.083333333333,0.9318186414941583,3,24126,0.223238,0.23162231991604873,804.516777898013,0.249805494144421,0,52.0
2041-11-07,23,39269,579,Employed,High School,2,13477,120,Married,4,Rent,412,0.009307183277107294,0,0,0.7368294713610424,0,Debt Consolidation,0,29,9,10430,1138,32312,66722,3272.4166666666665,0.5017206367718986,8,6260,0.27897700000000003,0.29982742435579135,355.1061051357071,0.2344157799187269,0,59.0
2041-11-08,46,71746,601,Employed,Associate,21,31581,60,Married,0,Mortgage,881,0.10969417444296889,4,2,0.2331853310320843,0,Home,0,25,15,1368,1231,11614,7143,5978.833333333333,0.8330498980198711,3,4471,0.23608099999999999,0.22822689066363203,887.0689958447085,0.2957214053764182,0,48.0
2041-11-09,35,49972,531,Employed,High School,12,19145,36,Married,2,Rent,564,0.26157771755065923,2,2,0.11668003749356354,0,Education,0,25,26,456,2589,15119,79461,4164.333333333333,0.6897404616236477,8,2278,0.238645,0.20998233787396728,721.2718028004745,0.30863806999130905,0,51.0
2041-11-10,36,76828,551,Employed,Bachelor,15,14377,48,Single,1,Rent,366,0.3320415503591909,3,0,0.08594098861260929,0,Home,1,23,21,3132,1306,30801,21556,6402.333333333333,0.8925027569954893,3,9245,0.233877,0.2454806661744609,473.0833114014705,0.13105898548468847,0,56.0
2041-11-11,42,55192,622,Employed,Associate,20,12761,36,Single,0,Mortgage,449,0.13103221451007377,2,1,0.5249132472737347,0,Auto,0,28,7,2195,3755,113041,12049,4599.333333333333,0.8966572085696927,4,100992,0.186761,0.1809149113448495,461.9266153013884,0.1980562288668043,1,40.800000000000004
2041-11-12,41,43651,619,Employed,High School,22,21520,36,Married,1,Mortgage,531,0.21526415114103642,0,0,0.11626809148298912,0,Education,0,23,29,8296,582,45204,92519,3637.5833333333335,0.8256332145384285,2,10575,0.19702000000000003,0.21601532467625326,817.4290709608687,0.37069365768322426,0,48.0
2041-11-13,46,73268,581,Employed,Bachelor,21,35812,72,Married,0,Mortgage,302,0.3395393200271999,3,0,0.6131282340462946,0,Home,0,24,17,501,1211,157115,18275,6105.666666666667,0.8476470716535794,5,138840,0.260312,0.2684762353953784,1005.669114192615,0.21417302738318744,0,54.0
2041-11-14,61,48397,661,Employed,Bachelor,39,26923,60,Divorced,0,Rent,551,0.7483227952952307,2,1,0.059393238514945504,0,Home,0,21,21,1770,2688,123386,18269,4033.0833333333335,0.7192102057090891,2,105117,0.20142300000000002,0.18683007142363292,693.709908550341,0.3086248920925696,0,43.0
2041-11-15,28,125396,635,Self-Employed,Master,9,11878,24,Divorced,0,Rent,106,0.20974246091966642,2,0,0.24525956190069426,0,Home,0,24,4,689,2904,426791,41112,10449.666666666666,0.7868026227747865,5,385679,0.169378,0.17432022784363949,589.7438889395438,0.06658048635741591,1,37.6
2041-11-16,48,32803,582,Employed,Associate,26,28485,36,Married,0,Other,648,0.28580063199336636,3,1,0.3101632614258542,0,Auto,0,25,21,4986,445,89793,41582,2733.5833333333335,0.9650851917510688,4,48211,0.22248500000000002,0.20969379571984365,1072.7265127285095,0.6294765159510445,0,55.0
2041-11-17,62,15000,480,Employed,Associate,41,40083,60,Single,1,Mortgage,636,0.1803421352278822,2,1,0.06660225283966964,0,Auto,0,19,4,10488,993,65011,18153,1250.0,0.6130992208065515,8,46858,0.305083,0.24406640000000002,1162.586540445399,1.438869232356319,0,54.0
2041-11-18,53,25163,558,Employed,High School,30,24778,48,Widowed,0,Mortgage,255,0.656372507934079,7,1,0.29465392879987296,0,Debt Consolidation,0,25,21,888,359,151811,137994,2096.9166666666665,0.8099111926406176,4,13817,0.240778,0.24470055158177972,814.2606431308842,0.5099204275154239,0,56.0
2041-11-19,44,75215,653,Employed,Master,24,25262,60,Married,0,Rent,781,0.6446371286435141,2,2,0.4946624185576718,0,Home,0,28,15,3089,673,37378,50590,6267.916666666667,0.7319780940009141,7,7194,0.203762,0.21275451560767578,687.342102729501,0.23426318198170593,0,52.0
2041-11-20,56,65362,630,Employed,High School,34,21481,24,Divorced,1,Mortgage,309,0.13190500260930912,5,1,0.21750870266815936,0,Education,0,20,11,2048,424,20043,140178,5446.833333333333,0.7277948973880564,2,1656,0.181481,0.19363481192032353,1086.6247934622377,0.2562268217243483,0,48.0
2041-11-21,51,36550,630,Unemployed,Associate,30,24040,72,Single,1,Rent,371,0.03197535714600582,2,1,0.45499500961739453,0,Auto,0,27,19,259,691,170954,47891,3045.8333333333335,0.9489763208461319,0,123063,0.22404000000000002,0.2123668787551367,593.1881670880905,0.31655972654054954,0,52.0
2041-11-22,38,30017,632,Employed,Doctorate,16,22066,60,Divorced,1,Mortgage,821,0.12383355844571728,6,2,0.4675404783521847,0,Debt Consolidation,0,25,23,1132,1269,334668,11572,2501.4166666666665,0.7922321665085813,4,323096,0.21106600000000003,0.1890085150548033,571.2010567088937,0.5565650358299206,0,47.0
2041-11-23,18,27682,534,Employed,High School,0,27230,120,Married,0,Mortgage,245,0.1897595603123067,4,1,0.3381573155146709,0,Education,0,24,12,27200,2440,180212,5812,2306.8333333333335,0.7940856049985557,6,174400,0.31523,0.3432740869790765,806.2727910694332,0.45572117234423803,0,51.0
2041-11-24,36,21746,605,Employed,Bachelor,12,19070,60,Divorced,3,Mortgage,340,0.2088898563362249,4,3,0.21895140452532535,1,Education,0,23,12,1082,1505,263483,18186,1812.1666666666667,0.8401562825771175,2,245297,0.22157,0.2351357490735279,543.2341421378096,0.48739123083112823,0,59.0
2041-11-25,51,33874,608,Employed,Associate,28,21080,60,Divorced,1,Mortgage,393,0.27228330204650775,4,1,0.6496914485007041,0,Education,0,37,17,1591,82,17876,26067,2822.8333333333335,0.9410842561226657,6,9564,0.22208,0.18744888452795308,543.8720331895801,0.3318906653561717,0,56.0
2041-11-26,43,90525,595,Employed,Bachelor,22,21069,60,Married,1,Own,453,0.7132493809775678,0,1,0.41062668785963385,0,Debt Consolidation,0,18,28,240,865,55976,37563,7543.75,0.8877079685982895,4,18413,0.22856900000000002,0.2414395495406282,607.8740132906859,0.1406295295165781,1,45.6
2041-11-27,61,72219,548,Self-Employed,Master,41,15043,48,Married,5,Mortgage,321,0.2792421238652783,3,1,0.12114845600833836,0,Home,0,31,24,364,11592,96363,19378,6018.25,0.6013689215758596,4,76985,0.236043,0.2453851008525534,494.91855878783707,0.1355740553795268,1,40.800000000000004
2041-11-28,45,90303,488,Employed,High School,27,26230,96,Married,0,Rent,751,0.15713156717800603,4,1,0.26964599584637244,0,Home,0,18,25,30292,3160,106939,35651,7525.25,0.917417004629126,6,71288,0.31723,0.3617352614457748,839.1803868403098,0.21131263238301848,0,48.0
2041-11-29,38,52511,613,Employed,High School,16,30122,48,Married,2,Mortgage,419,0.15135842598486487,7,0,0.23707374762101008,0,Home,0,18,20,1796,3604,105020,8938,4375.916666666667,0.9600668501517826,3,96082,0.218622,0.1919897002680621,903.8170443371199,0.3022948435955407,0,46.0
2041-11-30,42,26451,502,Employed,High School,20,19702,36,Single,1,Own,483,0.3458842932118286,4,0,0.3290845985833998,0,Education,0,20,19,2363,2752,28676,10194,2204.25,0.9104151664714424,3,18482,0.253702,0.30444239999999995,841.1820392949678,0.600740405713947,0,56.0
2041-12-01,41,53627,624,Employed,Associate,20,20418,96,Married,1,Rent,646,0.1792915038142243,2,2,0.5328520165321855,0,Other,1,30,13,1450,1587,309477,1305,4468.916666666667,0.8350005170245384,4,308172,0.24341800000000002,0.23422369750804867,472.38284469668116,0.2502581560848112,0,54.0
2041-12-02,41,66363,641,Employed,Bachelor,22,20862,48,Single,3,Own,365,0.20481293845576062,3,3,0.3590309799379946,0,Home,0,17,2,3783,5694,12766,24804,5530.25,0.797944947667243,3,8555,0.195362,0.16602602366922373,597.6932395194426,0.17407770706919987,1,44.0
2041-12-03,50,68245,568,Employed,Associate,28,23104,24,Married,2,Mortgage,427,0.1360431157250738,3,0,0.5742718062807017,0,Debt Consolidation,0,35,15,1474,6591,57793,19854,5687.083333333333,0.781051025684296,4,37939,0.214104,0.22013079841042762,1198.742123630767,0.28586571153299445,0,57.0
2041-12-04,25,55230,532,Employed,Associate,3,14710,72,Single,4,Own,299,0.3657621833975744,1,0,0.42610808044439535,0,Debt Consolidation,0,23,5,833,1528,27581,19441,4602.5,0.8596877772852405,4,8140,0.26371,0.2621095108432937,407.24604447824834,0.1534483529556216,0,58.0
2041-12-05,23,15000,520,Employed,Doctorate,0,26572,60,Divorced,5,Mortgage,258,0.2477589034827272,2,1,0.5672402246013529,0,Other,0,24,3,1179,474,65639,17406,1250.0,0.715076760012933,2,48233,0.271572,0.2576381703539194,791.8669887350069,0.8398935909880056,0,63.0
2041-12-06,42,67881,619,Self-Employed,Associate,17,11073,48,Married,1,Own,696,0.3482806138611882,6,0,0.19511687396660984,0,Home,0,16,13,1297,1139,12966,12964,5656.75,0.9590174248931205,7,9429,0.19657300000000003,0.23389255478750248,357.27162068896854,0.1861973077631093,0,50.0
2041-12-07,25,36871,549,Employed,High School,4,39601,72,Single,2,Own,481,0.12214099306771256,5,0,0.12707889565189462,1,Debt Consolidation,0,23,7,5203,292,54532,10130,3072.5833333333335,0.8233280605733051,4,44402,0.280101,0.28071037217272016,1142.558240798645,0.5284016948166239,0,63.0
2041-12-08,44,51304,646,Employed,Master,21,12699,96,Widowed,2,Rent,744,0.1095506436452916,3,0,0.5534747189837574,0,Debt Consolidation,0,28,12,6699,1033,92675,80142,4275.333333333333,0.7880141668548205,5,12533,0.22469899999999998,0.22228764970194337,283.9969826714524,0.24044838203760777,0,54.0
2041-12-09,42,87529,495,Employed,High School,19,12360,120,Married,2,Rent,237,0.2986665733814963,1,2,0.2566552711906404,0,Education,0,12,15,863,6287,13710,27838,7294.083333333333,0.6771173609898448,3,2725,0.31986000000000003,0.34249820745822335,365.24602036154164,0.0825663750795565,0,51.0
2041-12-10,24,15000,436,Employed,High School,0,17769,36,Divorced,0,Other,362,0.1301085732929861,2,0,0.1675988430454135,0,Auto,0,24,25,1422,1783,28400,5505,1250.0,0.6784890024137887,3,22895,0.28476899999999994,0.3385023972276266,792.2787639268304,0.9234230111414643,0,51.0
2041-12-11,33,37636,614,Unemployed,Associate,11,42428,96,Divorced,0,Mortgage,180,0.20271837955521452,3,0,0.20259921376814097,0,Debt Consolidation,0,25,1,4230,11825,163015,150953,3136.3333333333335,0.9258716280681873,7,12062,0.270428,0.2301396694154015,970.338706436029,0.3667782037738428,0,57.0
2041-12-12,55,61583,566,Employed,Associate,34,20332,24,Widowed,3,Mortgage,366,0.3820826929868401,3,0,0.2296626926059472,0,Debt Consolidation,0,22,7,4353,1117,87291,9147,5131.916666666667,0.7254205338621226,6,78144,0.21233199999999997,0.19538508254678952,1030.2354372688276,0.2720690003284337,0,51.0
2041-12-13,55,23639,496,Employed,Bachelor,33,17682,60,Single,0,Other,990,0.26697477914675866,2,0,0.10019806536804163,0,Home,0,25,4,5800,13629,58371,25714,1969.9166666666667,0.9800881249367744,9,32657,0.274682,0.2620590765671024,531.5649593886774,0.7724006731530153,0,55.0
2041-12-14,43,44934,589,Employed,Bachelor,18,55675,84,Single,5,Mortgage,524,0.44301300017136047,1,0,0.27979138408314164,0,Other,0,21,18,1572,588,10919,24264,3744.5,0.8617807421616585,9,6132,0.286175,0.24762954632042683,1400.7982529396306,0.5140334498436723,0,54.0
2041-12-15,25,24659,548,Employed,High School,3,32010,36,Married,0,Rent,517,0.386095843667543,1,2,0.21177660004852036,0,Auto,0,28,22,259,355,89560,6735,2054.9166666666665,0.7976319848003952,5,82825,0.24300999999999998,0.25041350236120336,1273.412178304297,0.8712821338923543,0,52.0
2041-12-16,44,33103,523,Employed,Associate,23,11722,36,Single,2,Other,413,0.5019813272994913,3,2,0.34870583062306354,0,Debt Consolidation,0,25,24,843,3009,153197,45697,2758.5833333333335,0.7762473571512967,5,107500,0.23522200000000001,0.2637858832161445,474.6538586021632,0.32177888116563325,0,52.0
2041-12-17,43,37676,590,Employed,Associate,18,27716,12,Married,1,Own,594,0.05911195973601559,2,0,0.36548042916609835,0,Debt Consolidation,0,19,9,4638,1870,17174,11369,3139.6666666666665,0.6730335638046462,4,5805,0.197716,0.18003710021300418,2541.05162037194,0.9985300839914875,0,55.0
2041-12-18,37,32860,591,Self-Employed,Associate,13,25981,96,Married,2,Mortgage,209,0.23348541016882934,1,3,0.3395666509909982,0,Home,0,21,22,1357,3916,143845,11034,2738.3333333333335,0.7535563061064308,2,132811,0.265481,0.2737293997225616,669.4482276468233,0.3207966747340803,0,54.0
2041-12-19,43,76535,662,Unemployed,Master,18,12339,36,Single,4,Own,457,0.6281716533108122,1,0,0.41806423278593613,0,Auto,0,25,2,5611,1335,57986,12567,6377.916666666667,0.6185398742851294,4,45419,0.166339,0.1504501772523577,428.0075563194819,0.13876122918708803,1,47.2
2041-12-20,26,27489,560,Employed,High School,5,14222,48,Married,4,Own,244,0.4408928681798318,2,1,0.4266220695442383,0,Auto,0,28,6,4938,955,73079,4454,2290.75,0.661902169397074,7,68625,0.229222,0.18337760000000003,420.2855316522768,0.28998604459337635,0,59.0
2041-12-21,46,50776,551,Self-Employed,High School,22,13263,60,Single,1,Mortgage,760,0.09610082825606737,3,2,0.21239586379419886,0,Education,0,30,9,2632,9506,69533,17832,4231.333333333333,0.9002644442296743,5,51701,0.242763,0.2240536413669966,369.3729796612601,0.26690711666801487,0,53.0
2041-12-22,61,29369,676,Employed,Master,38,16712,48,Single,0,Rent,463,0.257506956127086,6,1,0.1877627585712373,0,Home,0,22,2,2009,1520,270360,14800,2447.4166666666665,0.735953378971301,7,255560,0.173712,0.13903937873020403,455.8751695207847,0.3754469690574898,0,44.0
2041-12-23,40,16216,641,Self-Employed,Master,15,26710,36,Single,1,Rent,495,0.5407409952503349,4,0,0.0174384856118119,0,Home,0,32,25,1275,599,21095,32327,1351.3333333333333,0.5927935980199942,4,3010,0.19121000000000002,0.1680618504902879,949.7099367874405,1.0690996078841444,0,53.0
2041-12-24,47,38663,509,Unemployed,Master,24,17250,12,Married,0,Mortgage,358,0.2549422206556263,2,0,0.27833420872514075,0,Auto,0,15,9,1930,1871,69226,30395,3221.9166666666665,0.8971822885524702,4,38831,0.22775,0.2708122297223674,1656.983882212085,0.6253991306040665,0,57.0
2041-12-25,51,39650,539,Employed,Bachelor,29,27919,24,Single,2,Mortgage,230,0.0724169603673999,3,1,0.1874727139444313,0,Home,0,23,22,1166,620,398512,52086,3304.1666666666665,0.46960897734902646,7,346426,0.233419,0.25036980302628553,1490.5975443222692,0.5207357006776099,0,44.0
2041-12-26,42,38929,492,Employed,Associate,19,41177,48,Married,2,Mortgage,717,0.31344304513743815,5,1,0.21604740623365323,0,Home,0,42,5,999,593,44966,15081,3244.0833333333335,0.7079539315006559,6,29885,0.29017699999999996,0.3115716560899445,1510.459807451706,0.6866222530612262,0,55.0
2041-12-27,35,43371,560,Employed,Bachelor,11,9209,48,Divorced,0,Mortgage,333,0.16177444258730014,3,0,0.10120173972453142,0,Debt Consolidation,0,29,9,2514,2285,135926,47771,3614.25,0.9129219312329342,5,88155,0.224209,0.24600514293678022,303.2957283184559,0.17605194115472253,0,49.0
2041-12-28,55,62581,586,Employed,Bachelor,30,21163,84,Married,2,Mortgage,247,0.19502272748147922,2,1,0.4809648223085495,0,Education,0,21,28,3181,856,95104,3138,5215.083333333333,0.968468460031274,2,91966,0.253163,0.27402786248983113,568.6041417801941,0.15639330949269475,0,53.0
2041-12-29,33,41773,573,Employed,High School,11,11892,84,Married,1,Rent,501,0.2708912093822893,4,0,0.240112034780659,0,Home,0,17,17,1151,4864,128178,11009,3481.0833333333335,0.8157631311198128,2,117169,0.250392,0.223167293905943,280.91168834650296,0.2246173427850055,0,49.0
2041-12-30,57,135126,597,Employed,Associate,34,36626,36,Married,2,Mortgage,117,0.23351606241996695,4,2,0.2534371183278333,0,Auto,0,26,5,1412,3340,251964,24159,11260.5,0.9071405671472873,3,227805,0.223126,0.17850080000000002,1321.364727446687,0.12773542271184113,1,38.400000000000006
2041-12-31,28,33226,583,Employed,Master,7,14527,72,Single,0,Rent,620,0.5243721510833432,4,3,0.5230602545369649,0,Education,0,32,28,1421,1254,28503,61728,2768.8333333333335,0.7553234266605748,4,8607,0.23802700000000002,0.24868638798570672,390.1462264620405,0.3648273857083153,0,60.0
2042-01-01,26,26122,447,Employed,Bachelor,0,12317,36,Married,0,Mortgage,251,0.03994520097600907,1,0,0.27598450032722877,0,Home,0,21,13,728,359,505249,27109,2176.8333333333335,0.8274570010230173,3,478140,0.273817,0.2891811824427374,515.604213286812,0.3521648633122174,0,47.0
2042-01-02,34,26785,583,Unemployed,Bachelor,11,14783,36,Married,1,Own,536,0.4049667590690081,3,2,0.14469537258601467,0,Auto,0,17,11,7739,1062,186137,20700,2232.0833333333335,0.7633122986760771,7,165437,0.208283,0.2017730901105182,550.725714285429,0.4868661030959548,0,52.0
2042-01-03,53,166135,502,Employed,Master,32,10079,72,Divorced,1,Other,281,0.2471082691228058,3,0,0.22147897105786343,0,Auto,0,28,15,4902,608,89563,147284,13844.583333333334,0.5314344041860164,4,3571,0.27407899999999996,0.24734559837368153,269.8604606236556,0.03978887969111787,1,40.0
2042-01-04,42,25663,603,Employed,Master,20,34903,60,Divorced,0,Own,467,0.01575240503362327,1,0,0.1935144711069729,0,Education,0,22,29,12296,360,22604,3664,2138.5833333333335,0.6030061801796782,10,18940,0.23840299999999998,0.2470627038315852,1018.4475588985433,0.694594190343394,0,48.0
2042-01-05,39,87700,575,Employed,High School,18,10958,48,Married,4,Mortgage,153,0.3925515872827763,3,2,0.05148240482241691,0,Education,1,17,12,7517,323,40549,56302,4600.833333333333,0.9538600613413294,8,6245,0.218458,0.226622222721859,349.1952083503271,0.10915309726868186,0,55.0
2042-01-06,49,80490,560,Employed,Master,25,9101,60,Single,0,Other,371,0.2751995593647559,3,1,0.3232632461276081,0,Debt Consolidation,0,19,6,3499,448,84931,54906,6707.5,0.9476769954339661,2,30025,0.234101,0.2295063046954609,256.30339595987596,0.0935226829608462,1,44.0
2042-01-07,56,51445,659,Employed,Bachelor,33,12230,36,Single,5,Own,423,0.06220964521993918,4,2,0.5215772881101669,0,Auto,0,23,16,341,639,20060,10933,4287.083333333333,0.8213229155074688,4,9127,0.16773,0.1689714175040169,435.40704994182437,0.20023101563420923,1,40.800000000000004
2042-01-08,43,32442,659,Self-Employed,Master,24,7764,36,Married,3,Own,1332,0.22170427310211796,5,2,0.19053095703823397,0,Debt Consolidation,0,33,12,1992,536,52436,12009,2703.5,0.9510061673706852,3,40427,0.163264,0.16622153316718818,275.34997321606005,0.594544099580566,0,48.0
2042-01-09,40,65063,462,Employed,High School,21,12405,12,Divorced,4,Own,254,0.10651446062548506,2,0,0.16493678888303462,0,Auto,1,15,26,1037,560,144007,18256,5421.916666666667,0.7220480461219166,6,125751,0.246405,0.24369641993518804,1175.2319931073712,0.2636027222428793,0,51.0
2042-01-10,48,109543,579,Employed,Associate,22,22364,48,Single,2,Mortgage,243,0.23245681507969915,2,0,0.1921684231008891,0,Education,0,20,28,7122,1503,54927,61020,9128.583333333334,0.8690100530488625,5,1051,0.227864,0.23547624178530135,723.5257450320212,0.10587905151752511,1,39.2
2042-01-11,48,79997,610,Employed,Bachelor,21,23839,36,Single,4,Own,406,0.2716016219135353,2,1,0.35838953346153574,0,Debt Consolidation,0,31,16,3101,3761,26904,22271,6666.416666666667,0.8797298854951303,7,4633,0.203839,0.19888874933547987,884.5934482921418,0.19359627710421268,1,40.800000000000004
2042-01-12,61,42524,448,Employed,High School,36,8190,36,Single,3,Other,652,0.13315780541528152,3,2,0.015074560284005119,0,Debt Consolidation,0,25,8,843,811,58437,27260,3543.6666666666665,0.8897955469123798,3,31177,0.26919000000000004,0.29120612376146104,343.74540496827615,0.28099296537530133,0,51.0
2042-01-13,31,24697,563,Employed,Bachelor,5,10351,36,Married,3,Mortgage,494,0.19073578583534137,5,1,0.3081549951631352,1,Other,0,16,27,2720,466,9765,4607,2058.0833333333335,0.8229816588166977,4,5158,0.21385099999999999,0.2197633836704866,395.18268673293085,0.43204406368365267,0,67.0
2042-01-14,20,63922,519,Employed,Associate,0,19880,24,Single,2,Rent,239,0.2719834606055027,2,1,0.09897659284323491,0,Home,0,24,12,11671,2798,47453,6480,5326.833333333333,0.943945072291138,1,40973,0.23538,0.2095682626910196,1021.1252158781749,0.2365617876558634,0,50.0
2042-01-15,37,99724,588,Employed,Master,18,20613,48,Single,3,Mortgage,1169,0.21431956831105278,3,0,0.046397265111042404,1,Auto,0,21,22,1671,223,90633,6649,8310.333333333334,0.7741690887806906,4,83984,0.221613,0.21232294359804152,640.87412381016,0.21778598417353814,1,47.2
2042-01-16,61,212819,636,Employed,Associate,39,31237,84,Married,1,Mortgage,407,0.1580223094333811,4,0,0.407439127132433,0,Other,0,18,15,7514,6537,339042,227329,17734.916666666668,0.7854859234839894,11,111713,0.23823700000000003,0.26201344453097775,814.8100484833053,0.06889291173156374,1,36.800000000000004
2042-01-17,26,32417,555,Employed,High School,4,25617,48,Married,1,Mortgage,271,0.09045792723547717,3,2,0.3205074917479871,0,Home,0,23,11,6309,8384,41372,3812,2701.4166666666665,0.899567500895985,7,37560,0.243117,0.23463625751726108,827.5832879610905,0.4066693233653048,0,54.0
2042-01-18,47,86363,531,Employed,Bachelor,23,30708,48,Married,0,Other,721,0.3310277904835333,0,1,0.24504089748439137,0,Education,0,21,12,2770,5309,24609,6564,7196.916666666667,0.8378063179088966,4,18045,0.260208,0.24178947780343185,1004.17748939717,0.23971063849989047,0,51.0
2042-01-19,41,81828,644,Employed,Associate,18,21595,48,Married,3,Own,311,0.11760237524161331,2,1,0.10875908304613746,0,Home,0,27,26,4023,1055,69023,35319,6819.0,0.7892566465120975,4,33704,0.19459500000000002,0.18464682239602437,639.6087670316392,0.13940589045778548,1,36.0
2042-01-20,18,15000,555,Employed,Bachelor,0,27944,72,Divorced,2,Own,1043,0.19626852896699162,2,0,0.36829592559517915,0,Debt Consolidation,0,23,23,11465,3040,20164,23789,1250.0,0.818882814571208,9,9930,0.265444,0.2786870827973326,802.6576901230312,1.476526152098425,0,55.0
2042-01-21,62,94311,621,Employed,Master,43,21872,48,Single,1,Mortgage,207,0.2691190310853952,2,0,0.16936358301854393,0,Home,0,29,17,3258,699,10157,30073,7859.25,0.9697553027849103,6,3824,0.20637200000000003,0.2206646900024457,689.8904425976856,0.11411908802973383,1,36.800000000000004
2042-01-22,38,66282,530,Employed,Associate,16,20643,36,Married,0,Rent,660,0.3050029584365178,1,2,0.24705512012035946,0,Home,0,27,15,5818,2410,584686,7036,5523.5,0.5446230410458116,5,577650,0.240643,0.25747243845390716,828.9423564772437,0.2695650142984057,1,35.2
2042-01-23,25,22117,535,Employed,High School,3,26973,84,Single,0,Mortgage,501,0.6143266471741994,1,0,0.24724365747335847,0,Other,0,27,27,2529,4579,18430,84341,1843.0833333333333,0.8357979291662594,3,3629,0.284473,0.27167461422071565,720.5486271721344,0.6627744959110915,0,56.0
2042-01-24,47,30558,513,Employed,Bachelor,25,9790,60,Single,3,Own,377,0.23988842779614336,2,0,0.012578708008451744,0,Education,0,26,14,5272,1722,12315,18923,2546.5,0.6640409716105979,7,8981,0.25829,0.28891929733646793,310.10910507221394,0.2698248989091749,0,51.0
2042-01-25,59,62971,673,Unemployed,Master,38,11810,24,Married,0,Other,496,0.5274745594853096,2,0,0.4568242935188672,0,Home,1,22,18,11147,553,51481,3717,5247.583333333333,0.8040832852052308,7,47764,0.15030999999999997,0.16759937577301764,582.5517779670885,0.20553304434747843,0,60.0
2042-01-26,22,27143,609,Employed,Associate,2,16687,60,Married,0,Mortgage,332,0.05399427125115766,2,1,0.5245451746989079,0,Education,0,23,11,12014,789,31371,18854,2261.9166666666665,0.8203575874800072,7,12517,0.21718700000000002,0.19863945398418714,440.84113300693355,0.3416753341960433,0,56.0
2042-01-27,40,190923,615,Employed,Bachelor,14,20858,84,Married,1,Mortgage,255,0.5337839633241359,4,1,0.36077562328370516,0,Debt Consolidation,0,17,29,8234,2107,25334,8932,15910.25,0.6270096984269716,3,16402,0.23835800000000001,0.25368007776597773,532.8677713913764,0.04951950920892987,1,40.0
2042-01-28,42,55346,528,Employed,Master,20,20377,60,Married,2,Other,602,0.11239018520131942,2,0,0.19273292491067223,0,Home,0,29,27,4995,830,6216,40746,4612.166666666667,0.798276426932381,2,9391,0.261377,0.3132631424490603,675.9617618974014,0.2770849048308607,0,49.0
2042-01-29,18,38379,452,Employed,High School,0,12156,60,Married,0,Mortgage,311,0.2492022413336304,3,0,0.60653370367705,0,Auto,1,27,18,16642,1171,50212,68645,3198.25,0.9067018031706549,10,5294,0.291156,0.2926649996209227,387.828789406775,0.21850349078614087,0,65.0
2042-01-30,54,111248,638,Self-Employed,Doctorate,33,10116,60,Married,0,Mortgage,178,0.16736829449240223,0,0,0.05682301952773794,0,Home,0,26,26,2862,3159,138427,121929,9270.666666666666,0.5099458259280623,3,16498,0.196116,0.175225489592889,254.25970196402665,0.0466266038361887,1,38.400000000000006
2042-01-31,53,99599,652,Employed,Associate,30,20353,48,Divorced,3,Rent,474,0.27664680411720716,4,1,0.2368979699248843,0,Debt Consolidation,0,20,22,1385,2455,190552,59580,8299.916666666666,0.6775539203050853,1,130972,0.18935300000000002,0.16714465983101645,584.2843363181739,0.1275054170806744,1,32.800000000000004
2042-02-01,20,61610,387,Employed,Associate,0,26325,60,Married,3,Mortgage,404,0.05951129944332566,1,2,0.6489387692415538,0,Home,0,19,26,1521,966,45777,42298,5134.166666666667,0.7920704323304762,5,3479,0.337825,0.31923160453286326,883.0603595767104,0.2506853483999436,0,57.0
2042-02-02,48,24012,639,Employed,Master,26,21237,72,Married,1,Rent,220,0.10116355844148876,4,0,0.3133406337142012,0,Auto,0,24,11,1150,2727,44963,11402,2001.0,0.7112810037042243,8,33561,0.216737,0.20608509211673562,516.2046915436229,0.36791838657852216,0,52.0
2042-02-03,26,24853,598,Employed,High School,4,54907,48,Married,5,Mortgage,322,0.45718491500772085,2,1,0.6266668060792383,0,Home,0,23,5,1603,160,37677,14474,2071.0833333333335,0.8460995192430861,9,23203,0.250907,0.2783232040702762,1908.3623354791303,1.0769061290689077,0,63.0
2042-02-04,37,83735,557,Employed,Associate,14,20208,36,Married,3,Mortgage,273,0.14476899150512526,3,0,0.4102501430688402,0,Home,0,23,18,4099,1611,18957,16081,6977.916666666667,0.9388986600300842,6,2876,0.226708,0.2613334269552931,815.6289453531859,0.156010597053063,0,54.0
2042-02-05,38,58107,447,Employed,High School,17,31499,48,Divorced,1,Own,447,0.7821117817669342,3,0,0.29589788756252355,0,Home,0,21,25,7815,728,72823,58569,4842.25,0.9732999902270593,4,14254,0.30299899999999996,0.3011313642937091,1136.226424663824,0.3269609013710205,0,54.0
2042-02-06,55,33714,590,Employed,Bachelor,30,48860,48,Married,1,Mortgage,585,0.22706644652986124,2,1,0.465563601569291,0,Debt Consolidation,0,20,27,434,548,431363,11125,2809.5,0.8944090340606695,5,420238,0.24886,0.2642942908651969,1659.2539716845804,0.7988090306761275,0,51.0
2042-02-07,26,58938,582,Self-Employed,Master,1,42260,48,Single,0,Mortgage,766,0.14935909556298674,2,1,0.11460391319437824,0,Auto,0,26,4,1177,1358,22487,31744,4911.5,0.9598245355126207,3,5977,0.24626,0.2767173350314752,1464.9246419566555,0.4542247056819007,0,55.0
2042-02-08,55,42956,529,Employed,High School,31,19215,36,Divorced,4,Mortgage,382,0.15138616690188336,4,1,0.263949701555092,0,Debt Consolidation,0,24,5,653,1495,238895,15808,3579.6666666666665,0.7774654858941388,9,223087,0.239715,0.24768385669672469,761.6332274332431,0.31948036896356546,0,50.0
2042-02-09,30,32169,515,Employed,Master,8,37873,36,Married,2,Rent,312,0.36445206064093955,6,2,0.11533842746059739,0,Debt Consolidation,0,16,21,24189,3386,89434,36160,2680.75,0.7803574791144928,7,53274,0.26537299999999997,0.24639777323608775,1498.6178218821137,0.6754146495876578,0,49.0
2042-02-10,40,18322,620,Employed,Master,14,39308,60,Married,1,Mortgage,359,0.12973736490199025,2,1,0.4892878819062962,0,Home,0,22,27,3134,3160,136068,9659,1526.8333333333333,0.5559584189142333,6,126409,0.23430800000000002,0.22627859349590568,1099.7228031597595,0.9553909855865689,0,50.0
2042-02-11,43,30087,619,Employed,Bachelor,16,29630,36,Single,2,Mortgage,500,0.3244579116180198,2,1,0.17459863049355712,0,Debt Consolidation,0,21,8,3907,1749,5656,61868,2507.25,0.7518847941376612,4,6115,0.20513,0.22693079190753712,1142.234589463607,0.6549943521641668,0,49.0
2042-02-12,37,44608,573,Employed,Bachelor,14,21998,96,Married,0,Mortgage,275,0.11448846496237677,3,1,0.4752435587331771,0,Auto,0,12,13,1672,2060,22018,30078,3717.3333333333335,0.8187545373149095,2,6195,0.270498,0.25227921705542594,535.0800032832813,0.21791965655038054,0,56.0
2042-02-13,50,110674,564,Employed,Bachelor,27,62179,60,Married,2,Rent,578,0.2628036523555614,3,1,0.4026659958536303,0,Auto,0,20,24,2512,3868,58083,138902,9222.833333333334,0.9296099459456564,8,2091,0.28517899999999996,0.27215188900451975,1906.661444657948,0.26940326848126367,0,55.0
2042-02-14,39,66548,599,Self-Employed,Bachelor,17,36740,108,Married,1,Mortgage,1176,0.12411026354668588,0,1,0.23588124192258494,0,Other,0,32,21,519,4487,16320,12910,5545.666666666667,0.8528923462747336,4,3410,0.28224,0.3258560903850265,1056.1489733393998,0.40250327102351385,0,54.0
2042-02-15,18,35343,604,Employed,Bachelor,0,23175,24,Single,0,Mortgage,221,0.31308181466767654,3,0,0.28905004126514505,0,Education,0,24,10,1928,760,151400,7135,2945.25,0.9367207532783381,6,144265,0.196175,0.22768577773936427,1211.0903188756924,0.48623726979906373,0,46.0
2042-02-16,22,66916,459,Employed,Bachelor,3,23946,84,Married,0,Other,285,0.12863738918862744,4,1,0.27524124499851016,0,Home,0,29,5,1732,1638,160399,11454,5576.333333333333,0.825471874957697,8,148945,0.319446,0.3476170401210846,762.9722719072971,0.18793214272950512,0,49.0
2042-02-17,24,27729,595,Employed,Bachelor,3,23355,60,Married,0,Mortgage,593,0.053747647836476065,5,0,0.18279578504276173,0,Debt Consolidation,0,26,13,1686,531,24075,1227,2310.75,0.8899081591581247,6,22848,0.23085499999999998,0.20927246374822475,630.8757725044111,0.5296443892694628,0,51.0
2042-02-18,45,57966,650,Employed,Doctorate,23,38542,84,Married,1,Own,378,0.5297483370634244,3,0,0.13866763024063994,0,Home,0,28,25,1088,4569,206254,5612,4830.5,0.9698005889964397,8,200642,0.238542,0.26096970026560773,1002.7551533761797,0.2858410419990021,0,41.0
2042-02-19,30,44675,553,Employed,High School,6,18795,60,Married,0,Own,600,0.41011435522716183,3,1,0.2602651981273646,0,Auto,0,33,27,5601,503,35411,26057,3722.9166666666665,0.8175111145832809,10,9354,0.247295,0.23012402171855814,529.9738370537324,0.30351843412747154,0,54.0
2042-02-20,52,17415,622,Employed,Bachelor,29,9245,96,Divorced,1,Mortgage,427,0.5555752398328774,3,0,0.08078248011418093,0,Home,0,30,25,1094,1142,129092,90923,1451.25,0.9671915669781219,7,38169,0.23324500000000004,0.22484673295005078,208.27387909983716,0.437742552351309,0,50.0
2042-02-21,40,45407,666,Employed,Master,19,18039,60,Divorced,1,Mortgage,670,0.43757929566851533,5,1,0.17687397996871645,0,Debt Consolidation,0,18,9,12134,3591,22199,167863,3783.9166666666665,0.9365267204067766,6,4175,0.190039,0.17551470806559105,453.6819373274486,0.2969626543909394,0,47.0
2042-02-22,46,115604,588,Employed,High School,22,26396,96,Married,3,Mortgage,505,0.26652590631331563,1,0,0.020911998942662522,0,Home,0,22,29,1227,479,133537,3825,9633.666666666666,0.6800168857847481,3,129712,0.267396,0.22759467403087486,599.3354009751384,0.11463292629754733,1,36.0
2042-02-23,49,29246,553,Employed,Doctorate,26,27322,84,Divorced,2,Mortgage,492,0.10802540084682855,4,4,0.026887014983387202,0,Home,0,17,22,7121,2226,72055,17918,2437.1666666666665,0.8538389061439573,8,54137,0.275822,0.2812331531283584,747.0402404333255,0.5083937251316387,0,49.0
2042-02-24,45,78580,551,Employed,High School,21,20058,60,Married,4,Mortgage,476,0.4807316193503782,2,1,0.27611252789262564,0,Debt Consolidation,1,23,21,1764,1697,117916,6976,6548.333333333333,0.6169178273908559,3,110940,0.249558,0.24425637952226084,581.9939538073339,0.16156690564632234,0,55.0
2042-02-25,42,33494,581,Employed,Associate,17,21314,96,Married,0,Own,549,0.16093206390185602,2,3,0.4662737417102474,0,Auto,0,15,1,5133,1416,181691,10564,2791.1666666666665,0.8473269762176445,4,171127,0.265814,0.25171887353407635,517.6484615748353,0.3821514760523684,0,56.0
2042-02-26,51,83852,642,Employed,Master,27,12015,12,Divorced,3,Mortgage,645,0.5269925043527874,3,2,0.17582520772526197,0,Other,0,23,22,3440,4507,43626,7434,6987.666666666667,0.5926723319819434,4,36192,0.15601500000000001,0.15661543055739763,1088.2078070081402,0.24803813485781712,1,37.6
2042-02-27,51,33959,558,Self-Employed,Bachelor,29,51810,60,Married,2,Rent,371,0.21514853311546972,1,1,0.16931989112411228,0,Other,0,23,26,5331,929,42711,19015,2829.9166666666665,0.7759319120749009,5,23696,0.27781,0.22430621765847117,1443.6496693239344,0.6412378465763778,0,54.0
2042-02-28,50,69014,627,Employed,Bachelor,26,43971,48,Single,1,Rent,342,0.29921774881309127,4,0,0.034175647074655716,0,Debt Consolidation,0,29,29,1021,394,76721,9149,5751.166666666667,0.6267900636328263,3,67572,0.22547100000000003,0.23945299731551986,1432.2059414135445,0.30849496184777775,0,45.0
2042-03-01,32,15000,591,Employed,Associate,9,19386,72,Single,1,Other,272,0.24523764954075591,3,2,0.36466859492173354,0,Home,0,19,29,4014,658,329452,157145,1250.0,0.9568364467634461,4,172307,0.238886,0.2210106009449534,488.25868622978203,0.6082069489838257,0,52.0
2042-03-02,56,60874,576,Employed,High School,35,18705,12,Married,1,Mortgage,455,0.06106024556315172,2,2,0.4859939785397279,0,Education,0,25,15,1028,934,216411,13202,5072.833333333333,0.9101556798241347,4,203209,0.19570500000000002,0.20885294498067997,1740.6635656701726,0.43282785405989543,0,51.0
2042-03-03,48,177975,673,Employed,Master,25,48968,48,Single,3,Mortgage,383,0.10463776275535715,2,2,0.15161789748637253,0,Other,0,23,9,15503,2390,202189,19600,14831.25,0.866590373157313,5,182589,0.207468,0.21967902420183397,1541.9364484169982,0.12978922534627885,1,30.400000000000002
2042-03-04,19,29511,454,Employed,High School,0,29566,24,Single,1,Rent,531,0.09231240075419604,3,1,0.34726394056816084,0,Home,0,27,12,360,547,31417,2020,2459.25,0.7754857997021718,8,29397,0.27756600000000003,0.2532880766787266,1582.8642034588966,0.8595564515437213,0,55.0
2042-03-05,18,44626,577,Employed,High School,0,17599,36,Married,1,Rent,458,0.46195032011979553,2,0,0.3685392132437606,0,Home,0,31,5,3617,1191,37574,5810,3718.8333333333335,0.6308596894424745,5,31764,0.214099,0.1961185892944948,650.5665807709798,0.2980952576805395,0,58.0
2042-03-06,54,41595,651,Self-Employed,Bachelor,29,37260,48,Married,3,Mortgage,614,0.07414846912131258,0,3,0.37683088426056083,0,Auto,1,26,20,4180,297,93492,26729,3466.25,0.6680577750911595,6,66763,0.20676000000000003,0.19301721379541273,1120.019426786866,0.5002580387412524,0,55.0
2042-03-07,52,56438,596,Employed,Associate,28,21599,96,Divorced,0,Mortgage,397,0.18759099038628527,3,2,0.1892130113486059,0,Debt Consolidation,0,31,10,1802,16580,89312,67658,4703.166666666667,0.8603074216698494,4,21654,0.258599,0.24898226927036207,520.6482457007559,0.19511284858444788,0,49.0
2042-03-08,33,24984,604,Employed,Master,11,18302,48,Single,3,Mortgage,624,0.3195225618150135,3,2,0.15751611323301454,0,Other,0,19,15,2781,2932,90947,71306,2082.0,0.7614863037739648,5,19641,0.21130200000000002,0.21477392584541477,571.4441173251922,0.5741806519333296,0,49.0
2042-03-09,47,28882,641,Employed,Master,24,14362,72,Single,5,Rent,258,0.2551669349316512,3,1,0.37651291368308587,0,Education,0,24,5,697,1359,33762,20394,2406.8333333333335,0.9798959627892869,2,13368,0.208862,0.2145747969743854,356.25102042121887,0.2552112819422002,0,55.0
2042-03-10,40,32053,506,Employed,High School,16,21182,48,Divorced,0,Mortgage,374,0.4189010718241607,1,0,0.4362493920673807,0,Auto,0,31,6,2843,216,57728,38586,2671.0833333333335,0.6993642348466357,5,19142,0.26318199999999997,0.2622225204012955,716.8511357798224,0.40839277538320495,0,60.0
2042-03-11,53,107610,508,Self-Employed,Associate,29,13872,48,Married,0,Other,401,0.1997964247753165,5,0,0.13598918491871173,0,Auto,0,24,16,2178,4201,34070,8614,8967.5,0.5052737488755628,6,25456,0.254872,0.25511305090624664,463.9205012462277,0.09645057164719573,1,40.800000000000004
2042-03-12,39,47892,626,Self-Employed,Bachelor,16,33148,60,Married,1,Own,1088,0.20278691666989773,5,1,0.2477638113030195,0,Auto,0,23,9,1796,1994,24362,92603,3991.0,0.9242000541248365,4,4240,0.22514800000000001,0.24741317318626357,967.9169876200707,0.5151383080982388,0,54.0
2042-03-13,40,120108,603,Employed,High School,15,11087,60,Married,0,Mortgage,222,0.3857697568268028,0,2,0.4770562813428895,0,Debt Consolidation,0,28,11,5897,1175,189485,28202,10009.0,0.8956407841125835,7,161283,0.21458699999999997,0.20750425744806117,298.38617525538353,0.051991824883143516,1,37.6
2042-03-14,42,29568,533,Employed,Associate,20,32997,60,Divorced,1,Mortgage,1098,0.6088482547845201,3,1,0.17899950478643104,0,Auto,0,22,17,877,3097,15588,9844,2464.0,0.9683918804462522,5,5744,0.271497,0.27606250873885235,1019.5647151135591,0.8594012642506327,0,54.0
2042-03-15,31,96382,625,Employed,Bachelor,9,25314,60,Divorced,3,Rent,494,0.17240652667162837,2,1,0.32516327720121296,0,Debt Consolidation,0,26,14,2843,574,385032,3261,8031.833333333333,0.9292802133581408,5,381771,0.217814,0.21038703540188416,685.3799948938829,0.14683820566834674,1,34.4
2042-03-16,37,29215,589,Employed,Bachelor,12,22963,48,Divorced,3,Mortgage,683,0.24809092433840388,2,2,0.49697375553784334,1,Education,0,31,22,21324,824,22148,34622,2434.5833333333335,0.7168790552198298,7,10187,0.22346300000000002,0.21106427392489313,712.3803922742642,0.5731495706757203,0,70.0
2042-03-17,61,40650,566,Employed,High School,38,42933,84,Married,0,Rent,379,0.40524129564313066,1,3,0.132504800039069,0,Debt Consolidation,0,24,6,1410,322,105942,23499,3387.5,0.856262562058906,3,82443,0.284933,0.2796686996451409,1169.444226441063,0.45710530669846877,0,52.0
2042-03-18,36,36756,500,Employed,Associate,12,11209,60,Divorced,2,Rent,258,0.20940608009031833,2,2,0.4253950121254178,0,Debt Consolidation,0,26,7,5141,842,82206,15559,3063.0,0.5553777152267139,8,66647,0.266209,0.2803388377574108,349.2305788638388,0.19824700583213803,0,56.0
2042-03-19,34,22862,600,Employed,High School,12,9610,84,Married,3,Mortgage,321,0.2802759961359169,2,1,0.4029725103719798,0,Debt Consolidation,0,28,9,4212,4331,21432,15238,1905.1666666666667,0.8792229882727084,4,6194,0.23461,0.281532,262.94709335511044,0.30650709125454134,0,56.0
2042-03-20,32,81731,528,Employed,High School,12,20163,60,Married,2,Mortgage,570,0.7813346633805676,2,1,0.312585824802696,0,Home,0,21,7,2592,672,41770,3378,6810.916666666667,0.7351994240341777,3,38392,0.261163,0.2558005572494681,598.6870681319596,0.17159027563083182,0,56.0
2042-03-21,24,19532,479,Employed,High School,3,12885,96,Single,0,Own,285,0.19512799000980263,3,1,0.15759774101848142,0,Education,1,22,23,2386,1397,17958,16606,1627.6666666666667,0.6948197590221963,4,1352,0.308385,0.29338133304204167,349.39508911822617,0.38975737607099703,0,57.0
2042-03-22,53,56135,646,Employed,High School,31,17053,48,Single,2,Other,295,0.19128930698974972,1,2,0.45731669069827485,0,Home,0,24,9,2626,1709,19839,81753,4677.916666666667,0.8057156970195141,5,7355,0.189053,0.17938136139511612,500.38077164460304,0.1700288458134005,0,53.0
2042-03-23,36,56298,580,Employed,High School,15,31184,72,Single,1,Rent,396,0.041781248386352596,4,0,0.34149755482225336,0,Debt Consolidation,0,30,23,791,738,38147,83589,4691.5,0.8928849291479967,4,6833,0.25618399999999997,0.2726364421385346,883.8370177923697,0.2727991085564041,0,53.0
2042-03-24,24,45598,564,Employed,High School,4,10225,36,Divorced,1,Mortgage,149,0.044981122741342056,2,3,0.20305432201084297,0,Other,1,27,13,1941,3817,202426,62934,3799.8333333333335,0.8068102523931302,2,139492,0.213225,0.1778647234167792,368.5639061574243,0.1362070019274769,1,43.2
2042-03-25,25,28277,620,Employed,Bachelor,2,20525,72,Married,3,Own,390,0.6030532969618799,4,2,0.2726151807778972,0,Home,0,29,29,5584,661,112073,25162,2356.4166666666665,0.6830804426592264,1,86911,0.22552500000000003,0.23498683077258528,534.1290471460601,0.3921755690403056,0,51.0
2042-03-26,37,39319,598,Employed,Bachelor,13,32539,36,Single,2,Own,493,0.37927977159746007,3,1,0.20281186917881097,0,Auto,1,24,10,1222,1723,43135,16557,3276.5833333333335,0.826172098602552,5,26578,0.218539,0.17483120000000002,1167.9428932581066,0.5069130628728421,0,59.0
2042-03-27,25,59073,498,Self-Employed,Associate,0,59393,60,Divorced,2,Mortgage,323,0.42374435523882037,0,1,0.32881520066240755,0,Home,0,23,6,8677,493,61829,37972,4922.75,0.5909865033984316,7,23857,0.315393,0.34052492517240934,2071.9828841038425,0.4865132058511691,0,60.0
2042-03-28,28,30934,598,Employed,Bachelor,6,5814,120,Divorced,2,Mortgage,244,0.5597141429385578,3,3,0.3600200641459144,0,Auto,0,20,18,1012,4771,139129,5769,2577.8333333333335,0.8238384670502942,3,133360,0.261814,0.28785339263156323,148.0771895108834,0.15209563180095043,0,52.0
2042-03-29,30,59476,620,Employed,Bachelor,8,14803,24,Married,4,Rent,401,0.43608614557733666,1,2,0.5614062121958325,0,Debt Consolidation,0,17,7,1214,1708,29754,64514,4956.333333333333,0.7791183741236468,6,8466,0.17980300000000002,0.17700874345717013,736.8887647605783,0.2295827758613044,0,57.0
2042-03-30,45,21539,550,Unemployed,High School,22,29726,24,Married,0,Own,315,0.22406075231769446,2,0,0.0784030094043197,0,Home,0,17,19,6109,2137,108318,21679,1794.9166666666667,0.635221864619098,4,86639,0.22972599999999999,0.21129843942908358,1529.3863427804285,1.0275609876672613,0,53.0
2042-03-31,56,156799,576,Employed,Bachelor,37,26814,60,Single,0,Own,256,0.22449283797929423,5,1,0.10966161800493467,0,Education,0,19,21,7312,6617,65583,9184,13066.583333333334,0.8903107689700033,3,56399,0.24381400000000003,0.26534161881731866,811.3249812135987,0.08168355521759184,1,36.800000000000004
2042-04-01,27,50156,489,Self-Employed,Doctorate,5,20354,24,Married,1,Rent,248,0.43166451471548034,1,3,0.4631559063798083,0,Auto,0,31,29,800,2338,6599,17755,4179.666666666667,0.9156802144949606,5,5481,0.250854,0.2450500326664829,1081.275395156527,0.3180338292901811,1,48.0
2042-04-02,50,56197,629,Employed,Bachelor,27,42030,60,Single,5,Rent,430,0.46500122275593875,7,1,0.41536343519169044,0,Home,0,20,19,3727,4616,76316,61247,4683.083333333333,0.9419956269799363,3,15069,0.23253000000000001,0.2030031146724954,1120.572689654911,0.3311008110016359,0,54.0
2042-04-03,41,95631,611,Employed,Bachelor,17,41531,84,Single,3,Own,426,0.377240950804196,3,0,0.47053750248738235,0,Auto,0,26,10,3419,9490,121946,23305,7969.25,0.8414877871592834,2,98641,0.261031,0.26059291213203245,1079.5083446468213,0.18891468389708208,0,50.0
2042-04-04,18,15456,508,Employed,High School,0,14917,36,Single,0,Rent,393,0.3006197110903855,1,2,0.06829212773010011,0,Home,0,31,6,2140,1183,7137,23057,1288.0,0.9156710586724766,5,1887,0.24591700000000002,0.262146634400532,602.7222635209789,0.7730762915535551,0,54.0
2042-04-05,48,43554,619,Employed,Bachelor,27,15592,24,Married,0,Mortgage,202,0.29796878143250927,2,2,0.15189938682173598,1,Debt Consolidation,0,20,25,16971,526,179178,9357,3629.5,0.8734047533283323,5,169821,0.181092,0.1733907842473134,773.4465310920438,0.2687550712472913,0,56.0
2042-04-06,36,45865,582,Employed,Bachelor,14,19233,36,Married,0,Own,419,0.31617265610774276,3,0,0.8347853758973782,0,Auto,0,22,19,1812,1717,156236,106784,3822.0833333333335,0.9016231471523035,2,49452,0.213233,0.18307445471621583,698.2889190120085,0.2923245836290004,0,59.0
2042-04-07,41,128218,629,Employed,Associate,17,20658,48,Single,1,Rent,867,0.05347438365554986,2,0,0.03185117438402473,0,Home,0,25,17,6267,270,40462,6573,10684.833333333334,0.9164442464341727,7,33889,0.20115800000000003,0.1826338038271054,609.6755527804764,0.13820295616345377,1,35.2
2042-04-08,40,58427,597,Employed,High School,15,20911,36,Married,3,Mortgage,311,0.0580302355296637,1,0,0.29771857606978447,0,Debt Consolidation,0,28,26,3859,592,20284,5611,4868.916666666667,0.7875987798106439,5,14673,0.20741099999999998,0.24852034748274557,829.7821628582504,0.23429897058378843,0,51.0
2042-04-09,30,55774,472,Employed,Bachelor,7,19722,36,Married,1,Rent,181,0.4942487708112896,2,2,0.10570424669923591,0,Other,1,17,8,608,1473,39964,30803,4647.833333333333,0.4471517913763545,10,9161,0.268722,0.2828661837461205,818.8296045017496,0.2151173531398321,0,58.0
2042-04-10,19,48807,537,Employed,High School,0,12362,60,Widowed,3,Rent,773,0.27204037361216826,3,3,0.2850765700223239,0,Home,0,25,15,3287,2307,88275,3435,4067.25,0.5338968850252486,4,84840,0.24886200000000003,0.19908960000000003,326.891495144439,0.2704263310945821,0,51.0
2042-04-11,53,16466,577,Employed,High School,29,21887,72,Married,1,Mortgage,402,0.11033977715802813,4,0,0.47697639563903965,0,Other,0,27,6,3755,1809,13151,48646,1372.1666666666667,0.6492179907705036,6,9355,0.248387,0.23580063139685067,570.6486401870512,0.7088414722606956,0,59.0
2042-04-12,18,51032,511,Employed,High School,0,19415,60,Married,5,Mortgage,327,0.10438409185296892,5,1,0.5077526109734829,1,Auto,0,21,26,6761,300,173346,5663,4252.666666666667,0.9163907421984666,3,167683,0.268915,0.27445371355942505,598.0223566668394,0.21751583868949037,0,65.0
2042-04-13,51,89456,647,Employed,Associate,29,13533,60,Married,0,Mortgage,419,0.1031690014154818,4,0,0.25340934047422004,0,Auto,0,23,18,2200,844,14331,1877,7454.666666666667,0.7636506378501859,5,12454,0.195033,0.2114085942930454,367.18624831148355,0.10546229408578298,1,37.6
2042-04-14,52,57412,455,Employed,High School,27,15030,24,Divorced,0,Mortgage,515,0.2582814680148489,3,1,0.16133056351525052,0,Home,0,34,24,6215,1309,69526,20881,4784.333333333333,0.5281832033991939,7,48645,0.26253,0.25645939018317665,807.0532588564007,0.2763296716065772,1,40.0
2042-04-15,21,33531,494,Employed,High School,0,30814,60,Divorced,2,Rent,371,0.0329466443244711,2,0,0.06829005142201862,0,Auto,1,30,21,592,658,51758,28118,2794.25,0.6786113503486734,4,23640,0.288814,0.303195595725705,1002.9943532568368,0.4917220553840339,0,56.0
2042-04-16,57,78633,503,Employed,Associate,32,28430,48,Married,1,Mortgage,936,0.2721630058335664,4,1,0.3545792871925312,0,Home,0,18,16,747,2794,24154,15515,6552.75,0.9404806029369038,2,8639,0.27193,0.21754400000000002,891.93137818681,0.27895637376472626,1,43.2
2042-04-17,58,76327,626,Employed,Master,33,12109,60,Single,3,Own,328,0.07856385559240779,4,3,0.29302306480192897,0,Debt Consolidation,0,32,7,3233,1902,365104,289018,6360.583333333333,0.3908564343827442,6,76086,0.20410900000000004,0.17258174158366898,302.6233527824057,0.09914552168156573,1,37.6
2042-04-18,31,65952,599,Employed,Bachelor,10,25984,12,Married,0,Mortgage,456,0.5013127873523564,4,1,0.49967276188515286,0,Other,1,26,12,662,462,9980,12444,5496.0,0.983281441722706,4,7583,0.19148400000000002,0.21342334208805747,2423.7394777986565,0.5239700651016478,0,63.0
2042-04-19,48,15000,612,Employed,High School,24,30060,60,Single,0,Mortgage,328,0.18915083784230047,1,0,0.45548198781539373,0,Auto,0,19,28,6453,446,6899,2563,1250.0,0.6644448092298222,3,4336,0.22905999999999999,0.2244821073234835,837.9030315185702,0.932722425214856,0,54.0
2042-04-20,18,61123,579,Employed,Doctorate,0,16329,36,Widowed,0,Own,215,0.1861427748085849,3,0,0.3980474398829823,0,Education,0,27,28,1161,1207,324117,6623,5093.583333333333,0.836503991153862,2,317494,0.21182900000000002,0.20459009825417873,610.6698823383666,0.16210000471279878,1,37.6
2042-04-21,65,121387,689,Employed,Master,44,31757,72,Single,4,Rent,341,0.4412911224404774,5,2,0.30107415157065937,0,Other,0,22,1,17688,1089,26567,66033,10115.583333333334,0.8890523015045305,5,4013,0.202257,0.16529042683926848,698.1509714537152,0.10272773573318873,1,40.800000000000004
2042-04-22,53,31274,629,Employed,Bachelor,34,20285,60,Married,1,Mortgage,166,0.18316178846684453,5,0,0.37453965736466455,0,Auto,0,17,9,2748,256,166141,66389,2606.1666666666665,0.7003022817658385,3,99752,0.210785,0.19046891496941806,526.7276022775372,0.26580326236907487,0,50.0
2042-04-23,34,86251,518,Employed,Bachelor,12,20628,36,Single,2,Rent,519,0.34496976835770016,2,0,0.358226224154572,0,Other,0,20,9,5611,976,32279,16559,7187.583333333333,0.8613354830673142,6,15720,0.24662800000000001,0.2557770623253578,826.4815409996423,0.18719526141141213,0,54.0
2042-04-24,49,36890,579,Employed,Bachelor,23,29489,48,Divorced,3,Mortgage,267,0.22310087840988507,1,0,0.2349255533081167,0,Other,0,29,12,6392,829,40211,13307,3074.1666666666665,0.45808491776862353,6,26904,0.23498900000000003,0.21370930448976921,919.0409713977399,0.3858089362096199,0,53.0
2042-04-25,58,36801,511,Employed,High School,39,13534,72,Married,2,Rent,572,0.2787604259670888,4,1,0.12665596107928973,0,Auto,0,18,27,798,765,20519,28942,3066.75,0.8861508771021412,5,10290,0.273034,0.25404800924125087,367.9367216359976,0.30649277627325267,0,51.0
2042-04-26,42,15985,449,Employed,Bachelor,18,28996,60,Married,2,Mortgage,522,0.3972616870985541,5,2,0.4870387807601148,0,Other,0,25,3,6896,2669,60175,7205,1332.0833333333333,0.7931870790573965,3,52970,0.309496,0.31537754689639946,965.6906607833064,1.1168150096590352,0,59.0
2042-04-27,33,17358,604,Employed,Associate,8,10882,84,Married,0,Own,190,0.14394330824339344,2,0,0.2541497006278132,0,Education,0,18,1,5316,464,27276,19265,1446.5,0.8025170638542206,3,8011,0.233882,0.2539955392985611,278.2272701403876,0.32369669556888186,0,54.0
2042-04-28,35,33136,582,Employed,Associate,12,31379,36,Divorced,1,Other,763,0.21982442934018018,3,2,0.034228159976867074,0,Education,1,26,25,1667,173,46898,24202,2761.3333333333335,0.6640614540467157,3,22696,0.225379,0.22831626625997203,1211.9203532249066,0.7152053427902848,0,57.0
2042-04-29,25,19434,586,Employed,Bachelor,2,24324,24,Married,0,Own,262,0.1302507792765998,4,1,0.2356058169602832,0,Education,0,19,27,5867,1199,59075,20124,1619.5,0.7110757004954741,7,38951,0.20632399999999998,0.1974879574689667,1235.0065592052474,0.9243634203181521,0,53.0
2042-04-30,63,22487,636,Employed,Bachelor,39,56299,36,Widowed,0,Mortgage,446,0.0697326824113891,3,1,0.32063747157799327,0,Debt Consolidation,0,24,24,14530,191,120371,1910,1873.9166666666667,0.9527358797659943,4,118461,0.223299,0.2256408076791534,2166.5480214016093,1.3941644619922315,0,48.0
2042-05-01,40,42776,493,Employed,Associate,20,20567,36,Divorced,5,Other,235,0.2946908041597235,2,0,0.025023187469058305,0,Debt Consolidation,0,29,22,1584,278,111201,22972,3564.6666666666665,0.777957362904247,7,88229,0.259067,0.28087309220553663,851.6953302348151,0.30485187868940017,0,49.0
2042-05-02,48,147182,595,Unemployed,Master,26,14814,96,Single,1,Rent,301,0.6169843009719055,2,2,0.287961081836234,0,Home,0,25,10,10653,408,21921,145150,12265.166666666666,0.8777299167024963,5,5369,0.252314,0.2018512,312.11301995481125,0.049988152351902654,1,44.0
2042-05-03,44,15000,569,Employed,High School,21,18278,72,Divorced,1,Mortgage,324,0.4629594353698634,2,0,0.6461451014320427,0,Auto,0,18,16,4537,1552,8784,12351,1250.0,0.9180023771590405,2,10118,0.248778,0.2506560384600624,493.09377613700497,0.6536750209096039,0,61.0
2042-05-04,55,57157,572,Employed,Bachelor,37,43106,96,Married,2,Rent,284,0.13279042634547047,3,1,0.16660906620274368,0,Home,0,33,29,2002,4567,14017,43585,4763.083333333333,0.8852031699935843,3,4170,0.29210600000000003,0.2598913568269823,1070.4211190801711,0.28435805638788,0,49.0
2042-05-05,48,66609,604,Employed,Associate,25,13273,48,Single,1,Mortgage,447,0.29633048345654417,5,1,0.5129744374283136,0,Home,0,18,6,11804,392,47966,33232,5550.75,0.8086289582450881,7,14734,0.206273,0.20325538481543431,406.2079129676352,0.15371038381617533,1,45.6
2042-05-06,41,52303,563,Employed,High School,18,28635,36,Divorced,0,Mortgage,536,0.23151028196148882,2,1,0.3828487682657872,0,Auto,0,25,18,1767,540,31317,104082,4358.583333333333,0.8507985245904758,8,8686,0.23213499999999998,0.23288402595627677,1112.76178218479,0.3782792839075671,0,54.0
2042-05-07,37,46139,545,Employed,Associate,14,47577,96,Married,3,Rent,805,0.16861266756089133,1,0,0.12938141977470088,0,Home,0,25,20,2149,1951,109239,6797,3844.9166666666665,0.7716189887367952,5,102442,0.310077,0.3139621302416853,1358.6250924023693,0.5627235334278686,0,46.0
2042-05-08,39,39527,527,Employed,High School,16,11302,48,Married,0,Mortgage,589,0.29902545595182667,1,2,0.36225759499247834,0,Auto,0,25,28,6313,282,245745,9322,3293.9166666666665,0.8839203931649686,6,236423,0.24280200000000002,0.23023487129053624,362.39118398295705,0.28883280309144344,1,40.800000000000004
2042-05-09,48,154576,608,Employed,Bachelor,26,27961,60,Married,4,Own,509,0.12051693157385379,6,0,0.15164541396711048,0,Debt Consolidation,0,28,22,5165,2497,68045,17105,12881.333333333334,0.8414259421415405,3,50940,0.22896099999999997,0.255183779223457,829.2115781247521,0.10388766003452686,1,33.6
2042-05-10,65,70921,644,Employed,High School,40,8808,48,Single,1,Mortgage,495,0.17803534020124567,3,1,0.1556490721723944,0,Other,0,23,21,2180,513,98800,42299,5910.083333333333,0.8311145263360261,8,56501,0.18180800000000003,0.1516447719872621,245.86822166201588,0.1253566455625864,1,35.2
2042-05-11,35,47879,517,Employed,Bachelor,14,18876,36,Married,4,Mortgage,280,0.08532829215505619,4,1,0.09747610953920202,0,Debt Consolidation,0,14,29,2743,1021,52193,103993,3989.9166666666665,0.7732224720947233,4,7513,0.245376,0.2640948859312507,764.649256869679,0.2618223246608356,0,50.0
2042-05-12,31,97349,428,Self-Employed,High School,7,35915,84,Divorced,3,Other,1237,0.37799799431845804,1,3,0.1864881581929919,0,Auto,0,19,12,7391,2007,16966,39335,8112.416666666667,0.5392032184146341,5,9699,0.34691500000000003,0.33766253545230746,1119.4005316649855,0.2904683805686738,0,52.0
2042-05-13,62,109173,623,Employed,Bachelor,42,15449,48,Single,4,Mortgage,561,0.3999972625437265,4,0,0.18696173425476842,0,Home,0,16,17,983,10643,255794,20864,9097.75,0.9475884719186666,5,234930,0.19894900000000001,0.21410175135140147,481.80391366517773,0.11462217731474021,1,33.6
2042-05-14,44,54764,597,Employed,High School,21,47298,48,Married,2,Rent,505,0.07769984785258904,4,0,0.4474124794712219,0,Home,0,33,4,2360,1056,59277,34397,4563.666666666667,0.8126284589858438,9,24880,0.24379800000000001,0.23100071184169305,1518.5649123455962,0.44340769388918183,0,58.0
2042-05-15,27,64371,552,Employed,Bachelor,3,20602,96,Married,1,Own,468,0.48157349563258806,1,1,0.3083229788455253,0,Education,0,18,8,27534,917,33817,58436,5364.25,0.7893096402167126,3,1077,0.279602,0.2667771602245215,521.1409544448562,0.1843950141109859,0,56.0
2042-05-16,38,19055,587,Employed,High School,17,43621,36,Married,0,Mortgage,434,0.3104801996787083,2,0,0.40224930790137564,0,Home,0,20,25,952,325,159453,21216,1587.9166666666667,0.7150618210472243,5,138237,0.235121,0.1904694045155553,1600.0076935973925,1.280928487177576,0,54.0
2042-05-17,30,43133,566,Employed,Associate,11,11592,60,Married,3,Mortgage,418,0.42660725092644436,1,0,0.521205426832051,0,Home,0,21,5,23636,2333,112519,70847,3594.4166666666665,0.7166151044881258,10,41672,0.23359199999999997,0.21219721365556554,315.03700396444196,0.2039376822287646,0,62.0
2042-05-18,32,47118,557,Employed,Bachelor,6,13582,48,Married,0,Mortgage,437,0.3804049017412599,4,1,0.5713069653316144,0,Other,0,22,1,5119,1139,23342,13184,3926.5,0.8612185204672012,8,10158,0.230082,0.2525273542356792,452.2567707773028,0.22647568337636642,0,63.0
2042-05-19,58,36493,588,Employed,High School,36,11092,96,Divorced,1,Mortgage,301,0.1954753809928772,1,0,0.1660697790052449,0,Home,0,32,24,626,4003,143595,212909,3041.0833333333335,0.7658571489142012,8,5007,0.252092,0.2269078290726678,251.35775651080647,0.18163190414955407,0,50.0
2042-05-20,21,77228,584,Employed,Master,2,11295,24,Married,2,Mortgage,451,0.5476102603188618,4,0,0.26367594176635906,0,Education,0,22,22,9277,2245,95372,185338,6435.666666666667,0.7303151040460095,5,3099,0.194295,0.16576690409846545,556.1556993605982,0.1564959391972753,1,42.400000000000006
2042-05-21,36,58735,587,Employed,Master,13,35518,36,Single,3,Own,829,0.2571307762103299,0,0,0.1692746647870721,0,Education,1,23,21,3337,21323,33284,10056,4894.583333333333,0.8868027334221205,5,23228,0.227018,0.21719957520694552,1351.3082740724328,0.44545329511993187,0,56.0
2042-05-22,18,25278,529,Unemployed,Master,0,14546,60,Married,1,Mortgage,388,0.3425301215370266,7,0,0.03322012602399618,0,Auto,0,28,26,4268,379,62385,66786,2106.5,0.9492298074458322,12,2624,0.255046,0.2617656183781574,437.0358130574408,0.3916619098302591,0,55.0
2042-05-23,44,66828,591,Employed,Master,21,18542,48,Divorced,1,Mortgage,505,0.02641057791182013,5,1,0.08918330320171687,0,Debt Consolidation,0,26,24,15159,949,43731,114078,5569.0,0.7264629452319233,4,8816,0.218042,0.22172720427645332,585.9257461992246,0.1958925742860881,1,39.2
2042-05-24,45,78409,569,Employed,Associate,24,18962,120,Divorced,3,Own,685,0.2214145967704468,3,0,0.39168406405718426,0,Debt Consolidation,0,21,8,4575,1814,6389,23632,6534.083333333333,0.9357814406727154,5,9015,0.289462,0.256803765494848,440.50063129733127,0.17225073110954067,0,55.0
2042-05-25,52,18049,638,Employed,Bachelor,27,16737,36,Divorced,1,Mortgage,607,0.19576632550238754,4,0,0.3523138761548106,0,Home,0,14,4,1932,1037,46794,85879,1504.0833333333333,0.8642976337758455,6,2500,0.182737,0.18208253858144333,606.8326001817661,0.8070248325215355,0,55.0
2042-05-26,24,27991,572,Employed,High School,0,63036,36,Married,4,Rent,333,0.6267736689375606,2,1,0.05827734361188579,0,Education,0,28,16,20880,1727,29907,26425,2332.5833333333335,0.8119830020170096,4,3482,0.26203600000000005,0.21795513340190065,2400.710125749889,1.1719667574934323,0,54.0
2042-05-27,24,69812,501,Employed,High School,3,19917,48,Married,2,Mortgage,277,0.027089018761861934,1,1,0.15747667421277864,0,Debt Consolidation,0,18,11,585,2124,140058,32651,5817.666666666667,0.6976835411448147,3,107407,0.26441699999999996,0.22590653836126642,633.9105786904048,0.15657661926724428,0,45.0
2042-05-28,51,15000,626,Employed,High School,29,12170,120,Divorced,2,Mortgage,349,0.22783774673959287,2,0,0.2810153959202135,0,Auto,0,29,3,3543,3080,61309,43562,1250.0,0.5038639565907245,5,17747,0.25417,0.20541758157618178,239.5800420731032,0.47086403365848256,0,54.0
2042-05-29,40,61556,551,Employed,Associate,20,18904,96,Single,1,Own,243,0.39010229816509734,4,2,0.1099208743363887,0,Debt Consolidation,0,24,25,2995,773,49312,11498,5129.666666666667,0.7647425054956587,2,37814,0.278404,0.2612605617455108,471.1664378039203,0.13922277688035356,0,50.0
2042-05-30,52,34376,537,Employed,High School,29,36191,12,Single,3,Own,335,0.040904274013975665,6,1,0.008147279470639162,0,Home,0,24,26,2416,5179,83315,16183,2864.6666666666665,0.6308577937400132,4,67132,0.232691,0.22293083348913728,3392.381134720694,1.3011570170074567,0,48.0
2042-05-31,30,49671,610,Unemployed,Bachelor,9,39891,72,Widowed,2,Own,107,0.3125403532271934,4,1,0.30131519666232515,0,Auto,0,27,22,1516,5603,76861,9653,4139.25,0.8411279966753415,5,67208,0.249891,0.23759295326002353,1044.3823777497578,0.2781620771274404,0,53.0
2042-06-01,25,112608,535,Employed,Associate,1,11840,36,Married,1,Rent,286,0.2301720940513399,1,0,0.15739619475190159,0,Debt Consolidation,0,26,10,3421,1053,34414,100645,9384.0,0.9592212068027344,5,5682,0.22934,0.23432254094880883,460.99483177133436,0.07960302981365455,1,39.2
2042-06-02,44,70199,648,Employed,Bachelor,20,50856,48,Divorced,2,Mortgage,1286,0.27293095803046047,4,2,0.1668687769662793,0,Education,1,22,7,8267,2176,54161,27454,5849.916666666667,0.8590980408426132,5,26707,0.22185600000000003,0.25408950129758506,1697.859360984928,0.5100686951640213,0,54.0
2042-06-03,36,20942,584,Employed,High School,16,14444,48,Married,2,Mortgage,284,0.34643043693687053,5,0,0.47230859876278547,0,Home,1,16,10,3688,2397,61549,8092,1745.1666666666667,0.6486511210106866,7,53457,0.21744400000000003,0.25167653231109904,480.2731721055809,0.43793706738931193,0,62.0
2042-06-04,47,30099,593,Employed,High School,27,21995,60,Widowed,0,Own,312,0.08170200714251974,3,2,0.3168028152536192,1,Home,0,15,28,66239,6720,72959,67449,2508.25,0.8252400222989112,1,5510,0.230495,0.2485846160649218,643.758512788464,0.3810459534689381,0,66.0
2042-06-05,48,39915,582,Employed,Associate,25,55040,84,Single,1,Own,175,0.40399114687499144,6,0,0.05795789034946884,0,Education,0,35,11,4447,345,12432,67521,3326.25,0.8479299380317108,7,7432,0.28904,0.2790646566770909,1497.0326043409336,0.5026779719927648,0,52.0
2042-06-06,41,94893,631,Employed,Bachelor,19,21508,48,Married,0,Mortgage,544,0.1063239926030786,3,0,0.3626080790452485,0,Other,0,30,23,2161,509,68124,3799,7907.75,0.8665082601781753,5,64325,0.20100800000000002,0.20709725367230372,662.656738651075,0.15259166496804719,1,37.6
2042-06-07,33,59125,526,Employed,Bachelor,9,40035,24,Married,2,Own,476,0.16883957483502332,1,2,0.5039108476402818,0,Education,0,21,29,2686,723,21368,9851,4927.083333333333,0.8647939631278215,4,11517,0.252035,0.25665822088073625,2150.1264562814918,0.5329981814017404,0,57.0
2042-06-08,21,49231,561,Employed,Associate,0,21692,72,Married,0,Mortgage,446,0.2970352042091042,6,2,0.23584305505577066,0,Debt Consolidation,0,19,4,4453,2417,75694,6275,4102.583333333333,0.7932323806414486,6,69419,0.256192,0.2702542022320991,611.5669930030678,0.25778074619724994,0,54.0
2042-06-09,31,63771,637,Employed,Bachelor,6,40177,36,Single,3,Mortgage,191,0.10434191455108503,1,1,0.06838405141376885,0,Home,0,19,2,16279,3204,170040,6886,5314.25,0.8712796436892513,3,163154,0.206677,0.1978092585097934,1488.6403470070964,0.31606347970213977,0,46.0
2042-06-10,30,23556,598,Employed,Associate,5,26882,60,Single,2,Rent,158,0.35215908532992757,1,1,0.29913746254018964,1,Debt Consolidation,1,29,26,5618,306,72772,95062,1963.0,0.9492831853048525,8,10923,0.23288199999999998,0.2310425906794786,759.4273664443299,0.4673598402671064,0,72.0
2042-06-11,31,64526,518,Employed,High School,6,31419,36,Married,0,Mortgage,531,0.2693295976663538,6,2,0.4348657920272992,0,Auto,0,31,14,2992,292,55536,5007,5377.166666666667,0.3837441094955461,4,50529,0.257419,0.2679613258441126,1279.2535338626421,0.33665564898415684,0,54.0
2042-06-12,38,73407,567,Employed,High School,20,12161,60,Married,4,Mortgage,621,0.13902623136318945,3,1,0.14698638006353007,0,Auto,0,29,24,866,2977,128672,12625,6117.25,0.936276269811308,5,116047,0.233661,0.25770019951906376,362.45214607164996,0.16076703519909272,1,36.0
2042-06-13,40,42510,645,Self-Employed,Bachelor,19,25733,36,Single,1,Rent,428,0.3907014807926441,2,0,0.11836230835675401,0,Debt Consolidation,0,26,22,5058,3028,19067,86978,3542.5,0.7819657313361638,1,2831,0.188233,0.19362892715530325,947.9974584108945,0.3884255351900902,0,51.0
2042-06-14,39,26554,543,Employed,High School,17,31835,36,Married,2,Rent,641,0.19933558200353702,6,0,0.2791699973895435,0,Other,0,26,11,1453,234,19894,4566,2212.8333333333335,0.871720331169234,7,15328,0.245335,0.2758282780290349,1309.645285312749,0.8815147783291777,0,53.0
2042-06-15,27,55817,556,Employed,High School,4,10642,48,Single,1,Mortgage,539,0.19951163114434525,1,3,0.2477077078736637,0,Auto,0,26,4,1378,394,35987,19907,4651.416666666667,0.7785697839659781,3,16080,0.227642,0.24044774404948172,347.2122065532246,0.19052522490708376,0,54.0
2042-06-16,42,118592,557,Self-Employed,Bachelor,17,15102,72,Single,0,Mortgage,1106,0.2524263494153357,2,4,0.6113542169837197,0,Home,0,24,10,3742,2393,36273,7108,9882.666666666666,0.7048784768725616,5,29165,0.251602,0.24516281826002323,402.33421677324594,0.15262421243658048,1,48.0
2042-06-17,42,25161,561,Employed,High School,17,21912,48,Married,1,Mortgage,226,0.23429534934947746,8,2,0.4368837755861953,0,Debt Consolidation,0,20,29,15354,2168,110879,7054,2096.75,0.8604485020554544,5,103825,0.23641199999999998,0.24466688972871067,720.03650931701,0.4511918489648313,0,54.0
2042-06-18,33,26059,615,Employed,High School,14,8799,60,Married,0,Rent,153,0.6108798449369418,4,0,0.34926671568581014,0,Home,0,28,21,10951,329,39743,14508,2171.5833333333335,0.8349943946494346,6,25235,0.206299,0.1838816841250408,225.29894236961348,0.17420420232684913,0,55.0
2042-06-19,36,96201,645,Employed,Master,15,35667,36,Married,0,Rent,548,0.3406354340493336,1,0,0.013119941353327754,0,Home,1,21,5,3967,706,126674,52784,8016.75,0.9800745715576372,8,73890,0.198167,0.16165881697100445,1256.8688451444625,0.22513722457909532,1,41.6
2042-06-20,28,136101,592,Employed,Bachelor,2,38219,36,Married,3,Own,726,0.23911262612958295,2,0,0.16642126758367065,0,Education,0,22,18,4503,1403,113442,3639,11341.75,0.6162859890784269,5,109803,0.227219,0.20877002389632524,1437.4909335774116,0.19075459550575632,1,35.2
2042-06-21,36,15000,571,Employed,Bachelor,12,32303,48,Divorced,1,Mortgage,148,0.33711981571096433,5,1,0.3089436655377044,0,Education,0,20,25,8348,619,8967,26604,1250.0,0.9127083737922757,6,2576,0.24180300000000002,0.22784432813608912,1031.547234082152,0.9436377872657217,0,56.0
2042-06-22,37,15000,453,Employed,High School,15,15076,60,Divorced,1,Mortgage,600,0.03521637652790732,3,0,0.5396868387587639,0,Home,0,20,25,6513,723,391056,31868,1250.0,0.8821603283930252,3,359188,0.293576,0.25907431361809247,450.5566886245399,0.8404453508996319,0,53.0
2042-06-23,36,65816,510,Employed,High School,9,37581,48,Married,3,Rent,603,0.24066361321371563,3,2,0.3774316801471951,0,Home,1,21,10,838,752,15694,11821,5484.666666666667,0.9184356622543735,1,3873,0.277581,0.30646352108208,1367.3054623347152,0.35923887121697734,0,60.0
2042-06-24,32,42173,521,Employed,Associate,8,10658,72,Single,0,Other,893,0.07712280997205326,2,1,0.08615168578891015,0,Home,0,28,22,2375,2547,46738,10045,3514.4166666666665,0.7658857193060697,5,36693,0.265158,0.2725335578862521,302.00703734241404,0.34002998240838855,0,50.0
2042-06-25,46,57938,604,Employed,Associate,20,37280,48,Divorced,0,Other,169,0.1972226180875793,6,0,0.3254672283211603,0,Education,0,35,12,8379,1874,10253,37632,4828.166666666667,0.7936806794197916,6,9188,0.23028,0.24774685496521287,1231.4174801450822,0.29005160277781394,0,50.0
2042-06-26,42,27235,518,Employed,Bachelor,19,37538,60,Single,3,Own,221,0.2102506819235602,0,0,0.24151842601928833,1,Debt Consolidation,0,35,7,1663,4738,48864,39325,2269.5833333333335,0.8279747130160573,3,9539,0.283538,0.22683040000000002,1051.3892213160761,0.5606267911067712,0,67.0
2042-06-27,54,51340,547,Employed,Bachelor,30,43611,60,Divorced,1,Own,542,0.22656524181152754,4,2,0.09891125023237474,0,Debt Consolidation,0,17,2,384,462,76123,1815,4278.333333333333,0.7572525704849051,5,74308,0.275111,0.30412206273211073,1422.0258710433386,0.45906331228126346,0,52.0
2042-06-28,45,126010,613,Employed,Associate,24,23198,60,Married,0,Own,462,0.3183201290033359,4,0,0.559226197656118,0,Education,0,17,6,1252,1795,166486,26568,10500.833333333334,0.7719909883461225,3,139918,0.221698,0.2412825754770776,669.0873785370666,0.1077140587448996,1,40.800000000000004
2042-06-29,18,21618,531,Employed,High School,0,24839,12,Single,3,Mortgage,453,0.3166196333694888,1,0,0.33525399649348586,0,Debt Consolidation,0,34,2,1467,360,118816,39259,1801.5,0.9419587503773797,5,79557,0.224339,0.2020714528344808,2303.4117283007677,1.5300647950600985,0,58.0
2042-06-30,33,46892,481,Employed,Associate,12,42702,84,Single,1,Rent,493,0.2876007832745735,4,0,0.11449631548501533,1,Home,0,26,20,541,2094,84417,5312,3907.6666666666665,0.9579944721288649,4,79105,0.327202,0.3379114426377288,1331.6764262472823,0.4669478187103853,0,61.0
2042-07-01,38,77364,522,Employed,High School,20,24166,48,Married,1,Own,688,0.6510623793330317,4,2,0.4828491107651557,0,Home,0,17,1,4350,2293,18754,20453,6447.0,0.9529816867658846,3,7069,0.258166,0.28190406594209605,844.8719656722488,0.23776515676628646,0,62.0
2042-07-02,59,32833,633,Employed,Associate,36,14131,60,Single,1,Rent,143,0.16049412146236552,2,1,0.25486055494181853,0,Debt Consolidation,0,23,28,4276,479,20752,37451,2736.0833333333335,0.9122448071041052,5,6244,0.202631,0.182066777254827,360.42519519470505,0.18399483270905675,0,49.0
2042-07-03,29,27711,560,Employed,Associate,4,35766,72,Divorced,2,Mortgage,455,0.2552672412606869,5,2,0.2618443186331217,0,Education,0,19,26,2521,529,53438,5986,2309.25,0.8403946744198565,3,47452,0.27076599999999995,0.24072124247275187,943.1719946931838,0.6054658415906393,0,54.0
2042-07-04,23,25429,534,Employed,Master,2,16680,36,Married,4,Rent,519,0.4002049187180471,1,1,0.2077841597496119,0,Debt Consolidation,0,25,18,4349,3942,26261,7113,2119.0833333333335,0.9065372081407578,9,19148,0.23468,0.19922960038640405,619.2340091449934,0.5371350863085421,0,55.0
2042-07-05,59,58306,678,Employed,Master,33,25293,12,Married,0,Rent,1145,0.3420731837821634,0,1,0.18509561912606773,0,Auto,0,25,26,7134,7831,199086,19200,4858.833333333333,0.9327416777802989,2,179886,0.151293,0.15168778912286898,2284.918360377464,0.7059139766838674,0,40.0
2042-07-06,42,72723,611,Employed,High School,22,28750,24,Single,1,Mortgage,428,0.3579756070516023,8,1,0.3107839663557982,0,Home,0,21,8,5537,1127,42064,29556,6060.25,0.8317804527405065,6,12508,0.19824999999999998,0.21264198037689608,1481.0709607938963,0.3150152156749138,0,52.0
2042-07-07,25,43505,601,Employed,Bachelor,2,13886,48,Single,0,Rent,745,0.25589426405189186,6,1,0.16244564764889882,0,Education,0,17,13,9636,214,117681,27489,3625.4166666666665,0.9551725387431448,6,90192,0.20838600000000002,0.1975053752359608,420.71259168359796,0.32153892886342206,0,46.0
2042-07-08,32,32947,613,Employed,Bachelor,8,22740,36,Married,0,Own,420,0.5479429771086448,1,0,0.4890702600688196,0,Debt Consolidation,0,29,24,4221,6177,198653,66684,2745.5833333333335,0.889972662457246,6,131969,0.20124,0.18214005941983216,824.5488072042161,0.4532912157844597,0,51.0
2042-07-09,43,30083,650,Employed,Master,22,19224,72,Married,3,Own,844,0.108200369487205,1,0,0.29841032096549375,0,Auto,0,28,4,7950,1555,25764,15586,2506.9166666666665,0.8548620214202036,6,10178,0.209224,0.22052690172164197,483.62609703277684,0.5295852529466252,0,49.0
2042-07-10,39,71053,635,Employed,Master,17,25322,36,Married,0,Rent,542,0.3045424621588289,5,0,0.1562964673522687,1,Home,0,21,22,4497,2660,47596,70360,5921.083333333333,0.8043892704760148,7,10109,0.19282200000000002,0.2051540362027993,947.7192926570772,0.2515957315227355,0,59.0
2042-07-11,36,20567,600,Employed,High School,16,12387,60,Single,1,Mortgage,615,0.6352001484498746,3,1,0.5261333096434525,0,Other,0,18,6,491,132,30820,29383,1713.9166666666667,0.8739211091270752,5,1437,0.217387,0.1987490926640608,327.3181682026503,0.5498039586926534,0,61.0
2042-07-12,41,35020,586,Employed,Associate,21,13307,60,Married,0,Mortgage,229,0.1497176190517676,3,0,0.34940347601831995,0,Education,0,21,8,1956,838,64125,3451,2918.3333333333335,0.6042383120174442,6,60674,0.22530699999999998,0.23759760599519553,380.9619912221539,0.20901039105270838,0,53.0
2042-07-13,50,28417,577,Employed,Doctorate,24,26027,48,Single,4,Mortgage,163,0.1748050264159026,2,1,0.4205545622587602,0,Auto,0,34,22,12747,414,180059,25608,2368.0833333333335,0.6285413185161935,3,154451,0.232527,0.26304338763991675,882.0226030194672,0.44129469107342806,0,53.0
2042-07-14,29,17050,560,Employed,Associate,7,15391,48,Married,1,Rent,163,0.5078445762844467,6,2,0.6230185073309131,0,Debt Consolidation,0,16,12,1699,890,77007,31608,1420.8333333333333,0.7020166362428668,7,45399,0.23039099999999998,0.2386960874602683,500.66603737730134,0.46709633129194233,0,61.0
2042-07-15,31,22624,591,Employed,High School,5,22122,84,Married,2,Mortgage,533,0.17322315451572828,4,1,0.3627377878570026,0,Auto,0,26,29,10211,806,92936,10035,1885.3333333333333,0.7622935116877021,4,82901,0.251622,0.2681449367345269,585.8611971130432,0.5934553732919253,0,53.0
2042-07-16,54,32101,611,Employed,High School,29,25503,120,Married,2,Other,269,0.3788784334922153,2,1,0.15735664003805638,0,Auto,1,20,25,7312,1577,21282,12428,2675.0833333333335,0.6932668594339173,6,8854,0.275003,0.2829343558984626,640.3844441447441,0.33994621132478514,0,54.0
2042-07-17,27,27891,621,Employed,Doctorate,4,25342,36,Married,1,Mortgage,272,0.35100915878022076,3,0,0.3281326301404922,0,Debt Consolidation,0,22,15,5312,1421,26838,68225,2324.25,0.8641280920963825,11,3124,0.19984200000000002,0.20295799852010307,945.623368150263,0.5238779684415459,0,53.0
2042-07-18,27,81433,529,Employed,High School,6,12071,60,Married,0,Other,478,0.3991064257948857,4,2,0.1089149767016279,0,Home,0,17,14,4774,2115,306135,6363,6786.083333333333,0.5557100756232846,8,299772,0.252571,0.2582917193142331,360.1916378853719,0.12351626066366783,1,34.4
2042-07-19,27,15000,620,Employed,Associate,3,17855,36,Divorced,0,Rent,349,0.3187504181667311,1,0,0.3470838964416844,0,Debt Consolidation,0,22,13,6105,1157,444834,41271,1250.0,0.6468103098501178,4,403563,0.19285500000000003,0.21031639088570805,672.9784115075939,0.8175827292060751,0,47.0
2042-07-20,47,23938,499,Unemployed,High School,27,16380,36,Married,1,Own,716,0.12561333380981696,2,1,0.4845367206232578,0,Debt Consolidation,0,33,15,9431,834,138282,65340,1994.8333333333333,0.7393088732605377,3,72942,0.25188,0.27362980750833393,671.9108492344365,0.6957527859810025,0,58.0
2042-07-21,59,37466,508,Employed,Master,34,16520,48,Widowed,2,Other,322,0.3128289871745113,2,3,0.40163898098936707,1,Home,0,21,14,1471,427,37161,67551,3122.1666666666665,0.9070531274799625,3,4261,0.25752,0.2581335997157106,555.2766208221692,0.2809832768340904,0,69.0
2042-07-22,34,36589,602,Employed,Associate,12,19610,84,Single,0,Mortgage,137,0.21251316792074854,1,3,0.12094573859730712,0,Auto,0,16,27,12074,7207,110054,18638,3049.0833333333335,0.8258465890391253,1,91416,0.24361,0.23369647765468818,476.1055163786673,0.20107863556107047,0,46.0
2042-07-23,43,109954,632,Self-Employed,Doctorate,24,42331,72,Single,0,Own,221,0.2356823860075855,1,1,0.1920201340716984,0,Debt Consolidation,0,25,11,2940,745,77273,20815,9162.833333333334,0.5734804368974363,9,56458,0.24133100000000002,0.2558851809470071,1155.612049515957,0.15023868703450063,1,37.6
2042-07-24,42,64819,562,Employed,High School,19,9869,36,Married,0,Mortgage,272,0.30747104900517874,4,1,0.6999161990356203,0,Auto,0,33,9,1269,3138,132810,146913,5401.583333333333,0.9401189509025263,7,10845,0.21386899999999998,0.20974054061637296,371.6837813079071,0.11916575966452561,1,47.2
2042-07-25,27,76581,638,Employed,Doctorate,7,29143,12,Married,1,Own,301,0.19532371188398737,7,0,0.13796304318594743,0,Other,0,22,24,4430,2678,90086,8194,6381.75,0.34261109135558154,3,81892,0.17514300000000002,0.19581856863510977,2693.8186498942882,0.46927859127892635,0,44.0
2042-07-26,32,53911,563,Employed,Doctorate,10,18099,60,Divorced,2,Own,371,0.32576601629965485,2,0,0.5024001817171637,0,Auto,0,33,5,2968,346,28629,12712,4492.583333333333,0.8737904643730212,9,15917,0.241599,0.26185372628632614,543.8805728728864,0.20364242686046702,0,60.0
2042-07-27,27,73888,555,Employed,High School,6,33614,120,Single,1,Mortgage,507,0.4020352238886118,4,0,0.3297819236422855,0,Home,1,29,13,9370,1258,13779,19094,6157.333333333333,0.6916383766337194,6,1106,0.311114,0.3619235208346663,1043.3090670295849,0.2517825466158919,0,61.0
2042-07-28,60,88791,586,Employed,High School,35,11492,60,Single,1,Rent,384,0.1936479221103536,5,0,0.20963006887793872,0,Home,0,21,7,444,2255,90287,11665,7399.25,0.8032070132417996,2,78622,0.22349200000000002,0.18933772969456328,297.69019388252553,0.09212963393351023,1,39.2
2042-07-29,48,57066,543,Employed,High School,24,11803,24,Married,0,Rent,225,0.4957926880262604,2,1,0.37095060866331975,0,Home,0,18,9,403,2087,22859,14335,4755.5,0.8423899657665526,5,8524,0.215303,0.2125802897891807,608.0017696025071,0.17516596984596933,0,56.0
2042-07-30,53,37581,507,Employed,High School,30,20628,60,Single,2,Rent,310,0.29278932244666267,2,1,0.053426115757486986,0,Home,0,30,10,1597,1325,63192,16486,3131.75,0.6045873076869587,4,46706,0.27212800000000004,0.25819782682712744,615.4130863132572,0.2954939207514192,0,51.0
2042-07-31,39,37958,472,Employed,High School,15,49752,60,Divorced,3,Rent,554,0.7149428254656818,4,1,0.2655410698933553,0,Auto,0,19,16,2629,11436,14065,164632,3163.1666666666665,0.70365956773141,7,7522,0.318752,0.32494481715658147,1686.7009358481248,0.7083727074708229,0,55.0
2042-08-01,27,52660,553,Employed,Associate,6,21161,36,Divorced,0,Mortgage,389,0.2606198777432578,1,0,0.30431579148280113,0,Home,0,24,28,652,683,58604,80467,4388.333333333333,0.8032653654556675,4,10838,0.22966099999999998,0.2166682592273662,804.5054096741741,0.27197236832681526,0,54.0
2042-08-02,24,78798,580,Employed,Associate,0,10546,48,Married,5,Rent,576,0.36070396421561207,2,1,0.24476100215041055,0,Education,0,19,24,3695,482,501901,113304,6566.5,0.9614969363287651,3,388597,0.21554600000000002,0.17615338952224882,307.6730066554917,0.13457290895537832,1,36.800000000000004
2042-08-03,28,36239,454,Employed,Associate,3,23466,48,Married,2,Mortgage,387,0.08006547272649975,4,0,0.14898932523708158,0,Education,0,28,10,2862,1012,43759,50785,3019.9166666666665,0.7090941280359871,4,2608,0.291466,0.2775531112239663,814.5582998596985,0.3978779656810724,0,50.0
2042-08-04,26,15426,595,Employed,High School,5,14367,12,Widowed,0,Rent,353,0.27357947985186615,2,0,0.22126732514667266,0,Debt Consolidation,0,21,21,3951,376,72798,22009,1285.5,0.8707407718123165,7,50789,0.181867,0.20220767715790267,1332.3984184689084,1.311083950578692,0,52.0
2042-08-05,39,33581,551,Employed,High School,15,22905,60,Single,2,Other,966,0.20404928981824724,5,1,0.24164422097484778,0,Home,0,23,12,3591,1340,15383,44902,2798.4166666666665,0.7972296640325518,9,6484,0.252405,0.2297289588901628,645.3461052143554,0.5758063566472786,0,53.0
2042-08-06,26,56285,618,Employed,Master,0,13845,108,Single,2,Mortgage,213,0.35768817709742456,5,0,0.6310941664941847,0,Auto,0,38,17,15101,495,145644,14163,4690.416666666667,0.8656912588298168,5,131481,0.249845,0.2764628433542247,348.7678645347194,0.11976928798821412,0,51.0
2042-08-07,40,17600,564,Employed,High School,18,37606,24,Single,2,Mortgage,183,0.4784591694006724,2,0,0.1679858784982698,0,Home,0,21,19,1969,927,78396,56771,1466.6666666666667,0.8893288286196347,7,21625,0.23060599999999998,0.2013698194278679,1916.5050179390828,1.4314806940493745,0,53.0
2042-08-08,38,29437,562,Employed,Master,17,27041,36,Married,2,Own,372,0.25600989470149255,2,1,0.14017094237108685,0,Debt Consolidation,0,21,5,762,364,16229,131362,2453.0833333333335,0.7341486729757557,4,5066,0.231041,0.22550754861909084,1040.4285345213864,0.5757768255683879,0,54.0
2042-08-09,48,22308,589,Employed,High School,23,18747,36,Single,0,Other,394,0.3304241959900847,5,1,0.11664782398685505,0,Home,0,29,9,1679,1993,13145,8598,1859.0,0.6906752806294566,3,4547,0.209247,0.2510964,746.464973193763,0.6134830409864244,0,53.0
2042-08-10,29,49496,611,Employed,Bachelor,7,38703,60,Single,0,Mortgage,336,0.16337671149229174,1,2,0.2552694102732085,0,Auto,0,20,16,6556,276,27431,27213,4124.666666666667,0.8649497315966831,4,1516,0.238203,0.2372120490044112,1107.1523596559794,0.34988339089768367,0,49.0
2042-08-11,54,38787,576,Employed,High School,34,32205,84,Married,4,Own,443,0.42445138519874503,4,1,0.6400414985836961,0,Education,0,24,13,3492,3436,44026,13667,3232.25,0.8168138498213435,6,30359,0.269205,0.24270709104646446,800.2050680564329,0.3846252820965065,0,60.0
2042-08-12,49,101804,579,Self-Employed,Master,28,34486,108,Married,1,Other,297,0.055906889866532965,2,1,0.3379952607315684,0,Other,0,33,21,2313,269,63540,2337,8483.666666666666,0.83882652500707,8,61203,0.28998599999999997,0.2900843994712337,902.0245123869706,0.14133328895371153,0,53.0
2042-08-13,43,72796,632,Employed,High School,23,14723,60,Married,0,Mortgage,473,0.13132298345309681,5,1,0.17732349995701419,0,Auto,1,26,21,5646,115,18380,13783,6066.333333333333,0.7783288689625794,5,4597,0.203723,0.2425051090671581,425.6942813898094,0.1481445598202884,0,52.0
2042-08-14,73,88023,656,Employed,Bachelor,53,10957,96,Single,4,Mortgage,412,0.44475548857240715,2,3,0.25569304567263523,0,Auto,0,27,11,3455,432,9025,25324,7335.25,0.8058525341774091,4,3991,0.217957,0.22047188026641232,243.76360728648024,0.08939894445131116,1,36.800000000000004
2042-08-15,47,75932,602,Employed,Associate,23,57866,72,Divorced,0,Own,493,0.39524552848315875,4,1,0.46579062103209634,0,Auto,0,27,26,2535,492,42986,2842,6327.666666666667,0.5872750379242452,7,40144,0.271866,0.2569584585265764,1583.54542846301,0.3281692190585803,0,53.0
2042-08-16,62,79059,624,Employed,High School,42,36662,36,Single,3,Own,186,0.06509952040567753,0,2,0.3541101727081856,0,Debt Consolidation,0,22,7,8306,789,563140,22393,6588.25,0.9428876108830561,5,540747,0.20966200000000002,0.22449025969190312,1408.669124465439,0.2420474518218706,1,34.4
2042-08-17,29,43559,525,Employed,Bachelor,8,17025,108,Single,0,Own,738,0.41820108022806024,2,0,0.06250470832518062,0,Debt Consolidation,0,20,15,3479,1216,82544,64730,3629.9166666666665,0.9346757566929808,6,17814,0.29952500000000004,0.34623663936242766,515.0858298934943,0.3452106329052993,0,52.0
2042-08-18,25,63335,527,Employed,High School,0,11286,36,Married,1,Rent,177,0.07023684753898041,1,0,0.33546258568959625,0,Debt Consolidation,0,21,17,2178,1234,336583,11453,5277.916666666667,0.8870772371602353,5,325130,0.232786,0.22933039414562145,436.4841331202072,0.11623604006382704,1,37.6
2042-08-19,41,53158,649,Unemployed,Bachelor,21,14049,72,Single,3,Mortgage,673,0.486215177568037,1,0,0.07367441077944324,0,Other,0,22,29,9112,138,429965,12896,4429.833333333333,0.7338667977425144,5,417069,0.204549,0.1693037338669246,311.99032932160054,0.2223538122551489,1,36.0
2042-08-20,36,107545,569,Employed,High School,14,23305,24,Married,0,Own,689,0.47749396097512964,4,0,0.24379400063589549,0,Auto,0,23,7,20026,571,24822,21594,8962.083333333334,0.8934781201623877,4,3228,0.213805,0.22335356481559046,1212.8833734373509,0.21221442634476925,1,42.400000000000006
2042-08-21,31,15000,659,Employed,Master,10,31053,24,Married,3,Other,167,0.22224810872427297,2,1,0.18561745447067016,0,Auto,0,24,16,1054,491,4155,26698,1250.0,0.8532660440514662,11,3580,0.176553,0.19146262793733987,1567.5463652714507,1.3876370922171606,0,46.0
2042-08-22,55,42372,548,Employed,Associate,35,16138,24,Married,0,Other,491,0.16291479093417963,1,0,0.09268893855525064,0,Other,0,20,22,6911,1870,39358,22278,3531.0,0.9172149157445618,5,17080,0.21713799999999997,0.20952658011664152,828.8864213095569,0.37379960954674507,0,50.0
2042-08-23,38,90534,432,Employed,Master,16,39042,48,Married,0,Rent,602,0.46667494252282304,6,3,0.472374303349722,0,Education,1,29,7,1515,1774,20558,5656,7544.5,0.9552278843446587,6,14902,0.318042,0.26600210538316216,1329.6088972415105,0.25602874905447814,0,63.0
2042-08-24,33,48167,617,Unemployed,Associate,13,31914,48,Single,3,Rent,316,0.21727775132100396,4,1,0.4683716838182711,0,Auto,0,25,22,1539,3199,571024,39511,4013.9166666666665,0.6731466535221509,8,531513,0.21841400000000002,0.1810002275642974,939.1425871040262,0.3126977192942952,1,39.2
2042-08-25,50,23418,591,Employed,Master,22,30830,48,Divorced,1,Rent,362,0.1815371418021107,3,2,0.10759026395905294,0,Education,0,31,8,2110,640,63879,26947,1951.5,0.9250660283600292,6,36932,0.23033,0.2357503705642244,997.8852954402029,0.6968410430131707,0,52.0
2042-08-26,45,199177,581,Employed,High School,25,11912,36,Married,2,Mortgage,358,0.13353631182930728,3,1,0.20971212318170876,0,Education,0,23,10,1455,4872,82536,53617,16598.083333333332,0.9336832359037185,3,28919,0.206412,0.18078216264840277,431.114872368697,0.04754252985246472,1,39.2
2042-08-27,32,15000,556,Employed,High School,7,20188,60,Married,2,Other,485,0.2881674411027416,1,0,0.47508901810994336,0,Debt Consolidation,0,21,7,5316,2369,32803,11360,1250.0,0.8751569358411873,3,21443,0.24718800000000002,0.2548456041631352,598.2932226311276,0.8666345781049022,0,59.0
2042-08-28,30,76409,595,Employed,Bachelor,9,32784,48,Married,1,Rent,402,0.3331836220460916,6,0,0.5309700031465869,0,Auto,0,19,19,3040,1583,21109,25396,6367.416666666667,0.8147241272035135,7,8841,0.23028400000000002,0.21299891283570305,1020.4748684114824,0.2233990553591565,0,58.0
2042-08-29,32,30318,607,Employed,High School,9,10806,96,Single,0,Own,213,0.3829240630322809,3,1,0.5781303241363951,0,Education,0,29,5,1648,3006,34827,68715,2526.5,0.8511817969580134,4,5584,0.24230600000000002,0.2547233144555848,264.60399624076473,0.18903779783921026,0,58.0
2042-08-30,40,18432,558,Employed,High School,16,19398,48,Single,1,Rent,719,0.2503560010552405,0,0,0.1996189634582622,0,Auto,0,25,5,3407,4248,120051,17929,1536.0,0.7991725814853232,3,102122,0.235398,0.1899482570095499,579.9495299068096,0.8456702668664126,0,50.0
2042-08-31,23,31257,551,Employed,High School,2,23365,36,Married,2,Own,546,0.13502026350890334,7,0,0.38374661336694116,0,Home,0,28,28,3061,420,169287,56841,2604.75,0.8296433645668837,7,112446,0.232865,0.1947376948793011,862.0749966831145,0.5405797088715287,0,50.0
2042-09-01,41,24472,581,Employed,High School,20,13708,48,Married,2,Rent,309,0.6521240861226361,2,1,0.2821306528020483,0,Other,0,28,18,6987,1403,25133,52078,2039.3333333333333,0.7507110965946425,4,8450,0.218208,0.23227782635175218,441.07408100788587,0.36780357028827354,0,56.0
2042-09-02,54,36185,517,Employed,Associate,28,16165,24,Married,0,Mortgage,389,0.07867155401393014,3,1,0.25362081074562354,0,Other,0,21,6,2628,350,10421,28768,3015.4166666666665,0.7931679996332297,5,9183,0.23266499999999998,0.23881613751490618,853.7064345185894,0.41211765135340817,0,54.0
2042-09-03,39,42484,550,Employed,Associate,18,28702,48,Widowed,0,Rent,603,0.19296521621720739,4,0,0.13205422169862582,0,Other,0,30,26,3501,6854,197718,10666,3540.3333333333335,0.6591229322605696,5,187052,0.248702,0.239348720106624,934.704766849243,0.434338979432043,0,46.0
2042-09-04,18,50566,602,Employed,Bachelor,0,18236,48,Single,3,Mortgage,119,0.1203881163091505,3,1,0.0773382403211956,0,Debt Consolidation,0,20,5,1211,4346,14322,23849,4213.833333333333,0.7984501359025314,7,10652,0.212236,0.20663805525453782,561.3980618574434,0.1614677202525278,0,48.0
2042-09-05,51,97642,642,Employed,High School,27,22374,36,Married,3,Mortgage,379,0.37425836375946964,4,0,0.5692397523057522,0,Debt Consolidation,0,28,6,2043,212,80538,33222,8136.833333333333,0.7312941460755267,7,47316,0.186374,0.19465467461833771,825.4168049065025,0.14802033611435683,0,56.0
2042-09-06,38,24584,576,Unemployed,Master,17,10050,60,Single,0,Own,834,0.42754309466754264,2,1,0.5123362062356949,0,Other,0,23,27,2283,2452,32277,96550,2048.6666666666665,0.7075842110553764,6,7315,0.22705000000000003,0.2184233514393902,276.6699037134752,0.5421428101432518,0,64.0
2042-09-07,29,38096,542,Employed,Associate,8,37215,36,Married,1,Mortgage,476,0.12559269552017682,4,1,0.15157800336961805,1,Debt Consolidation,0,20,14,745,1247,29890,40281,3174.6666666666665,0.6584283858426888,5,5824,0.25121499999999997,0.2638656517624723,1507.0894106959897,0.6246606711558137,0,62.0
2042-09-08,43,31266,533,Unemployed,High School,22,16502,60,Single,1,Own,478,0.4754609775555322,3,1,0.09687019533606701,0,Auto,0,21,11,5175,201,51841,8301,2605.5,0.7336622876920095,4,43540,0.255002,0.26505462065686747,499.0277143228024,0.3749866491355987,0,55.0
2042-09-09,35,36935,604,Employed,Bachelor,13,30950,36,Single,0,Mortgage,229,0.332544473276794,3,1,0.27719938539066047,0,Education,0,26,13,3303,163,81938,10122,3077.9166666666665,0.8867456331088789,5,71816,0.21395,0.24502322198753887,1222.434750153953,0.47156401791924835,0,48.0
2042-09-10,46,57082,488,Employed,Associate,24,13767,60,Single,0,Own,560,0.5175700578238228,3,0,0.43398942010045916,0,Debt Consolidation,0,23,4,31003,629,86580,19931,4756.833333333333,0.49830085366298005,2,66649,0.274767,0.27231312386713463,422.28525296460674,0.20649982543665749,0,58.0
2042-09-11,42,54887,625,Employed,Associate,21,7147,48,Married,0,Mortgage,810,0.15526112795476363,5,0,0.14500841677484932,0,Home,0,27,20,5081,248,132619,20125,4573.916666666667,0.7064480570442329,3,112494,0.189647,0.20689344747745264,220.11937030414526,0.22521603373567045,1,33.6
2042-09-12,28,48647,519,Employed,High School,8,17200,72,Married,1,Own,545,0.23685588294919638,2,0,0.3572822071508378,0,Debt Consolidation,0,27,23,1364,1281,94661,21294,4053.9166666666665,0.9421297440584836,8,73367,0.2727,0.28423374538499707,500.0930963606126,0.25779836693583064,0,53.0
2042-09-13,68,49603,614,Employed,Bachelor,43,21565,48,Married,2,Mortgage,213,0.5512291282126529,5,2,0.24147364591504852,0,Home,1,19,9,10316,1022,37776,35466,4133.583333333333,0.6772922703296476,4,2310,0.209565,0.20719976320273067,664.5314786196176,0.2122931625795902,0,58.0
2042-09-14,40,92292,554,Employed,High School,18,9178,72,Married,0,Other,259,0.27042227129182794,5,1,0.2784173149074178,0,Auto,0,29,29,2996,2353,51198,28195,7691.0,0.9379378446461151,4,23003,0.24717799999999998,0.2045264963156693,222.25379423238914,0.06257363076744106,1,40.800000000000004
2042-09-15,22,45024,570,Employed,Associate,1,9632,24,Divorced,0,Rent,727,0.15974560650600153,2,1,0.09720128210370078,0,Auto,0,26,13,1185,708,77731,130790,3752.0,0.7952464073824462,5,2283,0.199632,0.22068305545412192,500.0153444328495,0.3270296760215483,0,50.0
2042-09-16,29,74382,612,Employed,Bachelor,8,23808,48,Divorced,2,Mortgage,323,0.13306197619569793,5,1,0.24989871436871638,0,Other,0,21,22,5948,312,241725,25094,6198.5,0.8102945097672517,1,216631,0.212808,0.2542709213449637,795.0867510491738,0.18038021312400968,0,44.0
2042-09-17,45,41038,591,Employed,Associate,23,14031,60,Single,2,Mortgage,372,0.3594668664885564,7,1,0.14981278191052722,0,Debt Consolidation,0,25,6,5874,1268,24228,46551,3419.8333333333335,0.8515958961653115,1,1075,0.22353099999999998,0.22182372936428238,388.9772479986875,0.2225188112477277,0,53.0
2042-09-18,41,77385,603,Employed,Associate,21,21369,24,Married,1,Other,271,0.42949791885385497,3,1,0.5693803357442107,0,Debt Consolidation,0,19,11,4477,509,71345,50305,6448.75,0.5753041455325628,3,21040,0.194869,0.20256688867411743,1090.2738928308606,0.21109112507553568,0,56.0
2042-09-19,55,52508,638,Employed,High School,35,10663,72,Married,3,Mortgage,466,0.7166825852676999,2,1,0.4049558205591625,0,Debt Consolidation,0,17,22,3320,356,227457,27852,4375.666666666667,0.9291435641313175,6,199605,0.206663,0.22162608387499053,268.95005684257194,0.16796299006076906,1,40.800000000000004
2042-09-20,44,101886,595,Employed,Bachelor,18,19814,120,Married,3,Mortgage,375,0.42291838585295555,8,0,0.49574374458510795,0,Auto,0,24,25,3786,405,53717,26362,8490.5,0.7442684640397823,7,27355,0.277314,0.28678767872513994,503.1009113442004,0.10342157839281554,0,56.0
2042-09-21,18,26597,509,Employed,Associate,0,72217,36,Married,2,Rent,745,0.1886453953535894,6,2,0.3188251368435526,0,Home,0,15,20,8139,662,183480,80854,2216.4166666666665,0.922323060984656,2,102626,0.302717,0.31310248825233267,3117.7812736438286,1.7428046502886019,0,51.0
2042-09-22,46,51388,589,Employed,Bachelor,22,38834,48,Married,1,Mortgage,142,0.12118876661950681,5,1,0.455000619662743,0,Debt Consolidation,0,25,25,8619,2149,20900,63363,4282.333333333333,0.6849885438573442,1,4942,0.23933400000000002,0.24684120940979232,1280.7916457788867,0.3322468231755788,0,55.0
2042-09-23,64,35076,594,Employed,Master,42,35730,48,Married,3,Mortgage,898,0.3951177448914973,5,2,0.0427202878511233,0,Auto,0,30,21,8334,1692,10026,53232,2923.0,0.8863552711421203,4,10449,0.23373000000000002,0.21240525177973912,1111.0318836420229,0.6873184685740755,0,51.0
2042-09-24,32,66658,539,Employed,Bachelor,8,12366,12,Single,2,Rent,217,0.4995873926139582,2,2,0.40592180011154594,0,Education,0,18,8,4431,8255,46336,62816,5554.833333333333,0.6384098745739673,6,2257,0.207866,0.18698655350495105,1137.8305368742497,0.24390120379385816,1,46.400000000000006
2042-09-25,36,41828,600,Employed,High School,15,33352,48,Single,3,Own,129,0.20045422045081485,3,0,0.3220989588232697,0,Debt Consolidation,0,30,18,1617,2398,32053,13128,3485.6666666666665,0.8649765801848989,7,18925,0.228352,0.1826816,984.3946331711523,0.3194208567957786,0,52.0
2042-09-26,24,57468,577,Employed,High School,1,57378,48,Single,2,Own,527,0.29202091006716235,1,2,0.27594709529416345,0,Education,0,26,15,2326,268,260942,47927,4789.0,0.7928663395811059,7,213015,0.263878,0.2785341546510821,1994.936755301295,0.5266103059722896,0,48.0
2042-09-27,46,27218,579,Employed,Bachelor,25,25268,24,Married,2,Rent,292,0.46720354987902496,4,4,0.1384709604645074,1,Home,0,24,27,14424,5791,165001,7938,2268.1666666666665,0.8961846194003575,7,157063,0.21076799999999998,0.2325285539678945,1326.5428667648307,0.7135908002490252,0,61.0
2042-09-28,47,47137,539,Employed,Master,26,17427,60,Married,0,Mortgage,436,0.25012019985983275,4,0,0.4409296938789827,0,Home,0,21,28,1173,1915,203748,65984,3928.0833333333335,0.9439300397673853,5,137764,0.252927,0.2390717716167786,500.4008498872394,0.23838619765039934,1,42.400000000000006
2042-09-29,35,21622,512,Employed,High School,14,11896,36,Divorced,1,Rent,403,0.2555033309705963,8,1,0.3964294381692607,0,Home,0,25,24,1742,326,17209,28598,1801.8333333333333,0.743819142423215,4,5829,0.240896,0.2116771514410484,449.20763420140247,0.47296696005997735,0,56.0
2042-09-30,40,241267,533,Employed,Bachelor,18,10458,48,Single,0,Other,324,0.4698471863884542,4,0,0.11999575513985465,1,Home,0,15,16,4066,3067,16208,21164,20105.583333333332,0.9063198988648601,7,6651,0.238958,0.24219472377548465,342.22012779975313,0.033136075524613964,1,48.800000000000004
2042-10-01,42,43004,548,Employed,Master,17,40378,24,Married,0,Rent,198,0.2432197090172459,2,0,0.3305672799768159,0,Auto,0,19,29,2036,4026,48304,30617,3583.6666666666665,0.7913964193980482,4,17687,0.24137799999999998,0.2727624863937839,2201.4237912476037,0.6695443562220084,0,55.0
2042-10-02,42,107686,575,Employed,Associate,18,15924,36,Married,4,Rent,205,0.42150927232047086,4,0,0.16579309349383867,0,Debt Consolidation,0,23,20,677,474,174180,106477,8973.833333333334,0.933922071858884,5,67703,0.213424,0.2059609680120321,596.6405360566304,0.08933089196998276,1,38.400000000000006
2042-10-03,18,68602,586,Employed,Bachelor,0,50501,48,Married,0,Mortgage,280,0.3655044348738948,7,1,0.10580961257726139,0,Education,0,17,6,271,632,51065,6862,5716.833333333333,0.46035213742610864,4,44203,0.252501,0.24518056234550115,1660.9221252194513,0.33951000703526746,0,52.0
2042-10-04,31,25244,609,Employed,High School,8,74949,48,Single,0,Rent,476,0.49111731409592607,2,2,0.3852347772209398,0,Auto,1,30,15,5129,83,49537,4330,2103.6666666666665,0.8796395123781942,5,45207,0.265449,0.26821343641157264,2561.834014971824,1.4440662406774636,0,60.0
2042-10-05,59,119688,624,Employed,Associate,37,27700,60,Married,0,Own,561,0.11814756958288263,4,1,0.4013249889315738,0,Home,0,18,14,5472,671,88833,20580,9974.0,0.8204890548024844,13,68253,0.2207,0.2622827705776062,833.0985894423486,0.13977326944479132,0,49.0
2042-10-06,18,58402,585,Employed,Bachelor,0,17276,120,Married,1,Mortgage,139,0.20827633101047335,2,0,0.2992580409600774,0,Education,0,23,15,3458,708,47811,32017,4866.833333333333,0.5340296398496807,2,15794,0.279776,0.26973672521792574,417.3024874314082,0.11430481574564055,0,52.0
2042-10-07,34,97913,623,Employed,Bachelor,10,103623,24,Married,0,Mortgage,831,0.24655010882831405,1,2,0.36000154451650385,0,Auto,1,29,27,5709,86,38945,113008,8159.416666666667,0.8591238847312516,8,2812,0.26712300000000005,0.3047779583496943,5819.370169581854,0.8150546100618125,0,56.0
2042-10-08,45,57796,519,Employed,Associate,23,42038,48,Married,3,Mortgage,394,0.17797898467366055,6,0,0.1324076849269989,0,Debt Consolidation,0,25,29,13419,4715,70802,42200,4816.333333333333,0.6581632805501649,6,28602,0.277538,0.24533629534616885,1382.9470181791826,0.36894186826337794,0,49.0
2042-10-09,32,21844,532,Employed,High School,10,32467,84,Single,1,Own,224,0.5598321020224022,2,2,0.24422564665986643,0,Debt Consolidation,0,18,22,1218,923,16270,76500,1820.3333333333333,0.8964975286633088,4,4193,0.29146700000000003,0.2871480831176412,900.4369921687673,0.6177093895818169,0,55.0
2042-10-10,33,38364,568,Employed,Bachelor,11,11241,12,Married,4,Own,884,0.18669166414261992,2,1,0.504996943088782,0,Home,0,18,19,7977,2169,187245,41718,3197.0,0.7310400199919184,3,145527,0.192241,0.161341262786008,1020.6191900608093,0.5957520144075099,0,54.0
2042-10-11,43,76062,469,Employed,High School,21,15163,60,Single,4,Mortgage,173,0.03641613818114443,4,0,0.13012253629304982,0,Auto,0,25,23,1802,1864,27937,11095,3277.25,0.68320045414976,7,16842,0.285663,0.26374917387334373,457.3589415699957,0.19234386805095607,0,49.0
2042-10-12,27,41165,567,Employed,Associate,3,17128,36,Married,3,Own,211,0.603069771864067,5,0,0.2771016275690253,0,Auto,0,22,12,1220,1749,118575,11523,3430.4166666666665,0.8891962681290503,5,107052,0.218628,0.20146386636824523,637.8161167857712,0.24743819753259455,0,51.0
2042-10-13,33,39701,509,Employed,High School,8,19016,48,Divorced,3,Mortgage,426,0.19878000092775003,4,1,0.045083927372762844,0,Home,1,21,26,1925,4413,131634,159119,3308.4166666666665,0.8383750499926309,2,6739,0.259516,0.2597823330749424,640.9354576470448,0.3224912594585662,0,56.0
2042-10-14,25,82085,528,Employed,High School,1,35317,36,Married,0,Rent,657,0.3536479237349235,1,1,0.46680161223770655,0,Education,0,25,10,4591,827,80598,17720,6840.416666666667,0.7767247137818523,3,62878,0.256317,0.20505360000000003,1321.6178717343287,0.2892539984261673,0,53.0
2042-10-15,21,44830,616,Employed,Bachelor,0,23850,12,Divorced,2,Other,263,0.3726310847600894,3,1,0.19260248456731757,0,Auto,0,20,26,3526,3007,34925,17838,3735.8333333333335,0.9524550387926085,5,17087,0.18085000000000004,0.21123813690555168,2222.1809826155663,0.6652280122995047,0,48.0
2042-10-16,53,90990,532,Employed,Doctorate,33,34465,36,Divorced,3,Own,668,0.1800271771171699,4,0,0.15328287520271358,0,Auto,0,23,2,6827,642,177073,22677,7582.5,0.9354709025319261,6,154396,0.253465,0.21167225577238508,1301.4322397618448,0.25973389248425255,1,38.400000000000006
2042-10-17,19,26440,514,Employed,Master,0,29447,36,Divorced,4,Rent,501,0.2697950798132416,2,1,0.2750699914745487,0,Education,0,20,6,1229,590,28571,12784,2203.3333333333335,0.7469247824199213,4,15787,0.257447,0.24959762468375496,1170.1810190501883,0.7584785260439584,0,56.0
2042-10-18,37,62992,547,Employed,Associate,11,31741,48,Single,2,Mortgage,438,0.4599873240763599,3,1,0.35810853688622607,0,Education,0,36,23,2405,3626,49040,20230,5249.333333333333,0.9139648131580653,6,28810,0.253241,0.22736734457687915,1012.7729258277908,0.27637279511578444,0,55.0
2042-10-19,39,56637,531,Employed,Associate,16,36867,84,Married,0,Mortgage,133,0.05191728010981392,2,1,0.22746982419091777,0,Other,0,25,9,6614,1536,38773,4881,4719.75,0.6420877738610562,4,33892,0.296367,0.268912687305437,978.2017018054371,0.23543655952231307,0,52.0
2042-10-20,34,27630,613,Employed,Master,9,24887,48,Single,0,Mortgage,725,0.17317073086058196,8,1,0.049930253597649896,0,Auto,0,14,13,168,1181,311140,50701,2302.5,0.9548618182639725,6,260439,0.213387,0.21079193302680815,771.7037124856556,0.6500341856615225,0,42.0
2042-10-21,38,34735,568,Employed,Bachelor,20,15843,36,Widowed,0,Other,243,0.33898007893327864,3,0,0.05257288323499731,0,Debt Consolidation,0,16,5,5911,6559,59056,32766,2894.5833333333335,0.6679138534574541,10,26290,0.21684299999999998,0.2159936361888088,601.7726477424737,0.29184602772159735,0,53.0
2042-10-22,18,56577,569,Self-Employed,Master,0,19769,48,Married,0,Rent,669,0.20599472650108008,5,1,0.07083974863229446,0,Home,0,26,16,3323,493,93368,34482,4714.75,0.9009768468848155,4,58886,0.23026900000000003,0.21477199203607136,617.2462547258664,0.27281324666755746,0,51.0
2042-10-23,41,23402,605,Employed,Bachelor,18,24196,24,Single,1,Rent,140,0.26174764790704436,5,3,0.5944789446159199,0,Debt Consolidation,0,17,15,130,496,86985,10843,1950.1666666666667,0.7163904519430199,3,76142,0.19669599999999998,0.21712147504035836,1251.807026699029,0.7136861943589585,0,55.0
2042-10-24,34,28110,492,Employed,High School,13,15893,36,Single,3,Rent,362,0.434788056528628,2,1,0.7873436971153942,0,Debt Consolidation,0,17,18,1264,1030,26369,21929,2342.5,0.6756393469382074,9,4440,0.254893,0.24418521121512224,627.0255073833656,0.4222093948274773,0,61.0
2042-10-25,45,68124,590,Employed,Bachelor,22,12373,36,Single,2,Rent,179,0.1467135055987609,4,0,0.3518958425836629,0,Auto,0,23,6,3409,499,65687,4519,5677.0,0.8868804351994322,6,61168,0.202373,0.21610328509019913,470.0398673336016,0.1143279667665319,1,42.400000000000006
2042-10-26,28,130580,578,Employed,Bachelor,4,40333,36,Married,0,Mortgage,284,0.14074190250331672,7,1,0.052154595945790264,0,Debt Consolidation,0,26,6,2261,8771,11032,24279,10881.666666666666,0.7772897596031564,4,4001,0.23633300000000002,0.21971791167773969,1539.7470193437175,0.16759813319133568,1,39.2
2042-10-27,27,97218,582,Employed,Bachelor,7,15834,60,Single,3,Own,579,0.6292573852270785,1,1,0.49959404495056325,0,Home,0,18,21,3839,1489,7900,19165,8101.5,0.6281200942906227,3,7367,0.22983399999999998,0.20643699088644843,425.19543161013416,0.12395179060792867,1,45.6
2042-10-28,41,92441,539,Employed,High School,17,12610,36,Divorced,1,Mortgage,344,0.4020053597938545,3,0,0.03331051103790288,0,Debt Consolidation,0,31,27,2122,477,102640,24932,7703.416666666667,0.8290834140785737,2,77708,0.22811,0.2704934874728553,515.1398699433887,0.11152711934445392,1,38.400000000000006
2042-10-29,57,285344,524,Employed,Doctorate,35,15688,108,Single,1,Rent,247,0.10646713561092845,4,0,0.43702143995663345,0,Debt Consolidation,0,17,25,357,244,52094,13821,23778.666666666668,0.5965015804857664,7,38273,0.298688,0.2741108385224449,392.5994479402255,0.02689803666901251,1,42.400000000000006
2042-10-30,58,134446,494,Employed,High School,36,27212,60,Divorced,0,Mortgage,419,0.27939237896703284,0,0,0.49886791983531364,0,Home,0,31,11,4159,656,42464,20772,11203.833333333334,0.8440813970673109,6,21692,0.28521199999999997,0.29092734405402615,865.2967117030119,0.11463011573744211,1,43.2
2042-10-31,50,62359,650,Employed,Associate,27,45663,96,Widowed,1,Mortgage,706,0.20099776688862486,2,2,0.2581915778031213,0,Home,0,19,26,285,784,60574,37778,5196.583333333333,0.985014022290665,1,22796,0.25566300000000003,0.23214068717598482,1050.2535713895968,0.3379631305292767,0,46.0
2042-11-01,18,41329,617,Employed,Master,0,13257,48,Single,2,Mortgage,322,0.15635953891901325,3,4,0.23252796680403898,0,Debt Consolidation,1,27,29,693,635,46344,20399,3444.0833333333335,0.7829066859920594,11,25945,0.19975700000000002,0.1926073746192135,398.21217807377457,0.2091157815791646,0,55.0
2042-11-02,40,47358,537,Employed,Associate,16,33342,48,Single,1,Other,435,0.11244090086075785,3,0,0.32607963140737045,0,Other,0,18,6,8141,1324,22849,27944,3946.5,0.9448698381635028,7,1830,0.25984199999999996,0.24750365262438004,1100.8877757430084,0.3891771888364395,0,56.0
2042-11-03,35,34649,591,Employed,Doctorate,15,14422,60,Married,1,Own,346,0.6191738225729817,3,2,0.11077648306302636,0,Home,0,24,4,8685,1182,90202,6485,2887.4166666666665,0.7758813922665306,5,83717,0.223922,0.2593173310444855,431.2187743388088,0.26917444347789854,0,54.0
2042-11-04,30,33096,523,Self-Employed,Associate,8,19732,48,Single,0,Mortgage,576,0.2142941631258573,4,3,0.16093961359999692,0,Education,0,25,3,1904,1338,30366,11050,2758.0,0.7303747927064926,14,19316,0.253232,0.2491196852942567,653.2880076749153,0.4457171891497155,0,57.0
2042-11-05,43,72724,595,Unemployed,Bachelor,20,11706,72,Married,2,Mortgage,260,0.13169565528000626,5,1,0.3718757060132188,0,Debt Consolidation,0,23,6,1577,571,21350,13082,6060.333333333333,0.7801993803402353,3,8268,0.229206,0.2203750151604389,294.38707860383965,0.0914779844789351,0,58.0
2042-11-06,18,33023,614,Employed,Doctorate,0,24135,108,Single,1,Rent,337,0.5126494222082061,3,1,0.19124749750897846,0,Other,0,28,25,2243,2084,23295,20232,2751.9166666666665,0.7253482975689787,4,3063,0.262135,0.29270650106346296,635.7997304953066,0.353498978467846,0,49.0
2042-11-07,42,38602,558,Employed,Doctorate,20,50981,36,Divorced,1,Own,351,0.10487722482842443,3,1,0.10232565542861011,0,Home,0,23,16,4062,168,47759,12418,3216.8333333333335,0.5691205003319798,4,35341,0.256981,0.2588095846689834,2050.8246300440064,0.7466425459957535,0,50.0
2042-11-08,37,15923,623,Employed,Bachelor,16,12390,48,Married,0,Mortgage,585,0.11059687863635137,1,2,0.5438814628308224,0,Education,0,21,28,361,3849,23275,20008,1326.9166666666667,0.8990315078629666,6,3267,0.19589000000000004,0.21505148648266342,387.03931401773224,0.7325549059984166,0,56.0
2042-11-09,38,23845,601,Employed,High School,18,9089,60,Married,0,Mortgage,190,0.03548093090621475,1,2,0.32264707579327473,0,Other,0,29,8,9851,650,172035,27666,1987.0833333333333,0.9201122272021628,3,144369,0.21358899999999997,0.20371223245048098,242.68412378030783,0.21774835333880033,0,49.0
2042-11-10,43,71635,632,Employed,Bachelor,23,9700,60,Married,0,Own,1249,0.14007930336817034,5,2,0.24283755115034103,0,Auto,0,19,26,1834,87,33615,4844,5969.583333333333,0.751181874256852,9,28771,0.1987,0.16733837439910593,239.68395395068356,0.2493782012620675,1,38.400000000000006
2042-11-11,31,42977,415,Unemployed,High School,11,13154,12,Married,0,Rent,352,0.044518395327411205,7,0,0.21464775854985882,0,Home,0,21,23,2270,3911,24763,45391,3581.4166666666665,0.8300324915067621,9,1356,0.270654,0.2841868657577833,1272.1357872514006,0.45348976073287595,0,55.0
2042-11-12,26,24957,528,Self-Employed,Bachelor,1,28816,48,Married,4,Mortgage,294,0.05902547021611406,6,1,0.45787679193845465,0,Education,0,16,29,1322,5780,24972,9074,2079.75,0.8967505550811217,6,15898,0.259816,0.23338526086433625,928.9480105710917,0.588026450569103,0,60.0
2042-11-13,41,104600,587,Employed,Bachelor,16,14924,108,Married,2,Mortgage,469,0.422663032209131,6,1,0.08633580309148377,0,Auto,0,27,2,2762,546,97445,23698,8716.666666666666,0.8552390245465525,6,73747,0.266424,0.24483953592808227,343.2464810464478,0.09318315270131333,1,41.6
2042-11-14,45,59195,522,Employed,High School,22,33955,36,Married,2,Mortgage,252,0.10918933029213115,1,1,0.0780198067358922,0,Auto,0,16,17,2985,585,10233,22151,4932.916666666667,0.7477579269933089,4,4156,0.25795500000000005,0.2711708748257217,1388.3539734685155,0.33253226930690405,0,49.0
2042-11-15,32,60773,531,Employed,High School,12,11534,36,Single,0,Mortgage,452,0.2397051449926901,1,0,0.2069262307021098,0,Debt Consolidation,0,27,19,2932,1250,61832,39055,5064.416666666667,0.812584807887111,6,22777,0.231034,0.22986416136704838,446.3962723802019,0.1773938306248239,1,41.6
2042-11-16,50,36207,637,Employed,Bachelor,26,15390,120,Single,0,Own,1210,0.594287058786044,3,0,0.2511043513148493,0,Auto,0,23,25,4474,713,139911,28270,3017.25,0.8332508475172786,3,111641,0.25189,0.20745584714535725,305.06765851657775,0.5021352750075657,0,47.0
2042-11-17,36,23423,568,Employed,Master,17,11781,36,Single,0,Mortgage,439,0.2676710324351122,2,0,0.34024600278501294,0,Auto,0,30,24,731,251,146029,20615,1951.9166666666667,0.7311913196159207,7,125414,0.21278099999999997,0.19653851831339164,435.7491086931374,0.4481487983741471,1,41.6
2042-11-18,21,58019,527,Employed,High School,0,12443,48,Married,2,Own,755,0.21717649645651155,5,1,0.2819923313447169,0,Debt Consolidation,1,21,5,8846,935,15933,48227,4834.916666666667,0.5514356087757508,9,2134,0.24394300000000002,0.2285333655280546,397.8172710020487,0.23843580985581592,0,60.0
2042-11-19,30,50397,542,Unemployed,Associate,7,25562,24,Divorced,0,Mortgage,430,0.1858460650008404,3,0,0.28309688331123434,0,Education,0,25,7,16218,745,31685,23825,4199.75,0.7636315751143373,5,7860,0.229562,0.24569912441659797,1358.7729702454812,0.42592367884885557,0,55.0
2042-11-20,28,38501,492,Employed,Master,2,39683,36,Married,0,Mortgage,1005,0.09074259864886146,4,1,0.28592969451374556,0,Home,0,28,1,16960,2281,61077,10907,3208.4166666666665,0.7067553769684392,5,50170,0.278683,0.25119169571396577,1580.2913600107606,0.8057841697651782,0,54.0
2042-11-21,43,27139,618,Employed,High School,22,18895,72,Married,1,Mortgage,277,0.27831050556103515,4,0,0.5353180451787419,0,Other,0,26,25,1308,444,396987,2711,2261.5833333333335,0.7886064847965498,8,394276,0.224895,0.2024047880822523,455.2263655607903,0.32376713905189886,0,51.0
2042-11-22,43,20571,587,Employed,High School,20,25477,72,Single,2,Own,342,0.7434546475481307,0,0,0.22276434673553488,0,Debt Consolidation,0,30,18,2999,390,70834,22704,1714.25,0.3504286286925206,8,48130,0.246977,0.2490177902912323,684.7437532576312,0.598946334115579,0,56.0
2042-11-23,71,63568,669,Employed,High School,47,19521,60,Divorced,2,Rent,183,0.1550014207358307,4,0,0.1240903634997546,0,Education,0,20,5,772,1025,364439,26171,5297.333333333333,0.9376281582463457,8,338268,0.190021,0.18102409213412202,496.7932615775671,0.12832744681177333,1,31.200000000000003
2042-11-24,39,48687,609,Employed,Associate,13,21503,84,Divorced,0,Mortgage,430,0.3774680498881501,3,1,0.6896168120799294,0,Auto,0,24,3,1671,1278,138547,10094,4057.25,0.9169588737346754,4,128453,0.242003,0.19948946683640575,476.8391060061603,0.22351077848448095,0,55.0
2042-11-25,50,119335,570,Employed,Master,25,25168,48,Married,3,Rent,287,0.1191114689952694,5,1,0.34860531697604763,0,Other,0,29,14,5084,5191,249600,6785,9944.583333333334,0.9475165968122868,6,242815,0.23516800000000002,0.23869524321144003,818.7086459904197,0.11118702603498584,1,38.400000000000006
2042-11-26,39,41894,616,Employed,High School,18,19541,36,Single,1,Mortgage,395,0.3993517519666795,2,3,0.206198220840252,0,Debt Consolidation,0,22,1,8814,63,22680,3185,3491.1666666666665,0.819618646823348,3,19495,0.19654100000000002,0.2243363749351311,750.6704813645106,0.32816264325139943,0,54.0
2042-11-27,54,45607,611,Employed,High School,33,42163,48,Widowed,0,Mortgage,1302,0.359683779383266,2,0,0.7555267383887286,0,Home,0,22,14,768,5588,42873,42566,3800.5833333333335,0.7932292307279654,3,1904,0.231663,0.23428421245168002,1361.3021514398658,0.7007614141969082,0,56.0
2042-11-28,54,29874,598,Employed,High School,30,30477,36,Single,1,Mortgage,316,0.3671462603162897,4,0,0.2914094995456657,0,Home,0,22,16,7179,306,83879,299130,2489.5,0.5423670011564584,5,9712,0.216477,0.2007439141557427,1133.7900735189799,0.5823619495958947,0,54.0
2042-11-29,52,40523,642,Unemployed,Bachelor,31,24650,24,Divorced,1,Rent,422,0.2764653753710977,3,0,0.2069316408065445,0,Home,0,24,2,7141,1158,15107,44152,3376.9166666666665,0.8705346324012095,5,4657,0.17865,0.1653443446655754,1213.2447100465374,0.4842419495239358,0,57.0
2042-11-30,24,60670,587,Employed,High School,1,22300,60,Married,3,Mortgage,1233,0.255268023232133,5,1,0.5969089195809298,0,Education,0,19,12,374,3726,64774,19554,5055.833333333333,0.7986531459825051,3,45220,0.2338,0.24864601241332676,652.7655334113609,0.37298807319822536,0,58.0
2042-12-01,43,61035,555,Employed,High School,23,26711,24,Single,0,Rent,850,0.016315080546640062,0,2,0.368524613026404,0,Debt Consolidation,0,21,15,993,1804,11472,49270,5086.25,0.6917961393034556,9,5871,0.22421099999999997,0.2255302562357117,1393.0229717925486,0.44099738939150623,0,53.0
2042-12-02,55,75086,623,Employed,Bachelor,36,16765,24,Married,1,Mortgage,328,0.2174282155741802,5,1,0.8420331777832524,0,Home,0,25,11,1804,1031,485076,115701,6257.166666666667,0.8808644760773664,6,369375,0.180265,0.18666602521780998,842.3873332972191,0.18704749220316208,1,39.2
2042-12-03,62,47923,646,Employed,Associate,39,58057,72,Married,2,Mortgage,484,0.15575614594185427,4,0,0.5296698916092192,0,Home,0,25,6,2166,7624,93682,21274,3993.5833333333335,0.9453433643844151,7,72408,0.250057,0.20349793849320724,1402.425889931128,0.4723642234245255,0,55.0
2042-12-04,18,99715,559,Employed,Associate,0,15104,60,Single,1,Other,524,0.4813485019237769,3,3,0.3070406066635428,0,Auto,0,31,5,1543,11497,52022,50342,8309.583333333334,0.9278579328083795,3,1680,0.24060399999999998,0.2639282109942772,455.740017514626,0.11790483086973386,0,56.0
2042-12-05,33,63984,634,Employed,Bachelor,8,14563,36,Married,1,Rent,276,0.5214380634891465,1,0,0.18288975317436548,0,Home,1,30,2,527,2660,74119,53159,5332.0,0.9398999583954931,3,20960,0.182563,0.195611838929005,537.9626456259006,0.1526561600948801,0,58.0
2042-12-06,44,23655,547,Unemployed,High School,22,55083,72,Married,3,Mortgage,260,0.28439376832419,1,0,0.3460434247631036,0,Auto,0,18,6,1282,4246,222881,6971,1971.25,0.7995936820675773,4,215910,0.296583,0.28436874837599957,1602.0205353977722,0.944588730702738,0,57.0
2042-12-07,42,15000,522,Employed,High School,18,25359,84,Married,3,Mortgage,651,0.39233491459815,1,4,0.04977679638951248,0,Debt Consolidation,0,28,14,6342,231,56058,45680,1250.0,0.8011307698652904,4,10378,0.28935900000000003,0.28478436843235205,699.3266126982788,1.0802612901586233,0,52.0
2042-12-08,39,61755,567,Employed,Master,17,34772,36,Married,0,Mortgage,263,0.2510208141122281,2,0,0.32272752643039,0,Home,0,23,13,1630,1811,125915,12468,5146.25,0.9712876349495366,5,113447,0.23627199999999998,0.19948450658469002,1291.3389884566539,0.3020333229937632,1,40.0
2042-12-09,40,86453,567,Employed,Bachelor,16,21026,48,Married,1,Rent,936,0.09104540479308663,2,1,0.1872056247998961,0,Other,0,25,16,590,1410,95088,13686,7204.416666666667,0.8443634705058771,5,81402,0.23252599999999998,0.2318354287525452,676.0303855535961,0.2237558514643003,1,36.800000000000004
2042-12-10,18,36970,619,Employed,Master,0,18798,48,Divorced,1,Own,498,0.07190489365393986,3,1,0.08916551973291952,0,Auto,0,26,26,4383,1434,57369,15143,3080.8333333333335,0.8594745768747345,4,42226,0.20429800000000004,0.20998141957112373,582.0743478735562,0.3505786360422687,0,47.0
2042-12-11,41,16179,549,Employed,Associate,18,25472,24,Married,2,Mortgage,888,0.04084116697324044,5,0,0.18610101688390412,0,Debt Consolidation,0,19,15,7502,637,229675,10464,1348.25,0.5158903792650432,2,219211,0.22597199999999998,0.18595848674310492,1279.0122348564566,1.6072777562443585,0,47.0
2042-12-12,23,94912,488,Employed,High School,0,11313,60,Widowed,0,Own,456,0.18453188828464903,5,0,0.608323641542209,0,Debt Consolidation,0,23,10,491,1008,89956,29002,7909.333333333333,0.7602010121865748,6,60954,0.27231299999999997,0.2687371436688057,344.5927688971555,0.10122127051127221,1,43.2
2042-12-13,18,55342,500,Employed,Doctorate,0,26684,60,Married,0,Rent,424,0.7011012716657805,1,1,0.17408157762127752,0,Home,0,30,14,3265,1056,229181,19181,4611.833333333333,0.944689568481149,5,210000,0.281684,0.24573613843550363,776.5544476598558,0.26032043243681596,0,48.0
2042-12-14,24,53108,589,Employed,Bachelor,0,15816,48,Widowed,1,Mortgage,629,0.042871907359845404,3,1,0.36751896252541316,0,Auto,0,31,24,14812,496,70487,36141,2890.6666666666665,0.6268796246787987,5,34346,0.216316,0.2039471137058798,484.61898055769456,0.385246418550863,0,53.0
2042-12-15,53,102248,574,Employed,High School,30,15292,72,Single,1,Own,497,0.15361601249815476,2,0,0.4835113402180495,1,Other,0,22,3,4453,295,117840,15391,8520.666666666666,0.8885997687825099,6,102449,0.243292,0.19463360000000002,361.5454031619258,0.10076035558586095,1,52.0
2042-12-16,20,64455,580,Employed,High School,1,18481,48,Single,0,Mortgage,184,0.4685528206686681,3,2,0.2337536823107627,0,Debt Consolidation,0,24,27,8148,2860,927481,25614,5371.25,0.8749008406038505,7,901867,0.223481,0.26132907675666484,624.5122518527558,0.15052590213688727,1,36.0
2042-12-17,22,20286,445,Employed,High School,0,36290,48,Divorced,3,Rent,277,0.31199588950066204,2,0,0.24467417482948306,0,Debt Consolidation,0,30,12,9232,135,58376,44383,1690.5,0.5644745700020759,4,13993,0.30879,0.29309108221368374,1292.1154710101712,0.9281960786809649,0,54.0
2042-12-18,37,30625,475,Employed,Associate,14,14302,60,Single,2,Rent,419,0.15928318712562817,5,2,0.36337889344457114,0,Other,0,18,12,277,6593,188430,44419,2552.0833333333335,0.8507410225082489,5,144011,0.281802,0.2768174704409833,442.562595221818,0.3375918740461001,0,50.0
2042-12-19,18,25521,503,Employed,Bachelor,0,19318,60,Divorced,4,Own,420,0.3233266774035584,2,2,0.35749618490128715,0,Debt Consolidation,0,24,12,1615,1591,71347,5268,2126.75,0.8661073028493964,6,66079,0.272818,0.25977471329399826,578.1323630543675,0.4693228461522828,0,54.0
2042-12-20,53,132156,659,Employed,Bachelor,35,29079,36,Divorced,3,Mortgage,628,0.45346013336527,2,1,0.2336112549573716,0,Auto,0,25,1,5156,928,94738,26614,11013.0,0.9071582095926457,7,68124,0.184579,0.17099387460219284,1038.1845850015877,0.15129252565164694,1,37.6
2042-12-21,39,96378,573,Employed,Master,16,30990,60,Widowed,4,Mortgage,274,0.27650516020584515,5,3,0.18143473044123504,0,Debt Consolidation,0,35,14,3606,5046,114904,21190,8031.5,0.7446693817817923,5,93714,0.24949,0.24981141798227158,909.2549213153817,0.14732676602320632,1,37.6
2042-12-22,53,61883,665,Employed,Associate,30,30445,84,Married,1,Mortgage,503,0.2920831110002415,4,0,0.529872716497475,0,Home,0,26,26,1638,393,7514,11796,5156.916666666667,0.444036009768108,3,6237,0.222945,0.2077005600570791,690.2547460930765,0.23138918528702415,0,52.0
2042-12-23,43,69067,636,Employed,Bachelor,20,36085,12,Married,1,Rent,375,0.274892589924422,6,2,0.15709038946977744,0,Debt Consolidation,0,30,26,26226,613,68357,4214,5755.583333333333,0.8698933951461841,2,64143,0.18308500000000003,0.17352953999962803,3297.170765148957,0.6380188683711104,0,45.0
2042-12-24,45,25093,495,Employed,High School,27,35757,36,Married,0,Own,431,0.3607683839073474,3,0,0.3211537422720768,0,Home,0,18,15,4716,626,126449,14022,2091.0833333333335,0.8732573349519253,5,112427,0.27325699999999997,0.3153188899838764,1548.0979045734093,0.9464462142781218,0,52.0
2042-12-25,30,110344,599,Unemployed,Associate,6,16798,48,Widowed,3,Mortgage,415,0.005888783248535765,4,2,0.08669961381901664,1,Home,0,23,10,2426,1516,151437,147041,9195.333333333334,0.9202996691271376,2,4396,0.21229800000000001,0.22264330036329583,531.6526048723388,0.10294924289918858,0,63.0
2042-12-26,32,128540,595,Unemployed,Doctorate,8,26595,60,Married,1,Other,1252,0.2926676247482796,3,0,0.1870163449586871,0,Education,0,19,10,6752,5268,32560,16622,10711.666666666666,0.8277760541859212,6,15938,0.234095,0.280914,829.5242209894914,0.19432309516005833,0,51.0
2042-12-27,45,52435,601,Self-Employed,High School,23,19538,60,Divorced,4,Rent,366,0.24522422511791483,4,1,0.17881284012777848,0,Education,1,24,19,6183,268,14612,81679,4369.583333333333,0.8102639780206392,7,4280,0.22403800000000001,0.2578847469365513,582.5327196944909,0.2170762398461694,0,56.0
2042-12-28,48,68898,616,Employed,Associate,25,18247,60,Single,0,Mortgage,317,0.25367810006833436,4,3,0.2151228115342855,0,Home,0,26,25,11295,1651,28375,26929,5741.5,0.6420165745305803,5,1446,0.21524700000000002,0.21990582389527188,503.86458837226036,0.14297040640464345,1,39.2
2042-12-29,44,80954,529,Employed,Bachelor,24,25535,72,Single,3,Rent,620,0.09820914365107297,3,1,0.14913774765468737,0,Home,0,28,6,996,234,36232,16340,6746.166666666667,0.8788992343568747,4,19892,0.27603500000000003,0.2581169815151246,700.6136400811632,0.19575763620048373,0,50.0
2042-12-30,50,129218,631,Employed,Associate,26,16889,48,Divorced,0,Rent,198,0.5619788806020662,2,2,0.15429211861904485,0,Other,0,21,14,1801,228,179628,19387,6133.916666666667,0.8385766718349766,8,160241,0.196389,0.21785743093871776,530.1435807093,0.11870777193081634,1,33.6
2042-12-31,39,47403,547,Employed,Bachelor,18,25069,36,Married,4,Own,569,0.48487749997360685,2,0,0.09171081996986061,0,Auto,1,20,9,8077,1819,100691,30302,3950.25,0.8521549068905817,3,70389,0.236569,0.25098305976688284,998.0429459028985,0.39669462588517146,0,57.0
2043-01-01,27,60145,580,Employed,Associate,6,15259,48,Married,0,Rent,483,0.1680282696418639,3,0,0.044629598607810864,0,Debt Consolidation,0,23,17,1295,840,39584,13113,5012.083333333333,0.8667035386169614,10,26471,0.220259,0.23302739752641446,491.60783818246904,0.1944516428329808,0,49.0
2043-01-02,50,75265,632,Employed,Master,29,20254,96,Married,0,Other,574,0.6996826793476406,3,0,0.29220058986621017,0,Other,0,34,7,6573,1353,112806,24947,6272.083333333333,0.8362540493723292,5,87859,0.23925400000000002,0.2008484601469766,425.4583895981327,0.15935030459280666,1,40.0
2043-01-03,57,119272,581,Employed,High School,35,34534,60,Married,0,Other,707,0.4764921438161257,2,1,0.3705925085437569,0,Education,0,22,12,1611,2073,41773,4040,9939.333333333334,0.9692995094779934,10,37733,0.24903400000000003,0.2606318327955426,1035.256318489489,0.17528905209834553,0,54.0
2043-01-04,45,21454,616,Employed,Bachelor,24,33618,24,Married,1,Mortgage,322,0.2041074974661526,4,0,0.23727740171757525,0,Home,0,21,3,6977,1334,80986,4359,1787.8333333333333,0.5780795663267552,3,76627,0.20061800000000002,0.18832381542333207,1691.9003822821237,1.1264474963822824,0,52.0
2043-01-05,45,29141,592,Employed,Bachelor,23,12094,72,Divorced,4,Other,371,0.09355115447724555,5,3,0.4519099519193723,0,Debt Consolidation,0,22,22,4903,1420,26915,8687,2428.4166666666665,0.7545109245029855,4,18228,0.231094,0.2657934102243211,337.59595279328386,0.29179339876872473,0,57.0
2043-01-06,39,18843,585,Employed,High School,18,13464,108,Married,1,Mortgage,309,0.0480791940303908,1,2,0.609415718443713,0,Debt Consolidation,0,14,3,2759,1259,149361,35709,1570.25,0.9900341139783542,2,113652,0.265964,0.2840758050464109,346.41402668188954,0.41739469936754625,0,58.0
2043-01-07,36,26093,529,Employed,Bachelor,11,33137,60,Divorced,3,Own,451,0.23334272241317883,7,1,0.3927653703033194,0,Debt Consolidation,0,18,9,12050,12665,324093,24610,2174.4166666666665,0.8514820825049161,5,299483,0.273637,0.2545981514315163,981.5678862550127,0.6588285990518589,0,51.0
2043-01-08,35,35667,572,Employed,High School,10,41628,96,Single,2,Rent,275,0.657737841329592,1,0,0.3542560910231061,0,Auto,0,31,13,1353,3950,19201,23374,2972.25,0.8769934807662764,5,9707,0.290628,0.3442761732868419,1278.928136346071,0.5228120569757156,0,57.0
2043-01-09,29,91915,568,Employed,Bachelor,3,44942,60,Divorced,3,Other,446,0.19928334826654195,3,1,0.09972406452767901,0,Home,1,25,24,13052,1577,38502,84390,7659.583333333333,0.7418363785351376,6,5535,0.265942,0.24408702448333883,1303.573327093835,0.22841625333325377,0,54.0
2043-01-10,46,96487,544,Employed,High School,26,27061,36,Married,1,Own,192,0.35793903735987975,3,2,0.32123704815925364,0,Education,0,16,27,5839,347,85888,10539,8040.583333333333,0.8792920032995785,9,75349,0.240061,0.2714424978528798,1106.8664107328605,0.16153882832707334,0,51.0
2043-01-11,41,50116,588,Self-Employed,Associate,17,43136,60,Widowed,0,Mortgage,509,0.20695310396886732,1,0,0.5755608835823287,0,Home,0,22,20,2973,221,18912,18423,4176.333333333333,0.9348288299054452,6,9798,0.25413600000000003,0.2698479303996012,1316.7798500651286,0.4371729228346545,0,61.0
2043-01-12,20,29628,531,Self-Employed,Bachelor,0,20079,48,Single,1,Mortgage,190,0.5737846481960116,3,1,0.3694044909443351,0,Education,0,23,26,1012,917,30143,16902,2469.0,0.8158978267288738,6,13241,0.24957900000000002,0.23494866933974984,649.017730317484,0.339820870926482,0,60.0
2043-01-13,28,81626,583,Employed,High School,8,13042,36,Divorced,1,Rent,563,0.3379725637273309,1,3,0.4965557570572813,0,Auto,0,28,24,24655,3258,72820,104765,6802.166666666667,0.7033557146817853,3,2633,0.206542,0.19781039813132115,483.23363567901663,0.1538088798685247,1,44.0
2043-01-14,25,35964,595,Employed,Bachelor,2,14748,84,Single,4,Mortgage,682,0.18999716226087388,7,2,0.17233479660224704,0,Debt Consolidation,0,31,23,532,433,76110,13544,2997.0,0.7975254865850762,6,62566,0.24224800000000002,0.25211993123564763,375.29731412088734,0.3527852232635593,0,48.0
2043-01-15,68,104020,624,Employed,Master,48,29648,60,Married,0,Rent,580,0.3002962821399068,3,0,0.09944903027132855,0,Education,0,28,18,2040,1179,98466,53027,8668.333333333334,0.9250588206560568,3,45439,0.222648,0.2524679726375075,874.5029784770961,0.16779499847841908,0,46.0
2043-01-16,18,37844,585,Employed,Associate,0,31209,60,Married,0,Mortgage,353,0.19671766002949315,9,0,0.15902838365189964,0,Home,0,32,6,5427,2900,31676,8752,3153.6666666666665,0.8543951394165604,4,22924,0.243709,0.25380225563228925,922.9953694134848,0.4046069240292204,0,52.0
2043-01-17,51,44913,619,Unemployed,Bachelor,26,58429,36,Married,4,Other,738,0.03086680008112647,2,0,0.4046341523623462,0,Debt Consolidation,0,25,14,13631,1319,154686,161325,3742.75,0.7910340188562017,1,2655,0.23392900000000003,0.251906313800952,2329.021884230042,0.8194567855801328,0,56.0
2043-01-18,35,61590,600,Unemployed,Bachelor,11,33482,60,Married,2,Mortgage,262,0.08725328198376582,4,2,0.7784026998220377,0,Home,0,31,22,4363,186,5678,17821,5132.5,0.5499219131175295,5,1921,0.23848199999999997,0.20464560731620499,895.7450944301195,0.2255713773853131,0,57.0
2043-01-19,38,90725,547,Employed,High School,17,12577,36,Married,2,Mortgage,206,0.06717642138381545,7,0,0.3096652329742525,0,Home,0,18,29,4912,1502,37584,42318,7560.416666666667,0.9170661835775344,2,7036,0.224077,0.23511528802233284,490.2116770236561,0.09208641636025211,1,41.6
2043-01-20,21,18591,534,Employed,High School,0,39263,72,Married,0,Rent,285,0.19318059584925654,0,1,0.1912773052356343,0,Auto,0,24,10,13704,1283,59580,23400,1549.25,0.768284134631805,5,36180,0.287263,0.2668373831801154,1098.5585746755337,0.8930505565115596,0,51.0
2043-01-21,45,34147,579,Employed,High School,24,39281,36,Divorced,3,Mortgage,366,0.11853428253705409,2,1,0.2827276979985226,0,Debt Consolidation,0,27,10,2193,1302,73257,6378,2845.5833333333335,0.6853257794049047,3,66879,0.23478100000000002,0.23599391783673665,1532.8553745281758,0.667299162278915,0,50.0
2043-01-22,48,27319,580,Employed,High School,28,33280,108,Married,1,Rent,169,0.31565460560980496,4,0,0.5017349846055833,0,Home,0,19,23,8265,1391,23580,64766,2276.5833333333335,0.8711233657893126,9,8362,0.28828,0.28151731292399607,850.2262423271684,0.44769994904374316,0,60.0
2043-01-23,51,51875,580,Employed,Bachelor,28,28355,12,Married,2,Rent,347,0.35796207771872707,2,0,0.5956221814779147,1,Education,0,30,1,21258,1247,22505,21046,4322.916666666667,0.9362931505076301,8,1459,0.203355,0.2095460060511263,2639.623271007273,0.69088152775108,0,74.0
2043-01-24,18,59399,537,Self-Employed,Bachelor,0,16416,96,Married,1,Rent,274,0.13981372898174982,3,1,0.16603564989514227,0,Auto,0,24,9,756,1466,81613,24101,4949.916666666667,0.7880621608765556,6,57512,0.282916,0.2980099992863912,450.42156259440605,0.14635025423210613,0,51.0
2043-01-25,51,30213,515,Employed,High School,30,15707,60,Divorced,2,Mortgage,660,0.15166257995574667,4,1,0.5931750625830289,0,Home,0,24,6,4221,106,8128,10726,2517.75,0.891740200165875,8,1916,0.263207,0.2471278553243547,458.38019015287983,0.44419826835582554,0,60.0
2043-01-26,38,38265,582,Employed,Bachelor,17,12750,48,Divorced,0,Own,533,0.3513181299828938,4,2,0.21819662529312525,0,Other,0,27,11,13875,410,79409,20077,3188.75,0.8861431973674013,0,59332,0.21675000000000003,0.21102146960611198,395.51344689004355,0.291184146417889,0,51.0
2043-01-27,43,193839,606,Self-Employed,Master,25,22950,36,Single,0,Rent,533,0.1842681752446476,2,0,0.7166847158123013,0,Home,1,25,20,7853,1926,77585,150274,16153.25,0.789408799098007,5,9913,0.20495,0.20439715624678526,858.0548064832698,0.086116094685792,1,48.800000000000004
2043-01-28,55,28486,583,Employed,Bachelor,34,29970,48,Widowed,0,Mortgage,271,0.260334428516858,1,0,0.4168013972987967,0,Debt Consolidation,0,24,28,831,1530,29556,50056,2373.8333333333335,0.9254580396124646,6,3949,0.23347,0.25676779517298076,1005.0653458576769,0.537554733914629,0,58.0
2043-01-29,56,139531,571,Employed,Associate,33,19432,96,Married,1,Other,866,0.32379725164407785,4,0,0.03563629387908334,0,Education,0,19,12,1207,810,15552,60223,11627.583333333334,0.7015301991509645,4,4018,0.268932,0.21688002621744276,427.84899320246416,0.11127411054482207,1,38.400000000000006
2043-01-30,31,21567,577,Employed,High School,6,13493,36,Single,2,Mortgage,223,0.55467146211444,2,2,0.4098604559148424,0,Auto,0,25,23,3800,3956,667962,8346,1797.25,0.878060995904016,7,659616,0.209993,0.20108357793257753,502.1935054183199,0.4035017417823452,1,40.800000000000004
2043-01-31,28,15569,606,Employed,Bachelor,6,26503,12,Single,1,Rent,519,0.34984568860955106,4,1,0.4960053767354331,0,Debt Consolidation,0,27,23,2524,502,1238205,12497,1297.4166666666667,0.9699428232603735,4,1225708,0.188503,0.21074248574544183,2468.7388690536995,2.3028368185910715,0,47.0
2043-02-01,37,67236,545,Employed,Associate,15,29073,48,Married,2,Mortgage,405,0.26130241489135486,3,2,0.2901646360384846,0,Debt Consolidation,0,13,24,17775,2476,301922,10635,5603.0,0.8986967583577686,7,291287,0.251573,0.2693999935003061,995.70054931988,0.24999117424948775,1,36.800000000000004
2043-02-02,59,119965,688,Self-Employed,Doctorate,32,23763,36,Married,4,Mortgage,781,0.3636450859940515,6,3,0.18787497212603374,0,Home,1,21,23,28866,1701,41055,31422,9997.083333333334,0.6080492401028478,7,9633,0.164763,0.1683559259183803,845.2726820444677,0.1626747149963207,1,41.6
2043-02-03,51,129192,593,Employed,Bachelor,31,10368,60,Married,4,Other,81,0.5941718968713309,3,2,0.17237434298335194,0,Education,0,25,21,36598,3793,159622,53994,10766.0,0.7365376665835508,12,105628,0.218868,0.2114619876957763,281.3425773295806,0.03365619332431549,1,36.0
2043-02-04,30,52652,589,Employed,High School,7,18633,48,Single,3,Own,497,0.2678435302105699,3,0,0.42060178723475294,0,Auto,0,22,29,8011,1343,16421,20712,4387.666666666667,0.8502875881300895,4,1358,0.21913300000000002,0.2315404742589235,598.7888000215518,0.24974294614181072,0,56.0
2043-02-05,39,24317,523,Employed,High School,16,24734,36,Married,2,Rent,190,0.2169275310476169,1,1,0.0761980903140061,0,Auto,0,38,5,316,4565,14665,29097,2026.4166666666667,0.7308582290533892,6,6608,0.248234,0.2316281541712302,959.5464435732214,0.5672803932589817,0,54.0
2043-02-06,27,38421,624,Employed,Master,3,18705,72,Married,5,Mortgage,244,0.07107686926958595,2,0,0.33884541492750514,0,Home,0,21,28,982,2272,62367,22234,3201.75,0.9534307404993582,5,40133,0.221705,0.20038290151219407,448.45286671419166,0.21627324641655085,0,51.0
2043-02-07,36,39530,615,Employed,High School,15,12912,24,Single,2,Rent,243,0.11416958613070723,2,1,0.667295899609497,0,Education,0,11,7,2106,781,18972,592614,3294.1666666666665,0.9382449730689609,5,9134,0.180412,0.1969602611967684,655.2508026946672,0.27267922166293973,0,56.0
2043-02-08,49,62153,517,Employed,High School,26,11453,36,Single,0,Own,557,0.12687717927669995,3,1,0.23830026031648227,0,Debt Consolidation,0,22,7,3916,104,26295,67340,5179.416666666667,0.912177297541564,11,2281,0.237953,0.26076202933309034,461.91351699767165,0.1967236047169414,0,52.0
2043-02-09,32,97605,551,Employed,Associate,9,27771,24,Married,0,Mortgage,536,0.36267435799575387,5,0,0.09169723891938207,0,Home,0,25,14,708,622,41459,15286,8133.75,0.9174179112876546,5,26173,0.22727099999999997,0.2380308769811675,1465.555308536827,0.2460802592330508,0,49.0
2043-02-10,28,55270,606,Employed,High School,2,20374,84,Married,2,Mortgage,671,0.24014257528916833,2,1,0.1561192696804338,0,Debt Consolidation,0,20,11,919,227,34608,38199,4605.833333333333,0.8144761761596816,5,6488,0.242374,0.22927345347849815,489.01279970468266,0.2518573113163777,0,47.0
2043-02-11,24,82415,580,Self-Employed,High School,3,20056,36,Divorced,4,Rent,266,0.075794084019851,7,2,0.12501738861257483,0,Home,0,19,19,2082,1858,28869,32605,6867.916666666667,0.881559376001955,4,2451,0.215056,0.2118829879244252,757.5515469163389,0.14903377495596756,0,51.0
2043-02-12,64,87983,630,Employed,Master,43,14452,72,Married,0,Mortgage,449,0.5507401644711087,0,0,0.5580576949887457,0,Home,0,17,28,3218,365,72201,30553,7331.916666666667,0.7394947800484458,5,41648,0.214452,0.23718989838272525,378.01380520519115,0.11279640001434701,0,55.0
2043-02-13,45,84622,637,Unemployed,Master,22,21373,12,Single,1,Mortgage,124,0.3290303897217888,1,1,0.43758838275356443,0,Home,0,27,16,1605,1652,76435,45072,7051.833333333333,0.8529861002196811,3,31363,0.16787300000000002,0.14624703524450977,1925.3079704347583,0.29060641021503986,1,44.0
2043-02-14,44,40312,570,Self-Employed,Master,20,26084,36,Married,2,Mortgage,458,0.5733549143653264,5,2,0.09033252356163082,0,Auto,0,16,13,2331,289,26370,20866,3359.3333333333335,0.8487314776799315,1,5504,0.226084,0.22351004428268012,1000.902485388981,0.4342833355990219,0,55.0
2043-02-15,46,36606,542,Employed,High School,23,23159,60,Single,0,Own,249,0.31554987516703664,5,0,0.5437012918788571,0,Auto,0,21,7,6744,3271,81004,13518,3050.5,0.7565715104122185,4,67486,0.25715899999999997,0.30859079999999994,761.538718846863,0.3312698635787127,0,58.0
2043-02-16,30,36303,538,Employed,High School,5,29095,60,Married,3,Mortgage,281,0.36228373735553665,2,1,0.10491328232336106,0,Home,0,30,27,665,2183,295243,48337,3025.25,0.9679393914366419,4,246906,0.265095,0.26839652248494794,885.6390545951397,0.3856339325990049,0,47.0
2043-02-17,35,197285,586,Employed,Associate,10,15280,72,Divorced,0,Mortgage,195,0.1625431362007799,2,2,0.34888115908576367,0,Home,1,28,12,13763,746,21442,3223,16440.416666666668,0.698926823359081,5,18219,0.23728,0.19828001280719645,364.47736802425476,0.03403060757934489,1,45.6
2043-02-18,40,144167,621,Employed,Doctorate,15,18836,12,Single,1,Own,306,0.39343077078059424,1,1,0.2007089205096612,0,Auto,1,15,27,3257,7468,19764,24283,12013.916666666666,0.8534478802308968,4,3720,0.17333600000000002,0.1809969133636036,1727.778135797048,0.1692851875225577,1,42.400000000000006
2043-02-19,49,37115,612,Self-Employed,Bachelor,25,32804,24,Single,2,Mortgage,259,0.37855981387664894,4,1,0.10371696297708992,0,Debt Consolidation,0,20,12,757,1071,64938,22249,3092.9166666666665,0.9294252418258016,6,42689,0.20180399999999998,0.24216479999999996,1737.9298707595804,0.6456461928900704,0,51.0
2043-02-20,51,54852,589,Employed,Bachelor,24,46863,48,Married,1,Mortgage,794,0.16707814069217816,2,1,0.4154981054661443,0,Debt Consolidation,0,20,25,5756,2157,44203,8432,4571.0,0.8949255985128229,7,35771,0.24736300000000003,0.28484357723869574,1646.2903352518774,0.5338635605451493,0,55.0
2043-02-21,46,17935,562,Self-Employed,Bachelor,24,29069,48,Single,0,Own,291,0.2283068912814648,2,0,0.10561051959929027,0,Auto,0,21,12,11056,1306,26422,32702,1494.5833333333333,0.7596394397778559,8,3882,0.243069,0.24624965528681753,957.7741155918926,0.8355332805744472,0,55.0
2043-02-22,30,45080,580,Employed,High School,9,16992,60,Single,1,Own,722,0.24812085778633783,0,1,0.4240215279291559,0,Home,0,26,10,1686,4548,26757,29723,3756.6666666666665,0.87249005422877,6,2086,0.23199200000000003,0.24575783561174194,494.52059293869013,0.32382979403869305,0,57.0
2043-02-23,39,92268,619,Unemployed,Master,17,25396,36,Single,2,Own,220,0.33173845892059173,1,3,0.2206563591911831,1,Home,0,29,19,1367,313,66473,28313,4104.916666666667,0.7136311417509297,5,38160,0.20089600000000002,0.22342472736621466,974.3899766504242,0.29096570616141393,0,63.0
2043-02-24,53,84820,570,Unemployed,Master,29,17296,24,Single,0,Other,353,0.11736904567926539,2,0,0.10031467607852441,0,Auto,0,42,19,1586,2749,142818,51557,7068.333333333333,0.879674037891157,7,91261,0.207296,0.19441478626835698,875.581814262055,0.1738149230269354,1,39.2
2043-02-25,45,60913,601,Employed,Bachelor,24,33086,108,Widowed,1,Mortgage,128,0.058160082898326075,2,1,0.11585058946083389,0,Auto,0,22,4,847,5129,37438,47373,5076.083333333333,0.895910234825895,9,10468,0.277586,0.298721456178831,885.8642506401998,0.19973357095664962,0,49.0
2043-02-26,48,106453,503,Self-Employed,Master,21,24567,108,Married,2,Mortgage,742,0.29281141700448443,4,0,0.11405189753057422,0,Auto,0,21,7,11467,403,92338,3061,8871.083333333334,0.7195213276580621,8,89277,0.318067,0.3002494415863654,660.4708578648313,0.1580946548653206,1,40.800000000000004
2043-02-27,22,39954,616,Employed,Bachelor,0,24729,36,Single,1,Own,276,0.4617340404799113,3,0,0.3289189803384268,0,Home,1,35,21,1161,2042,109589,7839,3329.5,0.7445419702256661,4,101750,0.20172900000000002,0.20936775327890392,930.8641813553253,0.36247610192381,0,55.0
2043-02-28,47,48271,581,Employed,High School,26,45058,36,Married,3,Mortgage,240,0.27806072360376405,1,1,0.1051164786340875,0,Auto,0,31,4,2318,188,212681,35547,4022.5833333333335,0.7672673646084855,6,177134,0.23955800000000002,0.20616225370094274,1688.6977076032138,0.47946743368147676,0,50.0
2043-03-01,33,30104,581,Employed,Associate,10,11044,48,Married,1,Mortgage,494,0.30683325581376386,4,0,0.2859923182852893,0,Home,0,27,2,2503,510,40611,3215,2508.6666666666665,0.8877559114998526,7,37396,0.215544,0.23922428820359312,359.58122368613715,0.3402529459285692,0,57.0
2043-03-02,39,24586,563,Employed,Bachelor,10,26008,24,Married,2,Own,400,0.43645663686241526,3,0,0.2837044119468204,0,Debt Consolidation,0,20,7,856,644,108278,34674,2048.8333333333335,0.9037562009540354,2,73604,0.21950799999999998,0.20442213619027708,1329.3232956802676,0.8440526945482474,0,54.0
2043-03-03,59,86917,648,Employed,Bachelor,35,34979,96,Widowed,1,Own,627,0.12021765190635586,7,2,0.024506823195476514,0,Debt Consolidation,0,26,26,1685,2150,118638,25100,7243.083333333333,0.8673275215335522,4,93538,0.245979,0.29205953941097135,945.3022930380602,0.21707637765289556,0,43.0
2043-03-04,43,161278,564,Employed,Doctorate,20,12734,12,Single,1,Own,318,0.23722616276565114,3,2,0.14268161378947092,0,Debt Consolidation,0,30,15,2992,321,88178,34901,13439.833333333334,0.8588410766344838,3,53277,0.195734,0.20383579557816545,1181.946766892101,0.1116045660456182,1,36.800000000000004
2043-03-05,37,36513,613,Employed,Associate,13,43174,48,Widowed,4,Mortgage,975,0.17611682735880987,2,0,0.38706081256496444,0,Education,0,32,21,10986,432,83530,275307,3042.75,0.6699626180254555,6,2790,0.231674,0.2639507880266465,1465.3237688973197,0.8020125770757767,0,51.0
2043-03-06,39,53368,555,Employed,High School,12,34411,48,Married,1,Mortgage,280,0.24082317536156916,0,1,0.05130216807478336,0,Education,0,19,15,16298,2290,168170,17711,4447.333333333333,0.836281803186138,7,150459,0.251911,0.23647356127431243,1115.1637571277984,0.3137079351958773,0,46.0
2043-03-07,26,15000,477,Employed,Associate,5,22038,36,Divorced,0,Rent,500,0.25332196421397596,5,0,0.267398870531744,0,Auto,0,29,8,17935,8247,55588,27901,1250.0,0.8686111219738745,5,27687,0.268538,0.28390611721731435,916.2277245757322,1.132982179660586,0,55.0
2043-03-08,31,92250,564,Employed,Associate,9,18141,60,Single,0,Own,422,0.5215249881993813,1,1,0.21245360391729762,0,Home,0,18,21,3745,1892,33749,4286,7687.5,0.7845066088907489,5,29463,0.241141,0.28462309645038225,569.9052725365176,0.12902832813483156,0,52.0
2043-03-09,30,125558,645,Self-Employed,Doctorate,8,45811,36,Divorced,1,Mortgage,330,0.2496208090291976,2,0,0.3158966106096662,0,Home,0,20,22,300,853,87415,81551,10463.166666666666,0.872788449666513,10,5864,0.208311,0.20002439582228038,1702.557862383731,0.19425838535660628,1,41.6
2043-03-10,41,33413,534,Employed,Associate,18,34551,36,Single,5,Own,528,0.032570848871905166,5,0,0.12480960962951355,0,Home,0,20,9,1597,704,18918,21625,2784.4166666666665,0.63013932455228,3,3165,0.25255099999999997,0.3030612,1472.5435231889514,0.7184785047217376,0,51.0
2043-03-11,40,39948,463,Employed,Doctorate,18,15010,36,Married,1,Mortgage,309,0.06413786315972639,7,1,0.2425805903757735,0,Auto,0,32,24,1509,246,43823,257820,3329.0,0.743025918486918,5,8201,0.26851,0.2637474999327316,607.7626427149479,0.27538679564882784,1,41.6
2043-03-12,34,68822,546,Employed,High School,11,18172,48,Widowed,0,Rent,315,0.2582337899839157,3,0,0.3140828141652635,0,Debt Consolidation,0,27,22,4125,493,56327,38173,2869.9166666666665,0.806547835259473,3,18154,0.240172,0.2882064,641.895273185307,0.3334226684347305,0,54.0
2043-03-13,42,80244,555,Employed,High School,17,20136,120,Widowed,1,Rent,403,0.2491389518295494,3,2,0.12234148868090094,0,Auto,0,24,12,2003,1305,20048,6667,6687.0,0.555708721279517,5,13381,0.297636,0.2772235105423665,497.26737804188156,0.13462948677162875,0,49.0
2043-03-14,61,49401,559,Employed,High School,39,11811,48,Divorced,1,Mortgage,320,0.2633975812187123,2,0,0.07681092296742992,0,Education,0,27,21,2367,562,17820,24327,4116.75,0.7759046492770535,2,2184,0.22731099999999999,0.21592391712185952,369.5095689283801,0.16748881251676204,1,40.800000000000004
2043-03-15,34,39130,484,Employed,Bachelor,13,24411,48,Single,1,Other,450,0.30901121347557714,2,1,0.39121512766041394,0,Auto,0,25,5,735,5275,27107,12485,3260.8333333333335,0.4308600919151652,5,14622,0.27741099999999996,0.258459769764963,820.9592590188432,0.38976517015655804,0,57.0
2043-03-16,22,50114,503,Employed,Associate,0,24867,48,Married,4,Own,940,0.1382158883326725,3,1,0.2445378621783395,0,Auto,0,21,7,2051,592,7147,77096,4176.166666666667,0.9292932223321155,5,3897,0.26836699999999997,0.23607810329012435,805.327709558507,0.4179257795167435,0,52.0
2043-03-17,48,61253,569,Employed,Associate,24,46374,36,Divorced,3,Rent,636,0.1541579001830381,4,3,0.10636798862065237,0,Debt Consolidation,0,26,19,1732,263,19039,31821,5104.416666666667,0.6236853913916306,5,10721,0.246874,0.2616998816883794,1872.6390591410657,0.49146439700411054,0,49.0
2043-03-18,48,42010,539,Unemployed,High School,26,18554,60,Single,2,Own,679,0.15539716360696515,2,1,0.3905947667379958,0,Home,0,28,9,3146,579,48691,33390,3500.8333333333335,0.8716885973845094,0,15301,0.254054,0.2032432,494.92169887420437,0.3353263600688039,0,58.0
2043-03-19,43,137551,593,Employed,Bachelor,19,10784,36,Widowed,2,Other,1022,0.15762769891455652,4,1,0.8170281662645688,0,Debt Consolidation,0,15,18,2772,607,88582,8917,11462.583333333334,0.6088642468241254,5,79665,0.199284,0.1888771335728241,394.6865609037498,0.12359225836849602,1,42.400000000000006
2043-03-20,25,42111,590,Unemployed,Master,4,69722,60,Married,2,Mortgage,569,0.4163550920934178,1,1,0.19296548383406958,0,Home,0,29,5,5211,1202,157172,32271,3509.25,0.8521422527889655,7,124901,0.279722,0.2637941371353218,2103.1988707801543,0.761472927485974,0,53.0
2043-03-21,43,33583,542,Employed,Associate,18,26287,72,Single,4,Own,380,0.12158469721697585,5,1,0.4808903115145176,0,Debt Consolidation,0,16,1,3746,3476,36647,19523,2798.5833333333335,0.832682568806903,6,17124,0.270287,0.2586724515167101,722.1504587588721,0.3938244202455547,0,60.0
2043-03-22,18,62279,613,Employed,Associate,0,14603,12,Married,0,Own,1114,0.2692255309799279,3,1,0.24422079250101775,0,Education,0,19,26,224,789,523285,22981,5189.916666666667,0.5861288759909659,5,500304,0.173103,0.1722042718358794,1333.3910579371266,0.47156654241791807,1,32.800000000000004
2043-03-23,18,41760,487,Self-Employed,Bachelor,0,17793,36,Single,2,Own,437,0.2658020117976018,2,1,0.2443417981753648,0,Home,0,23,13,1817,1218,113402,25102,3480.0,0.6985535506591042,3,88300,0.259293,0.2563817325392618,713.465938083815,0.33059366036891236,0,54.0
2043-03-24,44,23399,592,Self-Employed,Bachelor,21,51441,60,Married,0,Mortgage,645,0.21852988038305238,4,0,0.11147684807630912,0,Auto,0,18,3,887,422,79571,7889,1949.9166666666667,0.8640865901456473,4,71682,0.260441,0.23668875962415367,1469.982675105692,1.0846528527402153,0,56.0
2043-03-25,44,64893,546,Employed,High School,22,21170,24,Single,3,Rent,225,0.20451341762010006,0,3,0.18042687585717251,1,Other,0,25,7,1135,1469,70056,9246,5407.75,0.7655596386027844,6,60810,0.22316999999999998,0.21672438601499364,1094.8390983648112,0.24406437027688246,0,61.0
2043-03-26,40,23286,631,Self-Employed,Associate,17,26921,84,Widowed,0,Own,279,0.19323877251576085,5,1,0.3630528188633928,0,Home,0,23,12,1535,419,58098,24562,1940.5,0.9035853729614748,3,33536,0.23642100000000002,0.210477605744754,614.9123650976488,0.46066084261667034,0,55.0
2043-03-27,58,45013,548,Employed,High School,38,32767,36,Married,0,Mortgage,378,0.20820889714697127,4,1,0.11457312219553609,0,Other,0,29,27,4518,991,36135,17929,3751.0833333333335,0.8773646873232284,6,18206,0.24376699999999998,0.23066888943288896,1269.5440761596553,0.4392182017176341,0,51.0
2043-03-28,33,36774,590,Employed,High School,9,18480,48,Married,0,Mortgage,248,0.13697228501603773,1,0,0.46161054151836595,0,Debt Consolidation,0,29,1,1383,845,25944,28589,3064.5,0.9160729545366219,5,5797,0.21848,0.22582776303385974,588.094838147294,0.2728323831448178,0,60.0
2043-03-29,72,32078,625,Employed,Bachelor,48,15728,72,Single,1,Rent,536,0.6394005503782719,2,4,0.30658406138593747,0,Auto,0,32,10,2096,1641,80518,44450,2673.1666666666665,0.857747126573396,2,36068,0.218228,0.19092271702595912,368.5004693267826,0.3383629163888457,0,54.0
2043-03-30,42,113249,551,Self-Employed,Associate,17,47257,60,Single,1,Rent,447,0.17098769767932329,2,1,0.16958740037023098,0,Other,0,25,2,339,1862,12399,13843,9437.416666666666,0.7376148317515576,4,5240,0.276757,0.2550197282396247,1400.997079468392,0.19581598913562773,0,55.0
2043-03-31,31,45591,588,Employed,High School,8,19282,36,Married,0,Mortgage,487,0.2085477947480062,1,2,0.3885401237385433,0,Debt Consolidation,0,18,2,2384,377,106759,34944,3799.25,0.7241970961153108,8,71815,0.210282,0.1695337388366805,687.0085352241538,0.309010603467567,0,57.0
2043-04-01,46,95777,535,Employed,Associate,21,18403,36,Married,1,Mortgage,634,0.36609432279381615,1,1,0.5040423279405676,0,Home,1,26,7,3543,249,46456,17601,7981.416666666667,0.7151504843258214,6,28855,0.235903,0.2493423481229802,731.060127910585,0.17102980397096398,0,64.0
2043-04-02,46,78936,595,Employed,High School,24,12201,72,Single,4,Rent,712,0.3905586555604096,2,2,0.21516907192335352,0,Education,0,31,21,1823,3177,68253,9673,6578.0,0.7044734289040536,8,58580,0.229701,0.25119922994697985,329.55890627787295,0.15833975467891045,0,50.0
2043-04-03,45,34146,579,Employed,Bachelor,21,21679,60,Single,4,Own,470,0.1604867874918494,3,2,0.061294106436731895,0,Debt Consolidation,0,21,26,3894,1108,47036,13272,2845.5,0.9590586741831916,4,33764,0.23717900000000003,0.21192191334103344,588.835990012212,0.3721089404365532,0,50.0
2043-04-04,36,85306,559,Employed,Associate,15,19439,60,Married,2,Mortgage,272,0.15483317716173814,6,3,0.3214046110445393,0,Auto,0,25,5,2793,5104,107231,28173,7108.833333333333,0.7512396092117511,2,79058,0.24493900000000002,0.28045672049019194,605.784937736359,0.12347805843476788,0,52.0
2043-04-05,34,44596,576,Employed,Bachelor,11,17721,48,Single,5,Rent,350,0.11558319167144475,2,3,0.3612342940189174,0,Auto,0,34,14,7017,898,62991,61566,3716.3333333333335,0.770467638874262,7,1425,0.22472100000000003,0.2396183162845777,577.3632636318096,0.24953715946680677,0,54.0
2043-04-06,32,20627,528,Employed,High School,8,22502,60,Single,0,Mortgage,449,0.011709698377913257,3,6,0.480329151098754,0,Auto,0,24,1,1969,494,50526,47072,1718.9166666666667,0.8312506624332255,5,3454,0.263502,0.3162024,750.5684198426565,0.6978630454313219,0,61.0
2043-04-07,53,35907,522,Employed,High School,24,16565,12,Married,5,Other,280,0.5618097658542464,1,0,0.195982810972609,0,Auto,0,31,24,8781,1051,29780,9494,2992.25,0.8522606920521002,6,20286,0.220565,0.19916993937131472,1533.8325964262456,0.6061768222662697,0,52.0
2043-04-08,27,63700,506,Employed,Bachelor,4,20845,60,Single,2,Mortgage,218,0.2436948949646807,3,0,0.3389817093415664,1,Home,0,21,22,23622,852,42588,108992,5308.333333333333,0.6130465494691654,3,6015,0.272845,0.27068947242092595,637.3681818294564,0.1611368631389871,0,66.0
2043-04-09,34,50256,523,Employed,Master,11,13952,48,Married,0,Own,236,0.2514173007044932,4,1,0.2770759568933298,0,Debt Consolidation,0,23,22,8937,456,72529,17466,4188.0,0.7865525641129506,8,55063,0.247452,0.2770568113794303,483.9103669005047,0.1718983684098626,0,50.0
2043-04-10,32,17752,497,Unemployed,Associate,9,22279,48,Divorced,3,Mortgage,289,0.06865847798995009,3,2,0.4203076451848305,0,Home,0,22,5,1027,1428,11093,20332,1479.3333333333333,0.9048325391647353,5,9543,0.268779,0.2442005473204149,731.5196242061586,0.6898510303331401,0,62.0
2043-04-11,37,216317,482,Employed,Associate,14,24223,48,Single,0,Rent,389,0.6295005253016006,1,1,0.13400613915019205,0,Other,0,19,14,10303,563,10866,10534,18026.416666666668,0.7549260246671401,6,5197,0.278223,0.2885524081636957,856.119556997423,0.06907193925567141,1,40.0
2043-04-12,60,28717,591,Employed,Master,37,21983,84,Married,3,Rent,401,0.5405389670054769,4,0,0.7091511538047264,0,Home,0,16,19,928,406,64257,39624,2393.0833333333335,0.889376196337747,5,24633,0.251483,0.2599735596708091,570.5201923236297,0.40597006330339364,0,61.0
2043-04-13,51,176015,581,Employed,Bachelor,27,12725,12,Divorced,2,Rent,692,0.12830581613067707,4,0,0.45057761690944426,0,Home,0,27,28,2491,2730,18102,16265,14667.916666666666,0.8248226429651573,3,1837,0.18722500000000003,0.1727255916594193,1162.2270576581977,0.12641379820980242,1,42.400000000000006
2043-04-14,27,32260,623,Unemployed,Bachelor,4,26216,48,Divorced,1,Mortgage,526,0.25963590300306244,6,3,0.6552094066786085,0,Auto,0,29,24,839,2879,48721,24008,2688.3333333333335,0.645132491159235,3,24713,0.209716,0.25053258533059386,870.0261899009781,0.5192905852080514,0,59.0
2043-04-15,51,15931,502,Employed,High School,25,12475,96,Married,1,Mortgage,596,0.5663415385855208,3,0,0.12564909552478942,0,Home,0,34,28,2526,1511,78008,5517,1327.5833333333333,0.8067543889294532,5,72491,0.296475,0.32427492105941597,365.36156929839376,0.7241440481815784,0,51.0
2043-04-16,30,98282,621,Employed,Bachelor,10,31393,48,Married,4,Mortgage,229,0.06316872205425304,6,1,0.05120701442613463,0,Other,0,21,3,3080,1355,34360,76507,4453.5,0.7869673448231258,5,10461,0.21589300000000003,0.24919837247024604,1039.4986316657726,0.28483184723605537,0,48.0
2043-04-17,37,15000,490,Employed,Associate,13,27678,84,Married,1,Rent,276,0.07756573990227304,2,0,0.2729696394243105,0,Debt Consolidation,0,30,20,1108,757,66414,2519,1250.0,0.9797982200679254,9,63895,0.307678,0.3188173031384516,826.7181806331583,0.8821745445065265,0,51.0
2043-04-18,26,25722,573,Employed,High School,2,42091,36,Married,2,Own,839,0.04702795793663369,1,4,0.1670919692851465,0,Home,0,33,29,2657,618,42416,11790,2143.5,0.8939725592428216,3,30626,0.24059100000000003,0.19610618890009052,1555.9140471683854,1.1172913679348662,0,51.0
2043-04-19,25,66093,547,Employed,High School,2,27533,24,Married,1,Rent,825,0.16569388777257343,1,0,0.24950562251417913,0,Home,0,21,22,3345,413,124791,4263,5507.75,0.8270090176003735,2,120528,0.229033,0.24841006822695194,1467.2826014247792,0.41619220215601277,0,47.0
2043-04-20,32,198265,546,Employed,Associate,14,18691,24,Divorced,0,Other,559,0.41760589825955463,0,1,0.46316670841630997,0,Education,0,27,15,5630,13119,52364,12115,16522.083333333332,0.9385245994843552,6,40249,0.220691,0.22336438707184045,972.7627697133605,0.0927100256553619,1,44.0
2043-04-21,25,79979,488,Employed,Associate,2,9733,36,Divorced,3,Rent,451,0.6140435986463767,4,3,0.24656370451703097,0,Auto,0,23,12,5746,1928,129584,7686,6664.916666666667,0.9229585063363862,8,121898,0.250733,0.2578758142042614,391.04810692795394,0.12634038038904521,1,40.0
2043-04-22,53,88116,521,Employed,Master,31,13110,96,Single,0,Mortgage,361,0.09893090972960518,3,1,0.2787657881387674,0,Auto,0,27,15,3076,792,26952,66417,7343.0,0.7927598982022892,2,10178,0.28761000000000003,0.30656002077491207,367.54472029131335,0.09921622229215761,0,50.0
2043-04-23,27,106398,523,Employed,High School,7,6799,48,Married,3,Mortgage,313,0.5506608303889166,2,2,0.3372005858600004,0,Debt Consolidation,0,25,28,8854,945,53514,30684,8866.5,0.6153572783096894,8,22830,0.240299,0.22147935492659682,214.7562468897894,0.059522500072158056,1,43.2
2043-04-24,35,41564,578,Employed,Bachelor,11,32560,60,Married,5,Own,438,0.2963955690533288,3,1,0.13207309237375084,0,Auto,0,26,25,5372,671,146355,13584,3463.6666666666665,0.5748414500558773,3,132771,0.24856,0.23230505198282442,922.198926027523,0.39270491560798476,0,47.0
2043-04-25,25,221638,550,Employed,Master,2,21683,48,Single,3,Mortgage,344,0.5342796725244148,0,1,0.06680186145661911,0,Home,0,19,7,1936,2539,207025,64769,18469.833333333332,0.769002480264096,6,142256,0.241683,0.21538264853557837,677.7225247463042,0.05531844853750553,1,36.800000000000004
2043-04-26,18,19632,543,Employed,Master,0,16562,72,Married,2,Rent,234,0.09024021476776091,1,1,0.2276316381517783,0,Education,0,20,7,5512,2545,22557,102272,1636.0,0.9770654557425853,7,7490,0.260062,0.29160378066230036,489.3239340431428,0.44212954403615085,0,54.0
2043-04-27,44,125416,540,Employed,Bachelor,19,27503,60,Divorced,2,Rent,431,0.10896329790991498,3,1,0.18537596925980357,0,Home,0,17,8,8813,620,80665,9564,10451.333333333334,0.97517417672859,2,71101,0.262503,0.24792466676843708,803.9066055960016,0.1181578049623016,1,36.800000000000004
2043-04-28,38,40301,429,Employed,Bachelor,14,48939,24,Married,3,Mortgage,334,0.10245747579751284,2,2,0.10007103922036036,0,Home,0,23,7,12665,1981,70758,18261,3358.4166666666665,0.8942326145520919,2,52497,0.309439,0.3121971879530499,2767.13753287424,0.923392729572241,0,49.0
2043-04-29,23,37647,470,Employed,Associate,0,15808,60,Married,0,Mortgage,422,0.6717303933094964,2,3,0.043566729795859176,0,Education,0,37,25,1646,5187,63010,10158,3137.25,0.7189224497392797,8,52852,0.285808,0.25718084844615857,470.6642081452367,0.28453716093560816,0,51.0
2043-04-30,33,107567,514,Employed,Bachelor,13,28308,96,Single,1,Mortgage,214,0.42007858901425454,4,1,0.21584154945790782,0,Home,0,19,2,3985,685,46628,27297,8963.916666666666,0.7950254469742999,9,19331,0.306308,0.2747876996170719,731.4463698547864,0.10547246309981163,0,56.0
2043-05-01,48,83460,647,Employed,Master,26,36211,48,Married,0,Rent,336,0.13609820266487196,3,0,0.706940563299496,0,Home,0,21,18,5012,2990,52879,9173,6955.0,0.9036697401768498,4,43706,0.207711,0.17434743310256295,1053.0323143821968,0.19971708330441362,1,42.400000000000006
2043-05-02,33,15002,613,Employed,Associate,12,31034,60,Divorced,0,Mortgage,516,0.3647392924397122,3,2,0.6427991685043123,0,Other,0,20,28,30731,994,31725,36236,1250.1666666666667,0.8354573918817666,10,9145,0.22953400000000002,0.19040179770412913,805.7253339572477,1.0572393019255413,0,57.0
2043-05-03,50,67979,616,Employed,Master,25,14066,60,Married,0,Other,401,0.22874099596146996,2,1,0.3906973652901867,0,Home,0,28,14,15057,683,26623,20112,5664.916666666667,0.8313983720493503,9,6511,0.21106600000000003,0.232442997177318,398.50395483708195,0.14113251824894427,1,40.800000000000004
2043-05-04,21,86289,619,Employed,High School,0,19605,72,Married,3,Own,729,0.20334186397209458,6,0,0.0737551829162767,0,Education,0,19,9,2586,4275,65308,38708,7190.75,0.7206685547814153,7,26600,0.22510500000000003,0.18900190452286705,457.1810383777689,0.1649592933112358,0,47.0
2043-05-05,29,52641,524,Employed,Bachelor,4,37421,48,Divorced,0,Mortgage,369,0.21348852141912342,1,4,0.4581757474400161,0,Auto,0,32,20,2375,1064,176617,54997,4386.75,0.8613836096338537,8,121620,0.270421,0.23528181133410583,1210.2530202238254,0.36000524767169895,0,52.0
2043-05-06,43,103720,598,Employed,Associate,20,21217,48,Married,4,Own,1069,0.20705703992565833,3,1,0.18924886702002153,0,Debt Consolidation,0,26,5,1831,2705,17250,6112,8643.333333333334,0.7914490749071701,4,11138,0.21721700000000002,0.1921901862552566,636.8455354722158,0.19735968401144033,1,40.800000000000004
2043-05-07,37,44795,574,Employed,Bachelor,14,24627,60,Single,2,Other,203,0.423828122415679,6,1,0.19489150315453646,0,Debt Consolidation,0,26,17,1737,461,56988,23808,3732.9166666666665,0.8946964313606982,7,33180,0.24262700000000004,0.24398960655898302,714.1830921267517,0.2457014645724081,0,52.0
2043-05-08,23,54980,566,Employed,Bachelor,1,20582,60,Divorced,2,Own,367,0.2171157846452177,2,2,0.5036568733058062,0,Debt Consolidation,0,25,8,779,332,18422,57602,4581.666666666667,0.9317008624356969,4,7856,0.24258199999999996,0.25767271488306553,613.4021637877714,0.21398373891330041,0,59.0
2043-05-09,37,34494,520,Employed,Bachelor,11,39210,48,Divorced,3,Rent,434,0.2765012703861464,2,1,0.1407521031565779,0,Home,0,23,18,803,2356,16387,45619,2874.5,0.939050868821153,9,4795,0.27421,0.2801710608171491,1366.9364851528535,0.6265216507750404,0,51.0
2043-05-10,42,34562,614,Employed,Bachelor,15,15888,36,Married,3,Mortgage,1156,0.29500080117813976,8,3,0.33676423274412287,0,Home,0,29,24,1981,480,25870,33318,2880.1666666666665,0.9469247561933158,4,4644,0.19388799999999998,0.21227715799014313,600.4406691711995,0.6098399406878767,0,52.0
2043-05-11,33,41364,496,Employed,High School,12,16548,48,Single,2,Own,358,0.10984494734406695,5,3,0.06123483930998288,0,Home,0,24,13,1333,2609,45265,1469,3447.0,0.9557977485989555,5,43796,0.263548,0.28186931103517926,578.5047078643782,0.2716868894297587,0,50.0
2043-05-12,32,24531,628,Employed,Bachelor,11,14623,96,Married,0,Own,229,0.3060886808935503,1,1,0.21019898394072817,0,Debt Consolidation,0,25,18,3840,2933,213015,66805,2044.25,0.7358349102888221,2,146210,0.23562300000000003,0.20787667298669515,313.61958873654015,0.26543700072718124,0,47.0
2043-05-13,22,41970,535,Employed,Bachelor,0,20440,48,Married,0,Own,392,0.10550804027831913,3,0,0.18382223817895157,0,Debt Consolidation,0,19,6,3413,898,33429,49039,3497.5,0.9324843104157493,2,9365,0.24794000000000002,0.2656525828247688,695.6978334859791,0.31099294738698474,0,52.0
2043-05-14,33,24677,553,Employed,High School,8,29746,48,Married,3,Own,587,0.20772734711330149,1,1,0.19369071284022799,1,Education,1,24,18,9248,1211,69399,55417,2056.4166666666665,0.6492459167759304,1,13982,0.248246,0.22136331241047738,939.3827828382417,0.742253652958581,0,70.0
2043-05-15,25,72444,546,Employed,High School,3,27658,24,Married,3,Mortgage,321,0.02864772125608234,3,0,0.14420929454468367,0,Debt Consolidation,0,18,14,1521,1109,20561,59077,6037.0,0.974551526386624,8,5046,0.22965799999999997,0.24232807573044077,1465.5245354400522,0.295929192552601,0,49.0
2043-05-16,35,115472,591,Employed,Associate,11,20982,48,Divorced,1,Rent,758,0.25279700297904845,4,0,0.29328600376508895,0,Auto,0,25,17,206,526,44628,523739,9622.666666666666,0.9499189252121386,5,10794,0.220482,0.24989668769297657,695.581967869058,0.15105812330633137,1,40.800000000000004
2043-05-17,48,73396,569,Employed,High School,27,7009,60,Single,1,Rent,626,0.3402864636233507,4,2,0.19737580439397828,0,Debt Consolidation,0,26,23,23929,364,24293,9837,6116.333333333333,0.9403677430646596,3,14456,0.22750900000000002,0.18200720000000004,178.74873955700681,0.13157372165627668,1,40.0
2043-05-18,51,72539,625,Employed,Master,31,33061,60,Married,4,Mortgage,274,0.3978985516525348,1,2,0.19441404968367748,0,Auto,0,18,2,5760,15576,369304,7079,6044.916666666667,0.893805983256652,3,362225,0.225561,0.2593402332979171,988.570930199904,0.2088649024993293,0,45.0
2043-05-19,26,63248,480,Employed,High School,6,14972,60,Single,3,Mortgage,405,0.25901578023099375,0,1,0.46784756447781806,0,Education,0,21,16,5269,263,53762,17738,5270.666666666667,0.8126915210949365,5,36024,0.279972,0.3036624659890122,487.7685861321479,0.169384376321556,0,56.0
2043-05-20,40,84272,611,Self-Employed,Bachelor,21,39253,48,Married,0,Own,347,0.3966958929932974,6,1,0.11422490105501223,0,Home,0,34,12,2109,1294,60343,15796,7022.666666666667,0.8431199051132615,3,44547,0.228753,0.1990227157884883,1192.44009564894,0.2192101901911344,1,39.2
2043-05-21,39,32023,575,Employed,High School,17,25030,96,Married,1,Mortgage,237,0.13900923733926487,7,1,0.3323191773342205,0,Auto,0,27,8,853,1869,397580,55638,2668.5833333333335,0.9216789007110513,10,341942,0.27253,0.2578084326453824,618.0608958524069,0.32041753584076704,0,49.0
2043-05-22,54,91326,602,Employed,Bachelor,28,35401,84,Widowed,2,Mortgage,380,0.030584624805126696,4,0,0.44165598293444147,0,Education,0,23,14,5489,1799,7288,12835,7610.5,0.685330854578099,7,3014,0.259401,0.24663221822592357,888.4486222367118,0.16667086554585267,0,51.0
2043-05-23,18,29337,582,Employed,Bachelor,0,23294,96,Single,0,Own,920,0.348866979441815,5,0,0.05897835747959894,0,Debt Consolidation,0,24,14,9005,2275,99339,98033,2444.75,0.6598614761103887,2,1306,0.26729400000000003,0.24234664471614878,551.304296846463,0.6018219845982055,0,52.0
2043-05-24,53,75290,601,Employed,Associate,30,19814,96,Single,1,Rent,312,0.5441437318917144,2,0,0.20510589169736118,0,Auto,0,30,19,17020,1443,178385,48516,6274.166666666667,0.49555539567917717,5,129869,0.254314,0.25884660879287125,490.6400766668391,0.12792775826805777,1,36.800000000000004
2043-05-25,33,114299,547,Employed,High School,15,13398,48,Married,3,Other,1135,0.1552497302504792,4,0,0.06623135529753092,0,Home,0,18,29,2663,600,205608,27862,9524.916666666666,0.7843995849456097,2,177746,0.234898,0.21518741457964538,418.6256820692845,0.1631117348780953,1,35.2
2043-05-26,25,16754,606,Unemployed,Bachelor,6,12696,60,Married,3,Mortgage,269,0.339312654411822,5,0,0.136593742979817,0,Home,0,24,26,703,337,76961,17680,1396.1666666666667,0.8923788966578085,10,59281,0.214696,0.21774805115446505,349.0260664156267,0.4426592334360463,0,50.0
2043-05-27,44,134365,563,Self-Employed,Master,22,43245,48,Married,2,Other,475,0.17243507049448278,1,1,0.10155431979253025,0,Debt Consolidation,1,19,2,7127,476,15317,65042,11197.083333333334,0.8522026139598978,6,4108,0.256745,0.24510417063634182,1422.0968296187482,0.16942776731607917,0,60.0
2043-05-28,44,85907,591,Employed,Master,20,38365,48,Married,0,Mortgage,470,0.2549316721514695,0,0,0.208309201295885,0,Home,0,28,27,3341,1801,22597,26512,3817.25,0.8162393116266644,2,10021,0.23786500000000002,0.24060990500680499,1252.0633521804612,0.4511266886319893,0,51.0
2043-05-29,26,124082,619,Employed,Master,2,33416,12,Married,2,Own,756,0.45756495089283294,2,1,0.15498381080110443,0,Home,0,27,16,1063,45,32663,18570,10340.166666666666,0.8590125115103654,6,14093,0.18891600000000003,0.16939712494962056,3046.742028321784,0.3677640942268936,1,36.800000000000004
2043-05-30,44,81787,534,Self-Employed,Bachelor,19,12788,24,Married,2,Other,290,0.1463002869868353,0,2,0.2687841458182603,0,Auto,0,23,5,907,8053,83180,4463,6815.583333333333,0.6299941726511651,4,78717,0.22078799999999998,0.24228418677546654,677.574374357163,0.141965012682773,1,42.400000000000006
2043-05-31,41,35907,486,Employed,High School,18,18464,84,Married,1,Other,233,0.20320354319241243,3,3,0.2603272434844329,0,Home,0,20,18,3972,1493,273836,35809,2992.25,0.9462400221095837,10,238027,0.300464,0.2942608713065382,520.8338253278038,0.25192875773341256,0,49.0
2043-06-01,34,48580,560,Employed,Associate,8,14825,36,Single,4,Mortgage,653,0.14444246008025777,5,0,0.10796016815380839,0,Home,0,26,22,396,991,42953,64725,4048.3333333333335,0.9065673131027473,4,4112,0.219825,0.25113540573994186,590.3300281505977,0.3071214561096577,0,50.0
2043-06-02,40,33703,562,Self-Employed,High School,16,24035,48,Married,0,Rent,384,0.12308187653724044,1,0,0.36257427220757854,0,Home,0,32,25,8271,2704,212771,20972,2808.5833333333335,0.79128666137804,5,191799,0.238035,0.2655743384361849,817.951290093751,0.4279564276510997,0,53.0
2043-06-03,42,63793,590,Employed,Bachelor,18,26492,36,Married,0,Mortgage,212,0.45584768488642724,2,0,0.43986252846946905,0,Debt Consolidation,0,23,27,7701,2214,33185,79288,5316.083333333333,0.8054603919053519,7,4666,0.216492,0.19032103621680102,971.5213409097192,0.22263032136624128,1,45.6
2043-06-04,47,42657,629,Employed,Master,25,22728,60,Widowed,4,Mortgage,469,0.274651132513007,3,1,0.29593492207037647,1,Education,1,28,25,2789,4802,44598,114724,3554.75,0.9038121272743685,6,2450,0.21322800000000003,0.188252237445638,587.393281095267,0.2971779396850037,0,68.0
2043-06-05,29,15000,562,Employed,Master,2,17013,60,Single,3,Other,290,0.10556769709117969,2,0,0.25726062076257195,0,Auto,0,21,18,3195,279,21663,15351,1250.0,0.8506435772883744,3,6312,0.24101299999999998,0.25765028670628276,507.0132701042169,0.6376106160833735,0,53.0
2043-06-06,52,50509,606,Employed,Associate,31,63704,48,Single,1,Mortgage,339,0.3751893229476074,3,2,0.4043694002289636,0,Home,0,21,11,7709,1006,150758,44636,4209.083333333333,0.7794940051694219,5,106122,0.255704,0.2894224958728449,2254.701607253998,0.6162153138460073,0,49.0
2043-06-07,27,33745,609,Self-Employed,Master,8,22166,60,Single,0,Other,442,0.17504908186855775,3,2,0.13987808484168868,0,Home,0,25,8,14267,438,78628,15227,2812.0833333333335,0.7222048149307698,7,63401,0.22266599999999998,0.2025943766702701,590.4677805762411,0.36715404850836847,0,49.0
2043-06-08,49,52674,570,Employed,Associate,27,9501,24,Married,0,Rent,494,0.398562622072869,2,0,0.19969159192525385,0,Education,0,32,2,3485,714,116507,24769,4389.5,0.8097388122939184,5,91738,0.199501,0.22530739672840183,495.38804880935487,0.22539880369275653,0,52.0
2043-06-09,55,49182,632,Employed,Associate,35,19197,72,Married,3,Mortgage,291,0.21828684545118276,2,4,0.2991814338823894,0,Other,0,23,7,11729,2025,150010,27969,4098.5,0.72470721168902,7,122041,0.218197,0.23002753456662428,493.83826661342226,0.19149402625678233,0,47.0
2043-06-10,50,40731,531,Employed,High School,29,16621,60,Married,5,Other,161,0.16968325092429112,3,2,0.2056444766986635,0,Auto,0,23,6,1516,124,668427,20849,3394.25,0.8734000169964998,5,647578,0.256121,0.29340094520891097,531.0282543280057,0.2038825231871564,1,36.800000000000004
2043-06-11,28,38185,533,Employed,Master,8,13416,36,Divorced,0,Rent,399,0.41331747168092753,1,2,0.4196560608898272,0,Other,0,23,11,1605,3238,223466,9322,3182.0833333333335,0.6926005648585742,7,214144,0.231916,0.20325838856197576,500.81679796129026,0.2827760004068478,1,43.2
2043-06-12,62,26926,467,Unemployed,Associate,39,13886,36,Single,0,Rent,295,0.1864378059017531,5,0,0.41440088015051413,0,Debt Consolidation,0,24,18,5744,518,13564,13564,2243.8333333333335,0.6542154662585137,4,9426,0.265386,0.26245237312709974,561.2911749147394,0.38161977638627614,0,60.0
2043-06-13,49,143452,542,Unemployed,Associate,29,17190,48,Married,0,Rent,333,0.19092349607143055,1,2,0.31033566751333264,0,Home,1,31,4,2396,3004,30891,9529,11954.333333333334,0.9200894534534633,9,21362,0.24119000000000002,0.2090975638329918,531.4662678581859,0.07231405079258728,1,50.400000000000006
2043-06-14,52,79133,609,Employed,Bachelor,29,5129,36,Married,0,Mortgage,190,0.029974619920048566,1,1,0.22420941667860178,0,Education,0,21,9,1830,521,85144,18373,6594.416666666667,0.6028134867969467,5,66771,0.185629,0.17709055361187342,184.67790749726484,0.05681744518680169,1,37.6
2043-06-15,28,51612,579,Employed,Associate,6,28489,72,Married,1,Mortgage,533,0.026670123674133878,4,0,0.1988490153857404,0,Home,0,23,25,5596,837,6606,40263,4301.0,0.8496050758779206,10,6260,0.253989,0.2636030202885247,791.3634335399198,0.307919886896052,0,49.0
2043-06-16,40,15000,606,Employed,Associate,18,49271,60,Married,0,Rent,1162,0.3879919439239657,2,0,0.17947079174693673,1,Education,0,23,14,1686,279,15229,20314,1250.0,0.8979075405289201,9,8437,0.251271,0.2098672998126132,1332.578322900158,1.9956626583201265,0,61.0
2043-06-17,32,33154,610,Employed,Associate,7,10962,48,Married,1,Mortgage,650,0.30808917808089925,2,1,0.22137923854188835,0,Other,0,25,19,20647,209,38508,31176,2762.8333333333335,0.9347777777639247,5,7332,0.200962,0.1848045215432574,324.767358903911,0.35281439062698106,0,50.0
2043-06-18,55,53539,631,Self-Employed,Doctorate,33,18774,48,Single,0,Mortgage,361,0.280849852282254,5,2,0.16332707956258616,1,Home,0,20,28,2531,1157,61118,11213,4461.583333333333,0.8607530363323422,3,49905,0.19827400000000003,0.20578883679995016,577.1059986997404,0.21026302292528598,0,62.0
2043-06-19,28,25979,560,Employed,Associate,6,22480,36,Single,2,Rent,468,0.3122773713167832,5,3,0.15219230627035188,0,Auto,0,22,14,1711,716,114702,24651,2164.9166666666665,0.9405036915791979,5,90051,0.22748,0.25260303192759215,896.8986416712887,0.630462438895087,0,50.0
2043-06-20,69,85131,506,Employed,Master,48,28243,108,Married,3,Own,446,0.23745729644364855,2,0,0.07585862888366332,0,Home,0,41,2,2117,873,76173,112702,7094.25,0.8875590894514419,4,1403,0.32024299999999994,0.268816958557043,696.3174688948008,0.1610201880247807,1,42.400000000000006
2043-06-21,25,15000,538,Employed,High School,1,12968,60,Married,3,Own,305,0.34588219803227016,5,1,0.08712944924680018,0,Other,1,23,16,2836,1866,56515,11002,1250.0,0.8822550934087696,10,45513,0.24896800000000002,0.22084206773796844,358.7831991826938,0.5310265593461551,0,58.0
2043-06-22,44,124270,521,Employed,Master,16,25802,60,Married,1,Other,679,0.3825580287130995,4,0,0.27347939674253463,0,Auto,1,27,7,2018,2165,16939,8241,10355.833333333334,0.9571606132157743,5,8698,0.270302,0.23301500008783757,731.8469999922652,0.13623693570376746,1,45.6
2043-06-23,37,40028,566,Employed,High School,14,33327,48,Divorced,5,Mortgage,377,0.380370950816074,2,1,0.16380965296571187,0,Auto,1,19,20,446,510,61833,1838,3335.6666666666665,0.7300607518602253,5,59995,0.245327,0.2522710036060795,1109.253126415189,0.4455640430943906,0,55.0
2043-06-24,67,78415,637,Employed,High School,47,13594,36,Divorced,1,Rent,933,0.3662689024119743,3,1,0.2486099147098678,0,Debt Consolidation,0,19,19,352,3219,42119,48087,6534.583333333333,0.7625539679984757,3,5736,0.180094,0.14407520000000001,467.30587814658514,0.21429153271388157,1,39.2
2043-06-25,26,60831,467,Employed,Bachelor,1,19223,36,Married,2,Own,540,0.4060429274476754,3,0,0.23407612591314061,0,Debt Consolidation,0,37,9,4533,709,63606,16188,5069.25,0.7148522964198251,3,47418,0.270723,0.31275951136314906,829.5387985691415,0.2701659611518748,0,54.0
2043-06-26,52,42592,524,Employed,High School,24,14656,120,Single,0,Own,349,0.12873271975053394,4,1,0.21099643148149663,0,Debt Consolidation,1,22,6,2688,1614,156483,24924,3549.3333333333335,0.8486632239285313,3,131559,0.30765600000000004,0.3161081491258371,403.9058443202448,0.21212598919616213,0,56.0
2043-06-27,37,61270,590,Employed,High School,15,31490,48,Widowed,0,Rent,315,0.3765674152007179,4,1,0.2304431230319786,0,Debt Consolidation,0,18,7,1687,2674,26202,30031,5105.833333333333,0.8466629467868222,4,7283,0.23149,0.2171614483181126,987.2800324629873,0.25505729377437325,0,53.0
2043-06-28,40,31241,492,Employed,Bachelor,17,48744,12,Single,2,Own,510,0.04018972918241428,4,0,0.5147558169016717,0,Education,1,20,2,1371,1185,10206,7553,2603.4166666666665,0.8514750993488805,3,2653,0.267744,0.29816610636132007,4747.516544253266,2.0194679597656666,0,68.0
2043-06-29,22,27523,593,Employed,Associate,0,69549,60,Married,0,Own,234,0.35912967998684064,2,2,0.10935386324303843,0,Home,0,28,5,2654,630,5569,4027,2293.5833333333335,0.936610316895828,3,1542,0.278049,0.2374146193998869,1990.3599975536517,0.9698186960231013,0,54.0
2043-06-30,35,18252,519,Employed,High School,11,5095,60,Divorced,0,Mortgage,194,0.33603063573428754,4,0,0.21737369656565525,0,Debt Consolidation,0,22,16,374,1179,43840,19675,1521.0,0.7712350490308613,2,24165,0.250595,0.23361528142985102,144.6907162731817,0.22267634205994852,0,54.0
2043-07-01,50,142375,626,Unemployed,Master,25,27714,96,Married,1,Mortgage,381,0.25768723394398624,4,0,0.14610307363359745,0,Debt Consolidation,0,29,25,13178,2445,15623,82888,11864.583333333334,0.7728648363679755,4,8504,0.249714,0.23145026077892064,636.1820630854015,0.08573264096242189,1,38.400000000000006
2043-07-02,38,32077,651,Employed,Bachelor,14,16922,36,Married,0,Own,498,0.08984991928419536,1,0,0.37800450746242636,0,Auto,0,25,4,11346,1045,24161,16636,2673.0833333333335,0.8768344970640842,6,7525,0.176422,0.1754380544803051,607.9052157326204,0.41371894468907455,0,51.0
2043-07-03,38,59763,622,Employed,Master,16,16822,96,Single,2,Mortgage,463,0.2532719847230162,3,1,0.06064172105958008,0,Other,0,20,17,406,1210,60242,5671,4980.25,0.7908784899802854,6,54571,0.24082200000000004,0.27348041503065934,433.1649143946066,0.1799437607338199,0,45.0
2043-07-04,40,154636,551,Employed,Master,20,13187,84,Divorced,0,Mortgage,613,0.27825253146639223,1,1,0.3511619387713476,0,Education,0,28,19,449,127,50010,20219,12886.333333333334,0.7496209027698338,3,29791,0.262687,0.23745994404179965,323.2852379780671,0.07265722636214597,1,41.6
2043-07-05,27,41186,626,Unemployed,Doctorate,2,23765,72,Married,1,Rent,470,0.12948616619642558,3,0,0.09647928244461407,0,Home,1,31,28,5734,1574,333233,10165,3432.1666666666665,0.8651476112591624,3,323068,0.22576500000000002,0.2304935418652819,612.0140664573213,0.3152568542098737,0,50.0
2043-07-06,56,15000,624,Unemployed,High School,34,28664,48,Divorced,1,Mortgage,527,0.22347652905259563,1,0,0.2740906882075421,0,Other,0,22,5,1609,2533,45807,205779,1250.0,0.630482698885057,2,3833,0.21166400000000002,0.23493316135205236,926.488023157734,1.1627904185261873,0,56.0
2043-07-07,49,98125,541,Employed,Master,26,38779,48,Widowed,5,Own,546,0.40597153643007633,3,0,0.27322662491064503,0,Debt Consolidation,0,26,29,43381,1460,1666865,6906,8177.083333333333,0.9141035349646043,2,1659959,0.263279,0.24715354361099334,1279.6514394572857,0.22326437985719674,1,35.2
2043-07-08,43,20566,574,Employed,High School,19,9655,48,Single,3,Mortgage,417,0.11078893472696041,5,0,0.4183112359066277,0,Home,0,24,27,450,8771,250092,25559,1713.8333333333333,0.7035652273338023,6,224533,0.21765500000000002,0.1967315192320728,292.1264250667116,0.4137662696100622,0,53.0
2043-07-09,57,88056,633,Employed,Bachelor,35,32919,36,Married,2,Rent,222,0.34892151559601864,3,1,0.14629796501409653,0,Auto,0,31,5,2680,770,4947,18956,7338.0,0.8642679963806945,3,2615,0.20141900000000001,0.18059726056275396,1191.0872443613466,0.19257116985027892,1,38.400000000000006
2043-07-10,31,42653,613,Employed,Bachelor,5,29718,84,Married,0,Rent,341,0.3762690249157388,2,1,0.4982419101731628,0,Education,0,24,18,4920,3139,195984,8687,3554.4166666666665,0.8438506797529505,3,187297,0.248218,0.24309586027232039,739.1428777072309,0.3038875233274746,0,50.0
2043-07-11,29,119770,578,Employed,High School,7,17060,60,Married,1,Other,244,0.06310990038904073,2,0,0.30092322795129506,0,Auto,0,25,17,1625,598,140943,15835,9980.833333333334,0.5636871194540438,3,125108,0.23306,0.21243017987944543,463.86554381700483,0.07092248915257626,1,38.400000000000006
2043-07-12,55,15000,601,Employed,High School,34,24892,108,Married,0,Rent,230,0.17914831654633562,4,2,0.5639232374710638,0,Auto,0,26,25,455,272,928007,28109,1250.0,0.7244139596084996,6,899898,0.26939199999999996,0.2301634297176278,547.8297395156382,0.6222637916125106,1,38.400000000000006
2043-07-13,42,24701,541,Employed,Master,20,17668,96,Single,5,Mortgage,840,0.15249701664370352,0,2,0.09088857957847726,0,Debt Consolidation,0,22,28,388,626,92223,25946,2058.4166666666665,0.7164938205591127,4,66277,0.282168,0.305413079512599,493.90955263493487,0.6480269880417481,0,49.0
2043-07-14,18,57365,558,Unemployed,Associate,0,35047,108,Single,0,Mortgage,234,0.16301528821517444,7,2,0.42885156533707336,1,Auto,0,20,7,1355,393,38411,14990,4780.416666666667,0.6006180912205983,4,23421,0.30104699999999995,0.3218914703148104,997.2902071853281,0.2575696415274808,0,71.0
2043-07-15,39,69267,560,Employed,High School,16,22720,72,Married,1,Rent,171,0.08288446617610307,3,1,0.24282195057071992,0,Debt Consolidation,0,32,28,2938,1057,78130,19299,5772.25,0.8406164537361499,2,58831,0.25771999999999995,0.25058293501431006,612.8256118917745,0.13579204155949146,1,39.2
2043-07-16,48,26414,639,Employed,Master,28,20890,12,Single,0,Mortgage,659,0.11000322004796893,3,0,0.1575123131265088,0,Debt Consolidation,1,24,20,2594,321,14827,41993,2201.1666666666665,0.9205485784654223,4,4128,0.16639,0.18230483099925013,1917.487221877288,1.1705098304886596,0,54.0
2043-07-17,18,15000,585,Employed,High School,0,12817,36,Married,1,Mortgage,162,0.408520749515952,5,0,0.11091904260749597,0,Auto,1,20,19,1861,833,639235,44324,1250.0,0.8647543384569419,10,594911,0.205317,0.17500562812909068,460.16038294966194,0.4977283063597295,0,51.0
2043-07-18,27,33202,565,Employed,High School,1,30219,48,Married,0,Mortgage,561,0.07565828741649891,5,1,0.08771582168279607,0,Debt Consolidation,0,20,29,10103,268,64556,42186,2766.8333333333335,0.5678397519709585,5,22370,0.242719,0.23414894444006032,975.445555260377,0.5553083146534703,0,50.0
2043-07-19,42,121877,530,Employed,High School,19,22176,12,Single,1,Own,161,0.2804878259437374,4,1,0.32988395861537656,0,Debt Consolidation,0,25,5,4184,2435,33050,97410,10156.416666666666,0.8431822855967893,2,6408,0.222176,0.26277786101617684,2121.4750403641806,0.22473231605938912,1,43.2
2043-07-20,36,50492,503,Employed,Associate,15,16196,60,Single,1,Mortgage,309,0.06113518311075623,3,1,0.10752773923172648,0,Debt Consolidation,0,23,3,4045,1127,33107,7595,4207.666666666667,0.8623053849842598,6,25512,0.269696,0.24114013061945008,466.99840318501884,0.1844248759847149,0,52.0
2043-07-21,25,70713,493,Unemployed,Bachelor,3,19320,120,Single,0,Rent,336,0.27219356441795606,5,1,0.29148988636922385,0,Home,0,25,15,3727,431,83292,47662,5892.75,0.8370756732139246,5,35630,0.32782,0.36658568305445594,606.5964651543546,0.15995867212326242,0,55.0
2043-07-22,35,52798,643,Employed,Master,13,13047,72,Single,0,Mortgage,374,0.4544525408258162,2,1,0.24065864671768505,0,Auto,1,24,25,1829,1275,4761,24140,4399.833333333333,0.9025185860435427,5,9574,0.206547,0.19362290212820976,307.70849106019483,0.15493961689310842,0,56.0
2043-07-23,78,20560,648,Employed,High School,59,12814,36,Married,2,Rent,274,0.20640624814803768,3,1,0.07121134744455394,0,Debt Consolidation,0,25,10,1844,658,33669,19094,1713.3333333333333,0.8528443181904632,0,14575,0.173814,0.15050779357654845,444.5202296488948,0.4193697838417675,0,49.0
2043-07-24,40,23310,561,Employed,High School,19,7275,24,Single,1,Own,378,0.21320923370210784,1,0,0.37368943610108424,0,Education,0,19,20,4745,2232,100103,44147,1942.5,0.8136182196886791,3,55956,0.20177499999999998,0.21507763600718383,375.6474989310403,0.38797812042781993,0,54.0
2043-07-25,38,47504,612,Employed,High School,18,21667,24,Single,1,Own,563,0.23674917964263514,2,1,0.5657819684221214,0,Education,0,30,9,6533,248,259382,87140,3958.6666666666665,0.9546918451216408,8,172242,0.19066699999999998,0.1736579979618342,1075.077740501738,0.4137953200997991,0,53.0
2043-07-26,45,113735,630,Employed,Doctorate,25,11340,36,Married,3,Mortgage,558,0.491695339072355,6,0,0.020069324746110236,0,Home,0,33,12,1319,452,35751,21811,9477.916666666666,0.7420164026090921,5,13940,0.18134,0.20377536561900628,423.6196207780755,0.10356913394589974,1,37.6
2043-07-27,44,16381,610,Employed,High School,20,20988,72,Married,1,Rent,275,0.7411523130946807,4,0,0.6960392495238844,0,Debt Consolidation,0,19,6,2293,672,472410,50755,1365.0833333333333,0.6514509106496776,4,421655,0.230988,0.22711054608183442,536.2416564492764,0.5942799510036821,0,55.0
2043-07-28,30,18423,585,Employed,Bachelor,11,34897,24,Single,0,Rent,249,0.1486095850611037,4,0,0.39556865871535646,0,Other,0,25,26,1612,2445,49657,6863,1535.25,0.5074045536038897,8,42794,0.21739699999999998,0.20308599697382707,1781.3761995062778,1.322505259408095,0,55.0
2043-07-29,31,15000,566,Employed,High School,8,16639,108,Married,1,Own,458,0.31277289916120987,5,0,0.23524490100542772,0,Auto,0,21,2,1774,349,83739,57498,1250.0,0.8717155176187493,5,26241,0.27863899999999997,0.24361907550014333,381.30839516725234,0.6714467161338019,0,58.0
2043-07-30,48,38424,553,Employed,Associate,27,28316,72,Single,0,Other,420,0.4437629395239654,1,0,0.5227372969665358,0,Debt Consolidation,0,35,22,8896,892,44674,23077,3202.0,0.7795493527111216,8,21597,0.266816,0.26015391943949157,780.4902589826645,0.37491888163106324,0,60.0
2043-07-31,45,96165,542,Employed,Bachelor,19,36176,96,Married,2,Mortgage,253,0.22850309954386738,3,1,0.1132865289663526,0,Education,0,14,5,5886,640,27242,101723,4111.833333333333,0.6674728864575421,4,2407,0.300176,0.2906927749889609,974.230004703355,0.29846297386486687,0,51.0
2043-08-01,56,25418,558,Employed,Bachelor,34,9741,60,Married,2,Other,885,0.2632071535412004,4,1,0.3146525296174858,0,Auto,0,21,21,2498,510,145674,33248,2118.1666666666665,0.7827097787414049,5,112426,0.23574099999999998,0.2496580098622105,285.7159702554468,0.5527024802527879,0,52.0
2043-08-02,60,104249,624,Employed,Master,33,24440,84,Married,0,Other,580,0.5081220054286486,5,0,0.713871551297816,0,Debt Consolidation,1,23,8,983,1844,105502,30179,8687.416666666666,0.8762026786630772,10,75323,0.23744,0.24178277158458938,605.8344025846721,0.1365002333932802,0,60.0
2043-08-03,19,87667,542,Employed,Associate,0,29340,60,Single,1,Mortgage,285,0.25372355437281113,1,1,0.1887589821008206,0,Other,0,29,12,2219,3313,53248,28359,7305.583333333333,0.6234932087872895,5,24889,0.26334,0.26093329271303817,880.0752005805165,0.15947736784612454,0,49.0
2043-08-04,42,18348,567,Employed,Bachelor,19,16222,36,Single,3,Rent,490,0.4658443614138505,3,1,0.04932151534232501,0,Debt Consolidation,0,29,6,1490,3571,15633,44260,1529.0,0.838757152774799,2,10751,0.217722,0.2207226795663051,620.1321782361615,0.72605113030488,0,55.0
2043-08-05,30,15071,507,Employed,High School,7,18758,120,Single,0,Mortgage,739,0.37037917135367826,3,1,0.5031593111808977,0,Home,0,28,10,1024,379,32278,19331,1255.9166666666667,0.7542664880791415,5,12947,0.32025800000000004,0.2833310080204512,471.55820833189745,0.963884181539564,0,60.0
2043-08-06,40,40622,622,Employed,Bachelor,18,11680,24,Married,0,Own,281,0.018432149015758684,5,4,0.17316545200742445,0,Home,0,26,7,1506,3304,485885,56784,3385.1666666666665,0.8475200380797877,2,429101,0.17568,0.18319569073819403,584.9186005187557,0.2557979224613527,1,33.6
2043-08-07,51,52510,631,Unemployed,Master,29,7076,48,Divorced,1,Other,155,0.3720934513720356,5,3,0.28363836931406894,0,Home,0,22,25,7851,1154,154170,16745,4375.833333333333,0.7449319791628212,4,137425,0.18657600000000002,0.1763816957129369,206.5220146988145,0.08261786662322937,1,38.400000000000006
2043-08-08,28,37681,563,Self-Employed,Bachelor,4,15481,60,Married,2,Rent,169,0.2708402637799215,2,0,0.11217007925832898,0,Debt Consolidation,0,19,10,6077,1222,44040,52848,3140.0833333333335,0.8882259163838293,6,1405,0.238981,0.24704612459346664,451.71082702506004,0.19767336122450893,0,54.0
2043-08-09,43,28645,521,Employed,High School,19,28176,36,Married,3,Own,215,0.1652601619454843,3,2,0.5952553859222989,0,Other,0,24,20,765,496,8113,60217,2387.0833333333335,0.9416724211831059,6,2002,0.252676,0.22167782703249822,1078.501399246623,0.5418752588919349,0,59.0
2043-08-10,41,63446,489,Unemployed,Doctorate,18,16919,48,Married,2,Other,286,0.43802869559853025,5,0,0.3512578955557848,0,Debt Consolidation,0,20,12,14274,746,20062,4207,5287.166666666667,0.7990578219181598,6,15855,0.26741899999999996,0.29879367951483304,607.9989245211174,0.16908847041978073,0,58.0
2043-08-11,19,41653,539,Employed,High School,0,20019,48,Married,0,Mortgage,320,0.2555615655608451,4,1,0.4339969522102948,0,Debt Consolidation,0,13,15,679,736,89513,36158,3471.0833333333335,0.6647950855788112,2,53355,0.24551900000000002,0.24241185965106365,655.3282696561354,0.28098670530030545,0,55.0
2043-08-12,26,52259,553,Employed,Master,1,7197,48,Married,3,Mortgage,476,0.4106882935132589,1,0,0.26062010791851464,0,Education,0,29,27,3996,2949,113157,16071,4354.916666666667,0.8438708299152892,5,97086,0.225697,0.21838278433155808,226.11783306257072,0.16122417185079793,1,40.800000000000004
2043-08-13,67,163103,656,Employed,Bachelor,45,17820,72,Divorced,4,Mortgage,254,0.16799138375095918,4,1,0.4743111894233802,0,Other,1,25,19,4474,1051,195213,7135,13591.916666666666,0.5759874269672669,6,188078,0.20482,0.21994506782789097,447.6894872423372,0.05162549951201417,1,39.2
2043-08-14,18,100599,599,Employed,Associate,0,18412,36,Married,3,Other,404,0.40679499180688206,3,0,0.1619543905930812,0,Education,0,21,10,2392,2435,155082,29642,8383.25,0.8448425395863498,2,125440,0.203912,0.21440162665303655,697.8413376723064,0.1314336728204821,1,36.800000000000004
2043-08-15,40,104650,584,Employed,High School,19,17529,36,Single,1,Own,430,0.1350958941069762,3,1,0.2753716245235531,0,Debt Consolidation,0,32,6,513,1278,205646,9846,8720.833333333334,0.7637110084194514,6,195800,0.210529,0.227650116145922,676.3976858618377,0.12686834429376062,1,38.400000000000006
2043-08-16,25,23575,598,Self-Employed,Associate,7,47757,96,Divorced,1,Own,292,0.0644852043691188,3,1,0.32839128235169646,0,Auto,0,33,10,581,277,61055,42098,1964.5833333333333,0.9685040049967215,8,18957,0.283757,0.2270056,1082.5312282129005,0.6996553441592707,0,58.0
2043-08-17,53,30308,586,Employed,Associate,29,16957,48,Married,2,Mortgage,557,0.44504349830664275,2,1,0.14207084477538734,0,Education,1,21,17,719,404,7024,21591,2525.6666666666665,0.8686644209449667,6,10394,0.218957,0.2598745519470217,571.624700145291,0.4468620958738119,0,58.0
2043-08-18,36,128525,429,Employed,Bachelor,10,23507,36,Divorced,2,Rent,511,0.4802482037540834,7,1,0.25093115848782754,0,Education,0,24,11,1027,1255,216560,63348,10710.416666666666,0.8144339271264986,5,153212,0.294007,0.25752405583774673,944.0139452451754,0.13585035863016615,1,37.6
2043-08-19,52,53806,652,Employed,Bachelor,29,25730,96,Single,4,Mortgage,326,0.4022087100435343,2,0,0.4585495806396665,0,Auto,0,19,20,2525,166,73985,54951,4483.833333333333,0.86565596704444,5,19034,0.23473,0.27915421670049756,672.5001456570833,0.22268895193630822,0,51.0
2043-08-20,41,26360,499,Unemployed,Associate,15,16531,48,Single,0,Mortgage,390,0.16601277820307198,3,2,0.3856063943239968,0,Education,1,26,11,12726,325,428319,74682,2196.6666666666665,0.750801204567136,3,353637,0.26203099999999996,0.24664017079444597,545.0272715892735,0.42565733152774216,0,58.0
2043-08-21,31,32144,509,Employed,High School,8,35155,48,Married,1,Rent,425,0.39376856715647224,1,0,0.20912627993449798,0,Other,0,20,18,1374,747,304644,11395,2678.6666666666665,0.8791648909702346,2,293249,0.275655,0.22400922706206422,1115.2621081420332,0.5750107422133026,0,47.0
2043-08-22,45,50151,548,Employed,Associate,23,47451,36,Married,0,Rent,183,0.14552905756401982,8,1,0.26055328076266404,0,Debt Consolidation,0,22,4,1182,11009,169407,32363,4179.25,0.6878940246986704,3,137044,0.258451,0.2925274587890065,1994.9979735121392,0.5211456537685324,0,50.0
2043-08-23,35,31998,594,Employed,High School,11,13386,60,Married,3,Rent,192,0.3532282335708998,1,1,0.062014885963463065,0,Debt Consolidation,0,17,29,3929,1122,71030,32680,2666.5,0.7780321398613298,1,38350,0.22138600000000003,0.19159125269063432,348.41330602138277,0.20266765648654897,0,51.0
2043-08-24,50,46672,631,Employed,Bachelor,31,25060,72,Single,0,Mortgage,271,0.1850327579316046,1,1,0.1591600976239584,0,Other,0,24,22,1285,863,192789,17706,3889.3333333333335,0.8006737247949507,3,175083,0.22456,0.22068722746079716,630.6834074879596,0.23183495221665054,0,43.0
2043-08-25,49,21581,475,Employed,Associate,24,18398,60,Single,4,Own,196,0.369104314281666,2,0,0.5569510116524737,1,Debt Consolidation,0,28,10,2129,421,87858,9273,1798.4166666666667,0.9346849697337971,8,78585,0.285898,0.29267965502371607,586.9919454012538,0.4353784970490267,0,70.0
2043-08-26,33,41962,459,Self-Employed,Associate,11,26343,24,Single,1,Rent,206,0.352768013048117,5,1,0.23761528500883383,0,Debt Consolidation,1,25,6,3786,102,369923,18753,3496.8333333333335,0.2987196565548338,2,351170,0.271843,0.3262116,1508.68712126223,0.49035425992914444,0,58.0
2043-08-27,53,73270,645,Unemployed,Bachelor,29,53006,24,Married,1,Rent,519,0.6168440897363245,3,0,0.303289049099622,0,Auto,1,24,28,4455,574,162543,2225,6105.833333333333,0.8782948993537588,6,160318,0.205506,0.16440480000000002,2606.5083964836244,0.5118889143961171,0,58.0
2043-08-28,53,29502,594,Employed,High School,32,12120,96,Single,0,Own,784,0.18815251977400926,3,0,0.09130488388690444,0,Auto,0,26,17,907,653,33009,22508,2458.5,0.8670866875792625,8,10501,0.25012,0.2911390515924771,326.7691381186341,0.4518076624440245,0,51.0
2043-08-29,42,62887,629,Employed,Associate,21,32001,48,Married,1,Own,286,0.2868732699837076,4,1,0.2981953639623779,0,Home,1,20,25,1386,1506,122521,23752,5240.583333333333,0.6827525642128516,5,98769,0.21250100000000002,0.20865765788431995,988.6241960118757,0.2432218161486875,0,53.0
2043-08-30,33,130105,544,Employed,Master,12,28030,36,Single,0,Mortgage,468,0.23957228890553947,6,0,0.2172244978177008,0,Home,0,30,5,4037,2595,28616,47338,10842.083333333334,0.8097827570936175,5,1492,0.24103,0.21349701587160685,1061.0716108202444,0.1410311619833437,1,41.6
2043-08-31,43,20074,620,Employed,Bachelor,25,33536,24,Married,2,Mortgage,276,0.17950278950628584,2,0,0.0645634880062725,0,Home,0,25,15,586,2059,651422,13794,1672.8333333333333,0.7469669668261951,2,637628,0.19853600000000002,0.1931472165793329,1695.6357429737807,1.1786205497501927,0,40.0
2043-09-01,29,37227,550,Self-Employed,Master,7,17458,36,Married,2,Own,273,0.15898557460723092,1,0,0.3403147145897943,0,Debt Consolidation,0,9,29,4316,340,52509,9098,3102.25,0.7206776983725327,4,43411,0.227458,0.2332245438818923,678.7318878841318,0.3067876179818299,0,57.0
2043-09-02,54,33621,513,Unemployed,High School,31,22460,48,Divorced,1,Mortgage,304,0.19734838660725515,1,0,0.1045442303702704,0,Education,0,21,16,2535,2851,42342,2102,2801.75,0.9552364503830842,4,40240,0.26096,0.28802995224680017,793.1333586399351,0.3915885994967199,0,53.0
2043-09-03,61,119558,639,Employed,Associate,37,8626,60,Divorced,2,Mortgage,528,0.09877947063292015,7,4,0.4000403139333899,0,Home,0,28,8,991,2452,69491,26800,9963.166666666666,0.7245421262966223,6,42691,0.19412600000000002,0.2054385998044411,231.15439478405398,0.0761960950953399,1,41.6
2043-09-04,36,41362,598,Employed,Associate,16,19455,36,Married,2,Other,366,0.45965951349162404,2,1,0.09156025936610375,1,Auto,0,27,1,8127,10125,161118,5924,3446.8333333333335,0.8760566599125745,3,155194,0.205455,0.2333988392420429,756.5483958625719,0.3256752756237818,0,64.0
2043-09-05,41,58393,489,Employed,Bachelor,19,8318,24,Married,0,Rent,311,0.22086852546610738,2,0,0.29455000991386576,1,Education,0,23,4,435,232,91370,64942,4866.083333333333,0.9279511124020828,5,26428,0.23881799999999997,0.21356255896500448,428.88276940329837,0.15204893108488315,0,67.0
2043-09-06,18,19780,507,Unemployed,High School,0,22216,36,Widowed,0,Mortgage,644,0.6294268814473065,6,3,0.47442833496767334,0,Debt Consolidation,0,18,26,529,1435,59998,24887,1648.3333333333333,0.9126998012387116,6,35111,0.25371600000000005,0.26180841421947987,897.2379599869085,0.9350280849263349,0,63.0
2043-09-07,31,25873,454,Employed,Bachelor,6,48486,48,Married,0,Rent,457,0.23041374465355458,2,1,0.2260455443874458,0,Education,0,18,1,1927,3669,72912,7154,2156.0833333333335,0.8132649129773628,3,65758,0.316486,0.28769376916536815,1711.254645284912,1.0056451027487705,0,56.0
2043-09-08,40,22075,619,Employed,High School,15,20858,60,Single,3,Rent,291,0.2724362005472309,4,1,0.1546115156772801,0,Home,1,24,28,6443,660,38065,18055,1839.5833333333333,0.8009075639267192,9,20010,0.216358,0.19889710650627254,551.3302197382533,0.45789185217934497,0,55.0
2043-09-09,34,81584,508,Employed,Bachelor,13,21425,48,Divorced,3,Own,448,0.4833412803598827,7,1,0.38516046307885865,0,Debt Consolidation,0,17,19,1699,271,380590,26480,6798.666666666667,0.8773404149288141,6,354110,0.262425,0.2808667086637694,747.7701573635937,0.17588303942394493,1,38.400000000000006
2043-09-10,37,15127,498,Employed,High School,12,24676,120,Married,2,Mortgage,305,0.15353798460195953,2,1,0.2454168063778612,0,Home,0,36,24,3956,1041,112581,5307,1260.5833333333333,0.6788785752157594,3,107274,0.33067599999999997,0.2767578862536238,608.5526274055796,0.7247062556268233,0,49.0
2043-09-11,52,31165,648,Employed,Master,28,56383,24,Single,1,Mortgage,360,0.36739893798115647,4,1,0.27709930811300476,0,Home,0,21,12,4260,439,78749,50085,2597.0833333333335,0.8761441802101135,3,28664,0.207383,0.19882278380995502,2866.4165428869273,1.2423230712223048,0,50.0
2043-09-12,43,37362,612,Employed,Associate,21,13220,60,Married,1,Mortgage,323,0.46148894368238447,0,0,0.23639179438457236,0,Home,0,22,28,3091,1745,140133,17900,3113.5,0.7798343323059309,4,122233,0.21222000000000002,0.249195721469163,387.401393505084,0.22816810454635747,0,47.0
2043-09-13,27,25102,560,Employed,High School,4,57502,36,Married,4,Rent,350,0.08902422164671804,2,1,0.11164077443464336,0,Auto,1,27,24,5603,5521,164210,3518,2091.8333333333335,0.6897118353918111,8,160692,0.262502,0.27738611093850757,2370.376172028301,1.3004746260991,0,53.0
2043-09-14,47,47634,635,Employed,High School,25,41384,48,Married,1,Own,255,0.3517154448105624,0,0,0.16403572430030636,0,Auto,0,24,16,2684,500,277912,97130,3969.5,0.8363094622841595,3,180782,0.21888400000000002,0.2455392866131961,1361.8986839969093,0.4073305665693184,0,44.0
2043-09-15,38,15000,622,Self-Employed,Associate,13,15571,48,Single,0,Own,461,0.4505628443881565,1,1,0.14067303628325473,0,Education,0,28,22,3165,522,39348,16929,1250.0,0.7029790900212824,3,22419,0.19957100000000003,0.20541465144621904,478.3348452570962,0.751467876205677,0,53.0
2043-09-16,43,51623,591,Employed,High School,22,8026,36,Single,2,Mortgage,302,0.10043803806853431,4,1,0.40819901456704927,0,Auto,0,12,9,5162,306,20393,95087,4301.916666666667,0.539928572654585,7,3905,0.197526,0.15802080000000002,281.3867256721071,0.1356108848394182,1,44.800000000000004
2043-09-17,43,39580,615,Employed,Bachelor,19,18843,72,Divorced,0,Rent,323,0.037259604570421746,2,0,0.06355992698362485,0,Education,0,18,5,10121,1219,127316,22093,3298.3333333333335,0.7011789209383302,1,105223,0.226343,0.24273328382515946,499.20764847098144,0.24927973172440063,0,45.0
2043-09-18,23,74791,616,Employed,Bachelor,0,17917,96,Married,0,Rent,350,0.22971221001099457,2,1,0.01892738667642362,0,Auto,0,25,10,2311,861,21696,26510,6232.583333333333,0.7604517849016997,5,6129,0.244917,0.1961717470343354,371.1522756845719,0.11570680039329416,0,47.0
2043-09-19,46,79590,568,Unemployed,High School,23,22646,108,Single,3,Rent,114,0.5218868211015683,0,2,0.0797591025156442,0,Debt Consolidation,0,20,20,3576,2707,109795,22788,6632.5,0.9168139151394483,4,87007,0.28364599999999995,0.22691679999999997,493.4853791451583,0.0915922169838158,0,52.0
2043-09-20,63,205550,658,Employed,Bachelor,39,18773,60,Single,0,Mortgage,1122,0.06286249652644318,1,0,0.18109645335666566,0,Home,0,20,20,2307,1827,98727,13658,17129.166666666668,0.7463950176940604,1,85069,0.19477300000000003,0.18911443634599343,486.06766893492943,0.0938789201032311,1,31.200000000000003
2043-09-21,33,52781,595,Employed,Bachelor,12,20863,48,Divorced,2,Mortgage,306,0.29607164357553367,4,0,0.296519676596551,0,Other,0,29,23,8106,597,106801,12991,4398.416666666667,0.8426728486404278,5,93810,0.218363,0.21526688084896478,651.9620983554192,0.21779703264934408,1,40.0
2043-09-22,40,31007,519,Self-Employed,High School,18,17997,12,Widowed,5,Rent,707,0.3263857442940562,1,0,0.6004346238630353,0,Debt Consolidation,0,20,2,4065,451,38671,27438,2583.9166666666665,0.9241574695706696,6,11233,0.223497,0.2072292092338896,1673.376259642691,0.9212279522595638,0,66.0
2043-09-23,28,23261,590,Employed,Associate,4,26698,24,Married,1,Mortgage,508,0.48591507895587693,3,0,0.43177318970054274,0,Home,0,21,22,7148,208,134880,49394,1938.4166666666667,0.8452754267816712,2,85486,0.206698,0.20013310833842318,1358.989751239814,0.9631519287596306,0,57.0
2043-09-24,22,21821,469,Employed,Bachelor,2,15423,60,Married,1,Own,544,0.026178787727711275,4,0,0.1479079354171965,0,Education,0,23,6,6207,2270,51366,9823,1818.4166666666667,0.6525199502964352,10,41543,0.285923,0.2734069690263537,474.09198794696346,0.5598782757602108,0,53.0
2043-09-25,65,97144,590,Employed,High School,41,11425,12,Married,4,Mortgage,447,0.09776058996528401,1,2,0.5195605890170255,0,Debt Consolidation,0,17,2,3890,1829,49220,26042,8095.333333333333,0.9156605983523625,4,23178,0.181425,0.19281393948643322,1054.423858721969,0.1854678241030185,1,48.0
2043-09-26,62,124862,547,Employed,Associate,43,24072,36,Single,0,Rent,362,0.11200423904215964,4,3,0.37004090611533286,0,Education,0,22,21,1338,714,284407,6430,10405.166666666666,0.9554870256841278,2,277977,0.235572,0.1884576,880.5076289482664,0.11941256384952345,1,36.0
2043-09-27,36,41658,534,Employed,Bachelor,16,15926,12,Single,3,Other,256,0.2620937713623319,2,0,0.14348221416068696,0,Home,0,26,28,1642,2374,190918,22566,3471.5,0.744241875427406,1,168352,0.213926,0.2509262403807933,1514.3899108291967,0.5099783698197311,0,47.0
2043-09-28,35,55237,564,Employed,Master,11,31175,60,Divorced,3,Mortgage,513,0.37351551754462564,4,1,0.07884541243729297,0,Other,0,22,29,2809,620,27834,10042,4603.083333333333,0.8806791387263977,7,17792,0.254175,0.2796186089349042,969.942037630617,0.3221627614020929,0,50.0
2043-09-29,19,71193,524,Employed,High School,0,19664,72,Single,1,Rent,334,0.12016741325076216,1,0,0.23752338488414645,1,Home,0,35,8,6289,2025,184821,22146,5932.75,0.7646727224821035,4,162675,0.272664,0.2631087458732967,545.6190746952406,0.14826498246095665,0,60.0
2043-09-30,44,36959,520,Self-Employed,Associate,22,4544,48,Married,3,Rent,285,0.14763569344362423,7,2,0.1586285643849164,0,Debt Consolidation,0,16,24,1369,1388,21480,9199,3079.9166666666665,0.8411408564316847,4,12281,0.239544,0.23556685180892226,147.03130023151863,0.1402736979566066,1,42.400000000000006
2043-10-01,41,22266,621,Unemployed,Doctorate,18,49058,24,Divorced,4,Rent,242,0.16030065904577936,4,1,0.10959888681360164,0,Auto,0,30,17,10230,668,28694,5435,1855.5,0.9025382181355659,6,23259,0.213558,0.21118529305047876,2523.7342825324295,1.4905601091524816,0,51.0
2043-10-02,38,41846,494,Employed,High School,15,28623,60,Widowed,0,Mortgage,381,0.33124555732659783,4,1,0.27321413533216926,0,Auto,0,34,4,3900,393,23393,124108,3487.1666666666665,0.8412126126865327,5,10096,0.286623,0.3039745969964151,933.0512865354059,0.37682491608337404,0,56.0
2043-10-03,47,91857,544,Employed,Associate,26,23664,48,Divorced,0,Own,1847,0.10864294213164681,1,0,0.12420107050207338,0,Auto,0,30,12,2906,1458,51783,11417,7654.75,0.6826474514823282,4,40366,0.246664,0.25501792979164506,791.2676954682455,0.34465759109941485,0,48.0
2043-10-04,42,300000,584,Employed,High School,18,20333,36,Single,1,Own,478,0.502176089797785,3,4,0.4235855015265737,0,Education,0,21,28,1718,1537,131426,40562,25000.0,0.8787515635666451,2,90864,0.213333,0.23312534387878703,790.4007234260274,0.0507360289370411,1,42.400000000000006
2043-10-05,51,37797,597,Employed,Master,29,24518,60,Married,0,Mortgage,488,0.08700230882296595,5,1,0.28631191537159195,0,Auto,0,28,16,8809,416,9225,23987,3149.75,0.6702128903464726,5,5749,0.231018,0.26793188246685345,745.6374699921478,0.3916620271425185,0,52.0
2043-10-06,33,45969,535,Unemployed,Bachelor,7,19301,36,Married,1,Own,637,0.3095467898590146,2,4,0.41936158560858483,0,Debt Consolidation,0,22,11,2072,394,82998,14312,3830.75,0.8467060801901269,4,68686,0.236801,0.2841612,802.7039446408901,0.3758282176181923,0,58.0
2043-10-07,39,36006,614,Unemployed,High School,15,20696,60,Single,0,Mortgage,412,0.3040295072321756,1,2,0.315723972363351,0,Auto,0,28,4,372,226,71335,33818,3000.5,0.9054454614628015,3,37517,0.218696,0.19312172566850505,540.4268421498585,0.3174227102649087,0,58.0
2043-10-08,36,47624,586,Employed,Associate,13,26455,24,Divorced,0,Rent,442,0.23151857518400457,5,0,0.22410183101296055,0,Debt Consolidation,0,28,10,4034,1169,31932,5080,3968.6666666666665,0.8847647203882927,8,26852,0.208455,0.20445671040158095,1352.2151918199042,0.45209521043673045,0,53.0
2043-10-09,36,30542,597,Employed,Associate,14,17005,36,Single,1,Mortgage,284,0.24164420151580765,1,0,0.27219786315444594,0,Debt Consolidation,0,26,10,4771,664,195597,2689,2545.1666666666665,0.3697139851727241,14,192908,0.203505,0.19643088723215227,628.8785253527371,0.35867141327460045,0,49.0
2043-10-10,38,83405,613,Employed,Bachelor,14,18142,72,Single,3,Rent,220,0.13678006935530024,1,5,0.5900214144402401,0,Education,0,21,8,7650,3720,60251,18874,6950.416666666667,0.6546870419781036,9,41377,0.22664199999999998,0.23363109792209502,470.6316585891098,0.09936550450295925,0,54.0
2043-10-11,64,22982,617,Employed,Associate,39,13934,84,Married,0,Rent,878,0.2151793473592538,1,0,0.0729284753000791,1,Auto,0,14,1,1343,1705,178329,86827,1915.1666666666667,0.8738136875169317,4,91502,0.23043400000000003,0.23651985653681862,340.7729358528761,0.6363795679329263,0,63.0
2043-10-12,22,53477,560,Employed,Associate,3,21278,36,Single,0,Mortgage,475,0.14844023777769175,3,0,0.07292360654032493,0,Other,1,25,15,3399,716,80695,27458,4456.416666666667,0.7822640689862842,5,53237,0.22627799999999998,0.20083780396385487,791.6753422309538,0.2842362904944452,0,53.0
2043-10-13,35,24403,500,Employed,Associate,16,21128,72,Married,1,Mortgage,348,0.1135517026572313,1,0,0.07988290393351544,0,Auto,0,25,24,11743,1462,236576,9466,2033.5833333333333,0.7576935703578261,8,227110,0.286128,0.24155810587205143,558.233374843781,0.4456337539698141,0,47.0
2043-10-14,26,57424,539,Employed,High School,1,12186,12,Married,0,Rent,380,0.1267849847239714,2,2,0.3039364732908827,0,Debt Consolidation,0,19,1,1839,232,155044,35639,4785.333333333333,0.9516568684676961,2,119405,0.207686,0.20688354729167288,1132.8625769055595,0.3161457042850849,0,53.0
2043-10-15,41,44239,565,Employed,High School,17,12678,72,Single,0,Mortgage,255,0.2581959489128098,3,2,0.07512756888875617,0,Home,0,26,23,9699,211,20177,70456,3686.5833333333335,0.9292382223937874,7,4021,0.24517799999999998,0.2262896625166187,323.29935240668254,0.15686593794796877,0,51.0
2043-10-16,40,66923,606,Employed,High School,18,23686,72,Widowed,5,Rent,674,0.47940391829864276,2,1,0.28430746060955564,0,Home,0,20,20,1715,505,305817,7700,5576.916666666667,0.7650973252421971,1,298117,0.235686,0.2678422532205583,664.2090563414293,0.23995500315432888,0,44.0
2043-10-17,59,15000,592,Employed,High School,36,9602,24,Married,2,Rent,87,0.49231451858436326,5,1,0.24713223958528907,0,Home,0,15,17,1896,624,202098,13342,1250.0,0.6979417036478803,4,188756,0.188602,0.17873200227257166,478.78314973025675,0.4526265197842054,0,51.0
2043-10-18,32,25958,618,Employed,Associate,8,32428,48,Single,4,Rent,268,0.505010633319574,3,5,0.2172828936113593,0,Other,0,21,27,831,1736,130310,89833,2163.1666666666665,0.7989692413427706,6,40477,0.21842800000000004,0.23324242924640556,1045.1343557226542,0.6070426176389495,0,52.0
2043-10-19,50,41424,510,Employed,Master,29,29062,24,Single,4,Own,224,0.24409495514597493,5,0,0.6428450059884482,0,Home,0,30,2,393,1951,18952,43608,3452.0,0.8273302913624907,5,3507,0.249062,0.26706676713228195,1576.0798033979233,0.5214599662218782,0,63.0
2043-10-20,43,53183,582,Employed,Bachelor,19,35818,60,Single,4,Other,516,0.06941311871491075,2,0,0.09106958534182685,0,Education,0,22,19,4913,736,55130,45481,4431.916666666667,0.8643679159790768,5,9649,0.24981799999999998,0.216590411029738,982.3231049356796,0.3380756493471251,0,49.0
2043-10-21,26,30599,557,Employed,Associate,5,15643,12,Single,0,Mortgage,544,0.47657398056135475,2,2,0.22475783470463362,0,Debt Consolidation,0,19,9,2605,536,4573,35157,2549.9166666666665,0.8576671089508353,4,5911,0.202143,0.20713184172397023,1454.4263088103244,0.7837222035270399,0,55.0
2043-10-22,34,31385,546,Employed,Associate,13,24995,60,Married,0,Rent,558,0.22881869552812592,5,1,0.4598953851211858,0,Home,0,24,7,12699,224,45283,10398,2615.4166666666665,0.9345552590812111,12,34885,0.256995,0.2700545545273586,763.3120127780489,0.5052013431045591,0,58.0
2043-10-23,43,79326,577,Employed,Bachelor,21,13838,108,Single,2,Mortgage,143,0.18157740930019753,3,2,0.42173549806407,0,Education,0,25,7,2080,2115,132404,2633,6610.5,0.7471040100606114,7,129771,0.27033799999999997,0.26344770393116523,335.9907328236423,0.07245907765277095,1,41.6
2043-10-24,51,71580,549,Employed,Associate,32,25505,48,Married,0,Other,460,0.5177935154657428,0,3,0.058984814173143565,0,Auto,0,28,20,7775,2948,168259,105542,5965.0,0.9308798183175895,4,62717,0.246005,0.21936979116298372,802.6901481253491,0.21168317655077099,1,39.2
2043-10-25,48,15000,618,Employed,Master,23,14342,48,Married,2,Rent,497,0.39648644827314283,1,2,0.20870280411575975,0,Home,0,27,15,14160,1632,328447,17209,1250.0,0.7661589155359593,3,311238,0.20034200000000002,0.19674637846870138,433.94991959232885,0.744759935673863,0,45.0
2043-10-26,20,43688,545,Employed,Bachelor,0,8740,72,Married,4,Mortgage,480,0.1567027428862292,3,0,0.06566039069861193,0,Education,0,23,2,5393,6282,58676,14982,3640.6666666666665,0.7379201377633139,6,43694,0.25124,0.27536292850498917,249.21334982320215,0.20029665349474515,0,54.0
2043-10-27,27,15000,468,Employed,Master,6,14227,24,Married,0,Other,289,0.5224700721495276,4,0,0.10966426402909346,0,Home,0,17,4,779,2340,16948,31963,1250.0,0.40620724762258587,8,10081,0.255227,0.21307892704055384,733.2169940615638,0.8177735952492511,0,56.0
2043-10-28,35,64619,570,Unemployed,Bachelor,14,20655,24,Single,0,Rent,801,0.2247142718425322,3,2,0.34811394904112497,0,Auto,0,29,2,5850,168,31560,101918,5384.916666666667,0.8847422240063735,7,7222,0.210655,0.2201022135738531,1071.6475453035232,0.34775794338572674,0,61.0
2043-10-29,43,15000,569,Employed,High School,20,16677,24,Widowed,2,Mortgage,348,0.18040174142791132,5,0,0.2161074857974496,0,Home,1,21,20,2284,756,69460,34291,1250.0,0.9490783801255932,7,35169,0.207177,0.2206148063655267,865.6783974163276,0.9709427179330622,0,59.0
2043-10-30,39,149223,594,Employed,Associate,17,44200,24,Married,0,Mortgage,741,0.2534916563523024,1,1,0.48344293561676327,0,Other,0,18,9,2753,1351,179043,9446,12435.25,0.9067003014168006,6,169597,0.22219999999999998,0.18953005800488623,2227.0518273351868,0.2386805112350123,1,40.800000000000004
2043-10-31,40,24486,600,Unemployed,High School,19,28235,60,Widowed,2,Rent,265,0.11424852311417054,3,0,0.27734138456115714,0,Debt Consolidation,0,26,8,2239,330,95376,4994,2040.5,0.7488524720823209,4,90382,0.23323500000000003,0.22251488811654102,783.8626150076819,0.5140223548187611,0,52.0
2043-11-01,69,73204,596,Employed,High School,43,22851,12,Married,1,Rent,582,0.31359686799024283,5,1,0.44746683577761054,0,Debt Consolidation,0,31,23,24884,1275,52653,36030,6100.333333333333,0.8592687843342603,5,16623,0.18985100000000002,0.21763208357747196,2136.1218863282156,0.445569403802232,0,56.0
2043-11-02,43,42659,615,Employed,High School,16,53181,60,Married,1,Mortgage,825,0.24018384098477463,4,1,0.5857870337116697,0,Debt Consolidation,0,21,14,705,415,26034,10270,3554.9166666666665,0.918036454099741,7,15764,0.250681,0.2556140164804112,1578.4845684567576,0.6761015218706743,0,56.0
2043-11-03,59,15847,596,Employed,Bachelor,38,24119,72,Single,0,Other,412,0.2778645875009476,2,0,0.3190808246025425,0,Home,0,29,18,2606,4953,207189,8323,1320.5833333333333,0.743472257155468,3,198866,0.241119,0.25004430535019834,649.7633482602025,0.8040108650925999,0,52.0
2043-11-04,24,87884,466,Employed,Bachelor,0,20753,12,Married,1,Rent,329,0.258135425486675,2,1,0.32776527774085534,0,Home,0,31,21,3540,714,95286,12833,7323.666666666667,0.8569871878481041,3,82453,0.252753,0.2877548079949252,2010.6707760177037,0.3194671306746671,0,51.0
2043-11-05,54,21496,626,Employed,Bachelor,30,17923,36,Married,2,Mortgage,292,0.33525560509915814,4,1,0.2916320330051194,0,Home,0,26,26,837,1313,43792,239227,1791.3333333333333,0.8571285036988286,5,8494,0.189923,0.176274550328511,644.614735626746,0.5228589889989278,0,51.0
2043-11-06,55,64399,646,Employed,High School,34,16111,36,Married,3,Mortgage,246,0.3937140917437342,2,3,0.29803333369519497,0,Auto,0,19,20,441,1027,157477,10636,5366.583333333333,0.910851851876508,2,146841,0.178111,0.19677009168649676,596.0943610419046,0.15691442930018876,1,36.0
2043-11-07,43,38628,619,Employed,Bachelor,20,11114,60,Single,3,Own,512,0.2219550866809879,5,2,0.44524636854640615,0,Education,0,24,23,15927,955,24399,79666,3219.0,0.7404160561498164,5,1483,0.20661400000000002,0.20895124738768125,300.0157418216277,0.2522571425354544,0,54.0
2043-11-08,24,23520,542,Employed,High School,1,27282,108,Single,1,Other,408,0.5020018081428862,0,1,0.2397119829932305,0,Debt Consolidation,0,20,7,2584,1957,87780,34620,1960.0,0.8728655532647592,6,53160,0.301282,0.3379611928014368,808.629924242614,0.6207295531850071,0,54.0
2043-11-09,27,17656,574,Employed,Bachelor,5,13713,72,Married,3,Own,338,0.18798226981059704,7,0,0.22466274632966135,0,Education,0,25,23,731,825,100993,2148,1471.3333333333333,0.8590794460798838,5,98845,0.241713,0.28555632757662164,399.8607228036691,0.5014912026304955,0,51.0
2043-11-10,51,30014,648,Employed,Bachelor,28,25099,60,Widowed,0,Other,199,0.4268226523613124,1,1,0.12370017387904865,0,Home,1,19,5,2410,1399,34615,14514,2501.1666666666665,0.9022003442154563,4,20101,0.20609900000000003,0.209891681742456,678.8593540163045,0.3509799509627392,0,57.0
2043-11-11,50,58534,613,Self-Employed,Bachelor,28,23906,48,Divorced,4,Own,1752,0.2884344861935175,6,0,0.032128363516462796,0,Other,0,27,16,3050,473,25663,107638,4877.833333333333,0.7238402360276724,3,9847,0.212406,0.215959058023501,747.9495726918761,0.512512298361679,0,50.0
2043-11-12,27,15000,532,Employed,Bachelor,3,11414,36,Married,0,Rent,406,0.17572145127484104,4,1,0.13071903962297635,0,Debt Consolidation,0,23,25,7569,1795,51508,5978,1250.0,0.9038790773829888,4,45530,0.230414,0.2513303771228219,454.62215041365897,0.6884977203309273,0,51.0
2043-11-13,42,163964,626,Employed,Bachelor,18,11190,60,Divorced,2,Mortgage,276,0.6068571625396304,5,1,0.4937030650578775,0,Home,0,25,16,7877,631,67074,17409,13663.666666666666,0.779071845764834,7,49665,0.20319000000000004,0.18158477184358188,285.11803800552366,0.04106643199767195,1,42.400000000000006
2043-11-14,50,112839,478,Employed,High School,25,35155,36,Married,3,Rent,531,0.26436258448943556,1,4,0.4264529927318323,0,Auto,0,17,24,8941,1159,54200,13946,9403.25,0.5743856494531113,5,40254,0.28115500000000004,0.2784866068437439,1451.264104729665,0.21080627492937706,0,55.0
2043-11-15,18,28418,548,Employed,High School,0,23184,60,Married,0,Other,348,0.4441954161421415,4,0,0.2801200923456926,0,Auto,0,28,17,2372,809,55655,19534,2368.1666666666665,0.8872261566484391,1,36121,0.254184,0.2553439818073199,687.7637127886622,0.4373694332276708,0,55.0
2043-11-16,48,85052,429,Employed,Associate,27,11825,24,Single,2,Other,482,0.08869849637029166,0,1,0.2075685124212509,0,Debt Consolidation,1,28,5,1742,2906,51346,40546,7087.666666666667,0.9296251423670026,3,10800,0.272325,0.24070662650677882,625.6178506958246,0.15627397601878726,1,46.400000000000006
2043-11-17,38,73431,610,Employed,Associate,18,22036,12,Single,0,Other,381,0.18230983311377474,1,0,0.16126715765504968,0,Auto,0,34,13,1414,5326,39046,145824,6119.25,0.7774152837752815,5,4340,0.182036,0.17122915962150848,2011.0735441694665,0.39090959581149104,0,46.0
2043-11-18,18,44127,508,Employed,High School,0,17503,60,Widowed,3,Own,996,0.2652342557186266,6,1,0.219547399627121,0,Education,0,33,25,1464,8336,23467,149449,3677.25,0.8112878285798266,7,5392,0.268503,0.2923532027448873,558.0881392624028,0.4226223779352513,0,53.0
2043-11-19,18,119677,589,Employed,Master,0,16632,36,Widowed,1,Mortgage,271,0.3002632976660117,3,0,0.5229349016463527,0,Home,0,24,9,7527,1373,90662,9037,9973.083333333334,0.7197266955263887,2,81625,0.207132,0.18140347666164863,602.4582712285228,0.08758156750872993,1,44.800000000000004
2043-11-20,40,15000,586,Employed,High School,16,9592,24,Married,0,Mortgage,112,0.23229823984233264,2,1,0.09919157448500061,0,Auto,0,21,21,2500,283,60734,112530,1250.0,0.8731565177568242,1,1118,0.19159199999999998,0.17781344323701628,477.8592095973836,0.4718873676779069,0,52.0
2043-11-21,40,103149,595,Employed,Master,15,25465,108,Single,3,Rent,149,0.33004707880815193,1,2,0.372266729153816,0,Debt Consolidation,1,15,1,2801,874,21044,7509,8595.75,0.9036922705533441,6,13535,0.272965,0.26490994584453575,620.8877900081457,0.08956609836351054,0,63.0
2043-11-22,43,57793,564,Unemployed,Bachelor,20,37129,72,Married,0,Own,468,0.12212683064954778,2,0,0.26072045308550174,0,Debt Consolidation,0,11,9,1713,12584,293565,49898,4816.083333333333,0.8271089218179667,5,243667,0.27012899999999995,0.2971403165589272,1110.1590101851334,0.3276851542958767,0,51.0
2043-11-23,57,45967,586,Employed,High School,35,18550,36,Single,0,Rent,242,0.25489192012185485,1,2,0.30063530693391616,0,Other,0,30,11,1673,2923,150421,26114,3830.5833333333335,0.8602558268242304,6,124307,0.21055000000000001,0.2114536677541799,700.2577770185103,0.2459828425657999,0,51.0
2043-11-24,57,43045,614,Employed,Bachelor,33,21078,24,Divorced,1,Mortgage,191,0.11934694145235855,2,2,0.0950848134904464,0,Auto,0,20,27,2567,1304,47697,6621,3587.0833333333335,0.9398694651072786,3,41076,0.189078,0.19831460799840053,1071.0470798349031,0.35183098984827127,0,47.0
2043-11-25,31,36729,601,Employed,Bachelor,10,24570,12,Married,1,Own,386,0.5302711417008628,3,1,0.2121042179221646,0,Home,1,32,17,3135,2816,92579,14110,3060.75,0.9120928587269479,6,78469,0.18907000000000002,0.19042688182007025,2264.7877272428545,0.8660582299249708,0,55.0
2043-11-26,61,15000,667,Employed,Bachelor,40,32331,24,Single,0,Mortgage,348,0.47982427129980937,7,3,0.11140459081454153,0,Education,0,22,16,10413,139,10725,69368,1250.0,0.9675577793036354,8,10850,0.17383099999999999,0.17075140402310343,1599.6853871046053,1.5581483096836843,0,47.0
2043-11-27,54,74849,612,Employed,Bachelor,32,29925,84,Single,0,Rent,452,0.3255337012245208,2,4,0.10822166463959262,0,Education,0,25,23,6241,3326,222944,94927,6237.416666666667,0.7892014512685593,13,128017,0.248925,0.28121601348780545,818.1777891360808,0.20363843831758566,0,43.0
2043-11-28,41,70300,592,Employed,Bachelor,17,5635,48,Married,1,Mortgage,292,0.09986687685223614,5,4,0.3824729377717639,0,Education,0,26,25,6670,1191,90731,28136,5858.333333333333,0.6990270836190259,3,62595,0.204635,0.19139539426714325,168.9023703330484,0.0786746578093397,1,40.800000000000004
2043-11-29,48,41576,601,Employed,Associate,23,20325,60,Married,1,Mortgage,219,0.2233888229024203,3,1,0.16667880125902138,0,Home,0,27,24,354,216,72574,31377,3464.6666666666665,0.6345725607322233,7,41197,0.224825,0.2121830345671867,552.3584143153242,0.22263567855935856,0,48.0
2043-11-30,42,107929,554,Employed,Associate,21,36949,36,Married,2,Own,358,0.15319355270649532,6,0,0.30637920198050866,0,Auto,0,17,29,4636,313,24826,17215,8994.083333333334,0.8344420000386268,7,7611,0.244949,0.22761465390049068,1425.695880517269,0.1983188074216126,1,41.6
2043-12-01,23,99693,542,Employed,Bachelor,0,19343,24,Widowed,1,Own,195,0.5855951583780112,2,0,0.10373335979269004,0,Education,1,25,18,3491,6332,22954,16991,8307.75,0.9167929172371623,4,5963,0.22334299999999999,0.21770025592192274,1001.2837542978789,0.14399611859984698,0,56.0
2043-12-02,42,15000,632,Employed,Bachelor,19,39611,36,Married,1,Mortgage,336,0.1925804903130482,2,3,0.20305474047023345,0,Home,0,21,7,17434,202,20232,57411,1250.0,0.9894726829992475,6,6906,0.20861100000000002,0.18826727266886428,1448.513784485986,1.4276110275887888,0,51.0
2043-12-03,42,38090,452,Employed,High School,19,23513,36,Married,1,Own,425,0.28725991232023884,1,3,0.6271959734798769,0,Education,0,26,5,853,2598,93088,59582,3174.1666666666665,0.9091929819732495,2,33506,0.282513,0.29474984754824296,991.414533678958,0.44623193499993424,0,61.0
2043-12-04,54,142829,500,Employed,Bachelor,34,10299,96,Single,4,Mortgage,558,0.5073349482535486,5,0,0.24646630240545675,0,Debt Consolidation,0,30,21,10170,1807,74727,75378,11902.416666666666,0.863269475294168,8,8964,0.295299,0.28832149121581285,275.6682211843678,0.07004192883946828,1,40.800000000000004
2043-12-05,28,117115,601,Self-Employed,Doctorate,7,22962,36,Married,0,Own,187,0.26917268556084634,3,0,0.2693316565801801,0,Debt Consolidation,1,22,22,3532,754,33657,48409,9759.583333333334,0.7812575985778889,6,7300,0.207462,0.20340924892011472,857.3441672122433,0.10700704441401117,1,45.6
2043-12-06,28,30734,607,Employed,Bachelor,5,42434,48,Widowed,1,Own,782,0.23327150829914056,1,0,0.07326584724955208,0,Auto,1,28,8,4132,911,19774,16323,2561.1666666666665,0.751351713124769,9,3451,0.233934,0.21174629900891204,1317.987272145474,0.8199338604069007,0,55.0
2043-12-07,43,74644,626,Employed,High School,22,30216,48,Widowed,2,Mortgage,521,0.25577839826412585,4,1,0.7438845078487749,0,Other,0,24,2,3762,2315,45946,22214,6220.333333333333,0.8881120416366166,6,23732,0.21221600000000002,0.188251972163672,900.6771780427084,0.22855321441123871,0,59.0
2043-12-08,67,32092,545,Employed,High School,45,15732,60,Widowed,5,Own,162,0.22344593199984963,3,2,0.025067225640914008,0,Auto,0,24,1,11293,503,42471,30287,2674.3333333333335,0.6763247345776197,4,12184,0.248232,0.24234516440779616,454.7216491389494,0.23060762151524966,0,55.0
2043-12-09,25,38110,541,Self-Employed,Bachelor,2,22332,48,Single,0,Rent,174,0.23402680354225366,3,3,0.11437105072067281,0,Home,1,24,10,4093,611,14753,42735,3175.8333333333335,0.8809771665850018,6,7428,0.246832,0.25723985566993357,749.511135004284,0.2907933251128682,0,60.0
2043-12-10,33,35903,493,Employed,Associate,11,9006,36,Widowed,0,Mortgage,322,0.40579876288972605,3,0,0.43020310409949475,0,Education,1,24,3,17746,4517,40004,23468,2991.9166666666665,0.9378067310239511,5,16536,0.24750599999999998,0.2379638801910153,352.3689780833532,0.2253969789989761,0,67.0
2043-12-11,33,26456,534,Employed,High School,9,19264,60,Single,2,Rent,541,0.5709442903383971,0,2,0.08163877619914085,0,Auto,0,26,22,6160,100,68411,32325,2204.6666666666665,0.7482626378731915,4,36086,0.257264,0.2909990322643997,612.6475708625492,0.5232752816128889,0,53.0
2043-12-12,21,36863,536,Unemployed,Master,0,11478,60,Married,0,Mortgage,213,0.13290927865797936,1,1,0.49271465480537674,0,Education,0,20,1,2247,3046,78128,19603,3071.9166666666665,0.7906712866349159,4,58525,0.24847799999999998,0.270501059710265,350.8283105555024,0.18354284042714997,0,61.0
2043-12-13,45,61646,573,Employed,Master,22,13603,12,Single,0,Rent,1651,0.2171282632553806,1,0,0.7128143839600884,0,Home,0,22,17,726,509,15457,45082,5137.166666666667,0.9252626467555244,7,1038,0.19210300000000002,0.17311487493779953,1242.6699531153408,0.563281306773904,0,58.0
2043-12-14,48,63362,531,Employed,Bachelor,27,22182,96,Married,2,Rent,315,0.11368642372918243,3,2,0.4776431982530208,0,Debt Consolidation,0,27,3,30471,1559,32030,50926,5280.166666666667,0.8527628498163596,3,7871,0.291682,0.266149886844317,560.1687128787896,0.16574641827192127,0,58.0
2043-12-15,44,95826,586,Self-Employed,Bachelor,23,24200,72,Married,1,Rent,321,0.32450790103791033,4,1,0.3040234933289863,0,Debt Consolidation,0,29,7,1099,1177,21097,3010,7985.5,0.7845972554707525,5,18087,0.2462,0.21691395596806703,603.6272388072347,0.11578827109225906,1,45.6
2043-12-16,50,35172,574,Employed,Associate,28,12397,60,Divorced,4,Rent,831,0.06535053222750138,1,3,0.7361394270147458,0,Home,0,17,16,2101,1040,248295,22356,2931.0,0.8217607087272095,5,225939,0.23039700000000002,0.21517339009998426,338.99829272501944,0.3991805843483519,0,54.0
2043-12-17,36,54151,602,Employed,Associate,12,9772,96,Single,1,Own,1029,0.29729845454653087,2,0,0.20568017179244935,0,Other,0,25,26,2396,2154,57071,40152,4512.583333333333,0.9404111227091899,4,16919,0.243772,0.1992876265531925,204.32077117285203,0.27330703503304143,1,39.2
2043-12-18,30,45712,536,Employed,Master,8,19832,48,Divorced,1,Rent,959,0.4076449259494055,3,3,0.4671530464288347,0,Other,0,29,29,14097,517,14614,1287,3809.3333333333335,0.9097197757229951,1,13327,0.246832,0.2644849548088719,673.6954200729521,0.4286039779680483,0,58.0
2043-12-19,42,36305,537,Employed,Bachelor,24,26156,36,Married,3,Mortgage,259,0.36702646273921097,6,1,0.6177924203610848,0,Auto,0,32,16,2537,1156,63915,7271,3025.4166666666665,0.8361352314744255,7,56644,0.242656,0.23945540669926188,1025.4267322969295,0.4245454011172884,0,57.0
2043-12-20,40,37366,617,Employed,High School,19,22070,36,Married,0,Mortgage,557,0.5669618911807891,2,2,0.2311667715499726,0,Home,0,20,24,5213,838,81086,3829,3113.8333333333335,0.6674079878143655,4,77257,0.19857000000000002,0.1803846509637015,798.3092964045929,0.4352542834891376,0,49.0
2043-12-21,18,68578,600,Employed,Bachelor,0,26270,120,Married,2,Own,705,0.15599474100990435,3,0,0.2832119741877628,0,Education,0,26,26,3012,2152,10257,42126,5714.833333333333,0.6221798337026848,5,2744,0.28127,0.2834119304615016,660.5575489405716,0.23894967172106008,0,48.0
2043-12-22,51,63071,631,Employed,Bachelor,25,14264,60,Single,3,Rent,381,0.25617486900671743,3,1,0.25817457194706384,0,Education,0,17,3,10225,5819,42511,96937,5255.916666666667,0.7143114623332161,5,5703,0.203764,0.18992288975754174,369.955503326203,0.1428781221149884,0,52.0
2043-12-23,29,37597,506,Self-Employed,Bachelor,8,33795,48,Married,2,Own,137,0.09483140758362602,3,3,0.19040183541093966,0,Debt Consolidation,0,22,5,1434,1637,38312,130841,3133.0833333333335,0.7832675875926648,3,9760,0.27579499999999996,0.28942782179561855,1196.1305729571147,0.42550115369538466,0,55.0
2043-12-24,35,33288,604,Employed,Associate,14,39734,48,Married,0,Other,1214,0.0873370548652071,5,0,0.5115097461614062,0,Home,0,25,12,1062,1438,134453,42625,2774.0,0.74416178478653,10,91828,0.232734,0.214210252067579,1239.4066290290868,0.8844292101763109,0,53.0
2043-12-25,31,43281,559,Employed,High School,9,30327,24,Married,1,Mortgage,257,0.10189779502221077,4,0,0.4847080687510233,0,Home,0,17,15,14738,482,169902,35476,3606.75,0.507533764086272,4,134426,0.22582699999999997,0.23030584903468035,1588.7857917849058,0.5117587278810303,0,52.0
2043-12-26,59,64838,618,Employed,High School,40,23791,60,Married,4,Rent,377,0.5839636852723806,2,0,0.28824985739435244,0,Education,0,24,7,4595,794,61770,9513,5403.166666666667,0.8939326841937635,2,52257,0.21979100000000001,0.20985883906936736,643.4375812260535,0.18885917170043248,0,49.0
2043-12-27,31,19382,510,Employed,High School,11,13441,60,Married,2,Mortgage,396,0.25571014150007537,4,0,0.0676220236241472,0,Debt Consolidation,0,19,8,2091,1166,351862,70991,1615.1666666666667,0.7513225056625622,4,280871,0.26344100000000004,0.2855402757291285,423.0004665050527,0.507068702820175,0,47.0
2043-12-28,18,36211,521,Employed,Bachelor,0,19867,72,Married,2,Own,563,0.1604251334306952,3,0,0.20858456916907464,0,Home,0,23,22,6761,987,133829,9082,3017.5833333333335,0.9029957015006925,4,124747,0.274367,0.23944890581481007,522.3707082579381,0.35968209933708695,0,48.0
2043-12-29,51,86901,587,Employed,Bachelor,29,22455,24,Single,0,Own,338,0.2174811867399143,5,0,0.36924928081626074,0,Debt Consolidation,0,22,14,4844,749,14130,24403,7241.75,0.6076861532941065,5,3434,0.203955,0.22252895460871244,1167.730202522016,0.2079235271201044,1,42.400000000000006
2043-12-30,52,71414,510,Employed,High School,31,18292,36,Single,1,Mortgage,180,0.2275173655580487,1,1,0.293998511449758,0,Debt Consolidation,0,21,11,7552,867,107629,2900,5951.166666666667,0.9250972106183684,4,104729,0.248292,0.24696319007050996,724.3520258893014,0.15196214062609037,1,38.400000000000006
2043-12-31,45,37224,634,Employed,Associate,23,11322,12,Married,1,Mortgage,463,0.4671304303917766,3,1,0.33494637887860007,0,Education,0,24,29,4689,7251,47504,140040,3102.0,0.5647596498038203,2,9278,0.15932200000000002,0.1660940877521811,1030.5226971682844,0.4814708888356816,0,53.0
2044-01-01,35,49031,448,Employed,High School,11,29016,36,Divorced,3,Own,634,0.31958637502675274,2,0,0.14819831227911656,1,Debt Consolidation,0,24,15,8439,3291,12457,23893,4085.9166666666665,0.8474237438516037,2,1846,0.29001600000000005,0.34801920000000003,1309.3181463655087,0.4756137495948707,0,63.0
2044-01-02,51,17215,439,Employed,Associate,27,28679,36,Married,2,Own,567,0.24996422648058128,2,2,0.2756904589988106,0,Home,0,23,11,9003,142,88910,9574,1434.5833333333333,0.8411370598846268,6,79336,0.29417899999999997,0.31021568032849345,1233.5710005283624,1.2551177465199157,0,52.0
2044-01-03,51,76867,564,Employed,Associate,27,20164,36,Widowed,2,Mortgage,307,0.07516464377863705,5,1,0.07948205810731455,0,Auto,0,24,13,1542,80,62993,88265,6405.583333333333,0.8435913329709585,8,5386,0.223164,0.2541768924072695,806.1782876305062,0.17378250031308723,0,49.0
2044-01-04,37,47607,600,Employed,Master,14,34707,60,Married,2,Own,638,0.20228885427882262,1,0,0.3237928246510254,0,Home,0,22,17,2754,811,637225,11203,3967.25,0.9547051404991458,3,626022,0.239707,0.21383266107882765,946.4391499678293,0.3993797088582341,1,35.2
2044-01-05,46,29354,545,Employed,High School,23,20770,36,Married,2,Mortgage,183,0.3315878951309849,1,1,0.5176439066204964,0,Home,0,22,9,1233,448,85877,95828,2446.1666666666665,0.9178502952910388,6,2468,0.23327,0.25113515391129576,827.0590610611654,0.4129150620949099,0,61.0
2044-01-06,29,45132,579,Employed,Master,5,30558,84,Married,1,Mortgage,243,0.3740197824192758,7,0,0.17691116801278375,0,Education,0,23,10,2399,687,111412,7261,3761.0,0.8791343050429257,6,104151,0.266058,0.29320558251696915,859.8263448189965,0.29322689306540717,0,47.0
2044-01-07,48,54279,600,Self-Employed,Associate,25,22914,36,Married,0,Rent,471,0.3157780050331496,3,0,0.5414155876792565,0,Home,1,18,14,1122,141,30928,27659,4523.25,0.7675206058435031,3,3269,0.207914,0.1939300522361524,844.496071524056,0.2908298395012559,0,64.0
2044-01-08,27,53161,432,Self-Employed,High School,5,22114,36,Married,2,Mortgage,353,0.353849086312636,0,1,0.7177049769331751,0,Debt Consolidation,1,14,21,12414,1155,21005,12401,4430.083333333333,0.6813472717600937,5,8604,0.291114,0.2852701841999377,921.022283219906,0.28758427039820306,0,67.0
2044-01-09,39,70587,493,Employed,Bachelor,15,13546,60,Divorced,0,Mortgage,292,0.04610074008190245,3,0,0.11763335021849701,0,Home,0,28,29,1235,2497,10193,232270,5882.25,0.8685971728518498,6,10834,0.272046,0.27872183408071005,420.72191279943155,0.12116484556070066,1,39.2
2044-01-10,54,90821,640,Employed,Associate,29,22165,24,Widowed,3,Mortgage,557,0.26998412056333027,1,1,0.39914807601510005,0,Debt Consolidation,0,22,23,2430,691,96434,12157,7568.416666666667,0.8358774013255319,6,84277,0.177165,0.18904688956993254,1116.2808741468693,0.22108730898979786,1,38.400000000000006
2044-01-11,37,34818,508,Employed,High School,15,23419,48,Single,5,Mortgage,398,0.4967832859019115,3,0,0.11352881712515894,0,Debt Consolidation,0,21,17,606,1309,146211,192324,2901.5,0.7020510079216318,5,10605,0.264419,0.2911669875187879,831.2357778317095,0.42365527411053233,0,52.0
2044-01-12,46,27880,476,Unemployed,Bachelor,23,15723,108,Divorced,2,Other,215,0.2576978234115562,0,0,0.16384141363661564,0,Other,1,27,17,3863,739,242589,43462,2323.3333333333335,0.9119760063213002,5,199127,0.322723,0.3573395351791857,488.7519219534503,0.3029061357044979,0,57.0
2044-01-13,39,40621,596,Self-Employed,High School,15,27251,24,Single,1,Own,532,0.613582301852936,0,1,0.1702716432488502,0,Auto,0,31,2,4653,1779,149250,16713,3385.0833333333335,0.892400376438089,6,132537,0.204251,0.1634008,1338.7260700492127,0.5526381142904052,0,56.0
2044-01-14,42,55178,633,Employed,High School,20,35360,48,Married,4,Mortgage,409,0.2510598908686361,3,1,0.24770966267976985,0,Home,0,29,8,9760,463,69763,58496,4598.166666666667,0.8598414991451168,5,11267,0.21386000000000002,0.2045092310010801,1084.531104382329,0.3248101281776785,0,50.0
2044-01-15,23,109424,513,Self-Employed,Master,0,10202,36,Divorced,3,Mortgage,432,0.36070229082526384,4,4,0.23326310018507315,0,Home,0,23,21,9387,1895,70657,17523,9118.666666666666,0.8161032472095476,3,53134,0.238702,0.25168107714224064,406.5373550730144,0.0919583296249102,1,41.6
2044-01-16,40,134820,625,Self-Employed,High School,19,15118,72,Divorced,1,Other,1149,0.132034835944001,5,2,0.577808394717005,0,Debt Consolidation,0,23,13,2480,251,58079,55338,11235.0,0.9880271524800043,6,2741,0.217618,0.21662983459515006,376.8384127705614,0.13581116268540822,1,44.0
2044-01-17,42,49481,517,Employed,Associate,18,50457,48,Married,2,Mortgage,841,0.5436796483963596,5,0,0.02842090492267099,0,Auto,0,26,15,4345,545,19980,79947,4123.416666666667,0.6356222727350023,1,3616,0.286957,0.3016150885112193,1821.4972090148553,0.645701713954412,0,52.0
2044-01-18,53,92856,550,Employed,High School,33,17280,60,Married,2,Mortgage,260,0.05643152944859156,3,1,0.1745869562008138,0,Other,0,29,19,5269,721,51793,37832,7738.0,0.697688179082363,7,13961,0.24728,0.25670663237348723,514.0075494382262,0.10002682210367358,0,48.0
2044-01-19,44,57336,557,Employed,Bachelor,21,9267,72,Married,0,Mortgage,761,0.2259281552247033,5,2,0.670070736901632,0,Debt Consolidation,0,25,11,2782,1840,150115,36756,4778.0,0.7573856907376453,3,113359,0.24576699999999999,0.29336885421876663,274.8404857848964,0.21679373917641195,0,54.0
2044-01-20,24,18545,513,Employed,High School,1,15962,24,Single,2,Mortgage,376,0.2858250895895408,3,0,0.6770561544371032,0,Debt Consolidation,0,25,14,8099,512,44823,36363,1545.4166666666667,0.8792781081641232,6,8460,0.234462,0.22419027231153818,831.3857936693819,0.7812687799424417,0,60.0
2044-01-21,40,55080,530,Employed,High School,17,25503,72,Single,3,Rent,233,0.07807085873419921,8,0,0.40463980826188284,0,Home,0,20,24,10246,1678,30828,9964,4590.0,0.7981481513783182,6,20864,0.275503,0.24282685397351933,675.7963466748479,0.19799484677011936,0,55.0
2044-01-22,39,78570,520,Employed,Bachelor,14,15075,60,Married,1,Other,489,0.19028156998415333,4,0,0.15905677670732593,0,Home,0,21,13,51301,1071,60805,82925,6547.5,0.8915029225853879,8,3598,0.260075,0.26510056292784817,455.91581068666966,0.1443170386692126,0,49.0
2044-01-23,60,38195,657,Employed,Master,37,26157,48,Married,2,Mortgage,476,0.13475057311240943,0,0,0.25645265086810226,0,Home,0,24,2,1602,136,80810,22015,3182.9166666666665,0.4355993872410182,4,58795,0.192657,0.21009605634014988,810.1048301429043,0.40406487659942014,0,48.0
2044-01-24,35,21759,632,Employed,Bachelor,15,77486,24,Married,2,Rent,480,0.213419484318249,3,1,0.08911447290472727,0,Debt Consolidation,0,27,15,3906,2686,40179,23759,1813.25,0.8401725059997279,3,16420,0.236486,0.26254512777262246,4184.477745790672,2.5724405050548307,0,49.0
2044-01-25,60,57603,593,Employed,Bachelor,37,26763,60,Married,0,Mortgage,310,0.2072105444558417,4,1,0.1909855664921398,0,Home,0,31,12,15268,2744,158579,40513,4800.25,0.7379104833611806,9,118066,0.235263,0.23997509484814283,769.8783815384055,0.22496294600039693,0,46.0
2044-01-26,29,57043,577,Unemployed,Associate,7,35866,60,Married,3,Rent,427,0.037227677827053836,0,1,0.27309839025967186,0,Other,0,24,25,7846,772,51761,2399,4753.583333333333,0.8183769918979219,3,49362,0.25236600000000003,0.23107639382394082,1013.2987303744367,0.3029922122695728,0,54.0
2044-01-27,50,173692,612,Employed,Master,26,26214,48,Married,4,Mortgage,200,0.3880946567765007,1,1,0.07195914637729192,0,Home,0,24,17,288,215,33908,27067,14474.333333333334,0.8219432737799381,2,6841,0.215214,0.1998410718490724,797.4795654828152,0.06891367930471054,1,36.0
2044-01-28,45,22180,529,Self-Employed,Bachelor,22,47256,84,Married,0,Own,190,0.3849345170868999,7,1,0.024912319396801514,0,Auto,0,23,3,5941,6920,276530,16472,1848.3333333333333,0.5279583708904526,1,260058,0.30775600000000003,0.32699735765631044,1438.0217165053002,0.880805256900974,0,52.0
2044-01-29,64,75153,645,Employed,Bachelor,43,8547,108,Single,5,Own,145,0.07256644847795438,3,0,0.5026265299242846,0,Education,1,26,12,3945,166,46517,123892,6262.75,0.7128100081824539,2,2330,0.231047,0.24598658013212668,197.24614172363263,0.05464790095782725,0,60.0
2044-01-30,33,50245,573,Unemployed,High School,13,8357,120,Single,4,Rent,448,0.5479340191172907,4,3,0.37901784927037035,0,Debt Consolidation,0,30,20,697,1281,96715,35993,4187.083333333333,0.7428339857940436,6,60722,0.276857,0.2997458816147043,220.14865936314908,0.15957376678988536,0,56.0
2044-01-31,40,54568,509,Employed,Bachelor,14,39020,60,Single,1,Mortgage,289,0.212063330693549,5,1,0.05318826387572082,0,Debt Consolidation,0,30,18,295,2217,20935,26035,4547.333333333333,0.8591282800422406,2,3656,0.28952,0.30157504322680573,1266.2071072439976,0.342004201856912,0,50.0
2044-02-01,48,89459,587,Unemployed,Master,26,42328,48,Married,5,Mortgage,502,0.186164139337037,2,0,0.2503437207471198,0,Other,0,23,2,1529,479,60947,2621,7454.916666666667,0.9713607175975391,5,58326,0.24382800000000002,0.20731827849770834,1304.6182292182518,0.24233915816875912,0,55.0
2044-02-02,64,26372,590,Employed,Bachelor,40,11286,60,Single,1,Mortgage,1478,0.4024329303417558,4,0,0.3599929731714359,0,Home,0,26,27,4278,791,422900,8779,2197.6666666666665,0.7840552178097641,5,414121,0.22128599999999998,0.25744182749258154,336.20101032783884,0.8255123662950883,0,51.0
2044-02-03,44,32269,555,Employed,Master,23,23405,48,Married,0,Mortgage,589,0.5455572167377865,2,0,0.40755117077146646,0,Education,0,16,10,1345,1594,51383,9239,2689.0833333333335,0.9540747673924169,6,42144,0.240905,0.24286175237261504,766.7535341501235,0.5041694012768131,0,58.0
2044-02-04,23,30933,582,Employed,Master,0,11968,48,Single,3,Rent,417,0.4731071377133077,7,0,0.25121508679000587,0,Debt Consolidation,0,25,22,654,408,94062,11613,2577.75,0.782262390071179,8,82449,0.21596800000000002,0.22183435880404778,378.2575982202935,0.3085084272021311,0,52.0
2044-02-05,19,20250,499,Employed,Bachelor,0,17781,36,Single,3,Mortgage,445,0.09120463772725995,3,1,0.45115191560094536,0,Debt Consolidation,0,28,21,755,876,20408,10097,1687.5,0.7658530591007388,6,10311,0.253281,0.23968412933348332,697.3044888323865,0.6769211785673402,0,57.0
2044-02-06,51,58426,568,Self-Employed,Master,30,18383,36,Married,0,Other,479,0.22507134808331464,3,1,0.13759322655371417,0,Auto,1,23,1,5814,1841,237217,17646,4868.833333333333,0.5979559161447884,6,219571,0.219383,0.2223194907121272,704.2628752083198,0.24302800983294828,0,59.0
2044-02-07,40,125483,510,Employed,High School,13,23979,48,Married,3,Mortgage,229,0.08596971850383217,2,1,0.3489704374956457,0,Debt Consolidation,0,28,15,1819,436,115593,4012,10456.916666666666,0.7633495101948359,5,111581,0.263979,0.23575274740283472,776.139742822172,0.09612199990330215,1,37.6
2044-02-08,29,67136,584,Employed,Associate,5,23032,48,Married,1,Mortgage,609,0.35748843017700793,5,0,0.6067002228056496,0,Debt Consolidation,0,18,11,2814,7201,342909,85630,5594.666666666667,0.703840091558334,8,257279,0.226032,0.2252770491235584,732.2624308864591,0.23973947167894288,1,41.6
2044-02-09,23,44508,528,Employed,Associate,4,26498,36,Married,2,Mortgage,526,0.13844664100359746,2,1,0.1260824347568447,0,Debt Consolidation,1,19,8,7367,732,75091,56374,3709.0,0.7967276581875034,5,18717,0.247498,0.2917770251251526,1112.9807778400768,0.4418929031652944,0,57.0
2044-02-10,38,101773,624,Employed,Associate,19,43396,120,Single,0,Rent,949,0.2767054375616385,2,1,0.2669075398419468,0,Auto,0,24,27,33379,4654,38033,2431,8481.083333333334,0.8311320125945634,5,35602,0.286396,0.30222933859785167,1151.1485861491722,0.2476273965962491,0,48.0
2044-02-11,26,138000,575,Unemployed,Master,7,19724,60,Married,1,Rent,288,0.4163808162452223,1,2,0.1552142870982051,0,Education,0,32,14,2369,720,31309,28650,11500.0,0.8772988118404496,5,2659,0.237224,0.23297517853638847,559.4055606134502,0.0736874400533435,1,41.6
2044-02-12,40,124482,526,Employed,Bachelor,19,17347,48,Widowed,3,Own,149,0.09817916367575297,0,0,0.21901800916512704,0,Auto,0,30,29,4562,8486,85023,5682,10373.5,0.8654100707471597,5,79341,0.249347,0.24272758308768608,568.1629809430318,0.06913413803856286,1,37.6
2044-02-13,44,142724,606,Employed,Master,20,18592,36,Single,0,Own,319,0.2404502361760063,3,0,0.7286145629612119,0,Education,0,35,7,390,1728,77575,31444,11893.666666666666,0.608451851644947,4,46131,0.200592,0.1604736,654.0743546405571,0.08181449690091845,1,43.2
2044-02-14,40,22504,543,Employed,High School,18,27252,48,Married,2,Rent,954,0.07653451778017473,2,0,0.6664592461770893,0,Other,0,19,2,3249,197,37230,65966,1875.3333333333333,0.6809375491514955,3,9427,0.250752,0.25908155696304624,917.4564312640047,0.9979326864187724,0,63.0
2044-02-15,39,86007,557,Self-Employed,Master,17,84389,36,Single,0,Own,505,0.1796075796452425,6,1,0.1267784999658158,0,Education,0,15,5,1107,4559,40956,16189,7167.25,0.9749008509384681,1,24767,0.29088899999999995,0.27765825735510197,3479.964136514869,0.5559962519118029,0,53.0
2044-02-16,26,65786,590,Employed,Bachelor,6,40927,12,Married,2,Rent,514,0.08641440479805461,3,2,0.4627487386832397,0,Auto,0,31,7,2502,888,156607,8126,5482.166666666667,0.951582482525765,4,148481,0.210927,0.2531124,3896.0581883773425,0.8044370878382652,0,52.0
2044-02-17,53,62224,626,Self-Employed,Master,33,32944,48,Married,1,Mortgage,167,0.20021603993450024,8,1,0.3834008799171969,0,Education,1,24,11,563,158,458185,22036,5185.333333333333,0.746379728837266,8,436149,0.21494400000000002,0.23697205865917792,1068.5276492721305,0.23827352454463818,0,54.0
2044-02-18,18,28896,578,Employed,High School,0,27603,36,Married,1,Mortgage,152,0.14034750768493484,5,0,0.2252743377112897,0,Debt Consolidation,0,21,17,1964,1858,17877,93318,2408.0,0.7488275939198247,4,2784,0.223603,0.24057012071738973,1083.7708848429925,0.5131938890543989,0,53.0
2044-02-19,36,64672,506,Unemployed,Associate,17,23179,60,Divorced,4,Rent,583,0.18505605996098828,3,0,0.13165708327484446,0,Education,0,21,18,1150,2896,34144,17139,5389.333333333333,0.7744079509995335,5,17005,0.275179,0.23898146907093915,665.4430553732402,0.23165074011131376,0,52.0
2044-02-20,33,41281,571,Employed,Bachelor,11,15717,48,Divorced,2,Mortgage,160,0.22136582893332726,0,3,0.34801130251600443,0,Home,0,15,25,759,572,184226,29721,3440.0833333333335,0.8691571252807175,7,154505,0.22521700000000003,0.2702604,539.0476038771138,0.20320659011471054,0,51.0
2044-02-21,53,94497,675,Unemployed,Master,32,13359,96,Widowed,1,Rent,261,0.11300866431727212,3,2,0.19890579456239943,0,Debt Consolidation,0,19,25,657,1779,268553,62114,7874.75,0.8319545808225776,2,206439,0.21085900000000002,0.24446077955105552,318.02978994837014,0.07352992665778216,1,32.800000000000004
2044-02-22,18,62158,564,Employed,Master,0,14279,60,Married,3,Mortgage,428,0.11619589821828641,4,0,0.14531865821157958,0,Other,0,20,14,8591,774,163650,20462,5179.833333333333,0.7428067434371228,4,143188,0.23727899999999996,0.2615835256313243,428.85959688069266,0.1654222330603995,0,45.0
2044-02-23,48,175696,613,Employed,Master,27,25166,60,Single,1,Mortgage,246,0.26587618631807347,2,1,0.786870252627246,0,Debt Consolidation,0,22,17,5089,328,103617,9176,14641.333333333334,0.4380101174035528,3,94441,0.22366599999999998,0.23906504511387228,722.6095552025473,0.0661558297424561,1,40.800000000000004
2044-02-24,20,30794,563,Employed,Doctorate,0,25844,24,Married,3,Rent,537,0.23314250829772531,5,0,0.049402137306739195,0,Auto,0,26,17,2339,797,17790,7842,2566.1666666666665,0.6967934356438611,5,9948,0.21934399999999998,0.20532957167630966,1322.0896165006284,0.7244617587194759,0,51.0
2044-02-25,18,50945,582,Employed,High School,0,21306,48,Married,2,Own,678,0.3554442797378015,1,0,0.3453129531620767,0,Auto,1,26,9,1765,1636,124661,12765,4245.416666666667,0.9049002079447647,5,111896,0.225306,0.2703672,730.863276608849,0.33185512453246024,0,57.0
2044-02-26,48,67846,628,Employed,Associate,27,11752,36,Married,3,Mortgage,291,0.3554500195130067,4,3,0.14525463698978847,0,Debt Consolidation,0,9,18,14523,1750,146194,27712,5653.833333333333,0.6548520807595959,3,118482,0.18275200000000003,0.17912424533433777,424.3468399520932,0.1265242177788686,1,34.4
2044-02-27,34,41085,601,Employed,Master,10,59251,48,Married,2,Rent,231,0.4169067287313441,5,0,0.4394517449933245,0,Home,0,21,15,4103,389,26230,41271,3423.75,0.5097552829294613,2,2631,0.253751,0.23492787702286755,1915.1147066533772,0.6268316047180365,0,55.0
2044-02-28,39,32978,474,Employed,Associate,14,21613,96,Single,3,Mortgage,279,0.17226053067915864,2,0,0.07258762707042438,0,Other,0,30,3,6564,3251,63345,20944,2748.1666666666665,0.8022711262459832,3,42401,0.319613,0.30214411579962114,599.2483080354718,0.3195760718183535,0,53.0
2044-02-29,35,71748,590,Employed,High School,14,50358,36,Single,4,Rent,332,0.48286490316062797,3,1,0.22398956198357614,0,Education,0,27,21,1447,495,30689,10461,5979.0,0.6720407401998895,5,20228,0.240358,0.2281738648350938,1944.5543922908198,0.38075838640087306,0,53.0
2044-03-01,35,50586,548,Employed,Associate,14,17681,108,Married,0,Other,293,0.19517355475325177,2,4,0.5475864623796365,0,Debt Consolidation,0,24,22,3133,2840,182271,13330,4215.5,0.9726651018178564,4,168941,0.28868099999999997,0.3026993267005573,478.46459236873494,0.183006664065647,0,53.0
2044-03-02,62,90424,592,Employed,Bachelor,39,13261,36,Divorced,1,Rent,778,0.20241478748636735,3,1,0.17675364630007426,0,Home,1,27,14,32043,553,32596,13504,7535.333333333333,0.8627123742874447,8,19092,0.202261,0.2000690661458409,492.87294702235783,0.16865517301013333,1,44.0
2044-03-03,40,86900,574,Employed,High School,17,21376,72,Single,0,Mortgage,640,0.27440471429984986,4,0,0.4098017258054244,0,Debt Consolidation,0,29,8,873,3808,43098,29196,7241.666666666667,0.9256232057027548,3,13902,0.24937600000000001,0.25099098871714215,577.109636334049,0.16807037555821158,0,56.0
2044-03-04,43,79099,605,Unemployed,High School,21,17079,72,Single,0,Mortgage,717,0.4923933906654987,5,2,0.28954628904180724,0,Debt Consolidation,0,27,9,1977,459,111960,16964,3456.75,0.8438314166541685,2,94996,0.229579,0.2542813486319857,464.55707423770843,0.3418115496456812,0,52.0
2044-03-05,41,79234,564,Employed,Master,19,21652,48,Married,2,Mortgage,369,0.3152510272009069,5,2,0.348518051194965,0,Debt Consolidation,0,24,9,7402,928,51642,53887,6602.833333333333,0.6996694921148999,2,9696,0.234652,0.2815824,756.5804509043384,0.1704693112912646,0,55.0
2044-03-06,35,28847,590,Employed,Master,10,63421,96,Single,2,Rent,433,0.718992425138188,5,1,0.2823247533253192,0,Other,0,27,10,5014,2036,9730,31988,2403.9166666666665,0.661827800215922,0,9351,0.303421,0.32056521671701144,1840.7166765654858,0.9458383928583849,0,56.0
2044-03-07,68,45062,617,Employed,Bachelor,44,64001,60,Married,2,Mortgage,167,0.2122980323291002,1,1,0.1832029319420005,0,Education,0,25,24,3877,1911,42940,17513,3755.1666666666665,0.5749793477608249,2,25427,0.26050100000000004,0.26666858409471395,1941.5679809946068,0.5615111573373415,0,48.0
2044-03-08,50,196326,631,Employed,Associate,29,22113,72,Married,0,Mortgage,445,0.1795366403191455,5,0,0.283500586832688,0,Education,0,25,17,4542,3147,199118,22811,16360.5,0.8387550334281476,2,176307,0.221613,0.2543811883047379,601.6204053983437,0.06397239726159615,1,33.6
2044-03-09,32,23504,604,Self-Employed,Associate,9,13376,24,Single,0,Rent,299,0.2088288174424621,3,0,0.5406414698912472,0,Education,0,23,20,4193,2439,77925,24202,1958.6666666666667,0.8978390026191376,6,53723,0.186376,0.2055085183484613,684.3871537349485,0.5020696836631799,0,58.0
2044-03-10,46,177515,632,Employed,Bachelor,24,31168,36,Single,3,Mortgage,524,0.1368959506223539,1,2,0.14576257672126242,0,Debt Consolidation,0,29,19,5347,423,169847,11974,14792.916666666666,0.8804498501723338,2,157873,0.200168,0.19218876371740504,1145.9469228987805,0.1128882802849639,1,32.0
2044-03-11,39,156573,601,Employed,Doctorate,14,17517,36,Single,0,Mortgage,260,0.09755961974771962,3,1,0.32460428985520373,0,Home,0,18,16,591,619,89943,9063,13047.75,0.8050632874975954,9,80880,0.202017,0.2361079922875247,683.6673452650608,0.0723241436466104,1,36.800000000000004
2044-03-12,46,19646,586,Employed,High School,21,46771,60,Single,1,Other,254,0.48054600628845956,4,0,0.3877771054396044,0,Debt Consolidation,0,29,11,5568,141,570118,48355,1637.1666666666667,0.89913420357789,4,521763,0.25877100000000003,0.27237067170618495,1434.8022935037038,1.031539627509134,0,49.0
2044-03-13,45,57448,555,Employed,High School,22,16342,24,Married,1,Mortgage,190,0.1693886392409937,1,3,0.13666713870959668,0,Home,1,20,6,1874,495,10273,34181,4787.333333333333,0.8523488458733474,4,8419,0.21384199999999998,0.2042353171832462,835.1243157285313,0.2141326380159862,0,57.0
2044-03-14,42,15000,589,Employed,Bachelor,18,13403,36,Married,2,Mortgage,351,0.38830194030989995,2,2,0.2958129976806902,0,Auto,0,21,25,1673,3589,74214,20312,1250.0,0.7780401860974911,9,53902,0.203903,0.18088527632014584,485.14598982750863,0.6689167918620069,0,52.0
2044-03-15,34,26559,603,Employed,High School,14,27854,24,Married,4,Mortgage,244,0.26737951417322375,5,1,0.2226362040251507,0,Home,0,27,12,3781,2522,21204,118909,2213.25,0.8299528831345269,7,5205,0.20135399999999998,0.20699812779619173,1427.1923183707127,0.7550851997608552,0,51.0
2044-03-16,40,38532,554,Employed,Associate,18,18014,36,Married,3,Own,444,0.22431813242616683,2,1,0.15220552242174518,0,Auto,0,17,8,11222,3428,80328,21243,3211.0,0.9267643326143211,5,59085,0.226014,0.1808112,651.982545378399,0.341321253621426,0,50.0
2044-03-17,37,56874,577,Employed,High School,12,27237,108,Married,3,Own,526,0.12918918104871382,1,1,0.705407890954261,1,Debt Consolidation,0,28,10,2018,675,44418,6926,4739.5,0.9628583999965417,5,37492,0.283737,0.32975472610384365,790.7813860031946,0.27783128726726336,0,69.0
2044-03-18,48,48648,509,Employed,Bachelor,26,20804,60,Married,0,Own,295,0.2520600746072772,3,1,0.03589133443150929,0,Debt Consolidation,0,24,19,1086,255,86411,1097,4054.0,0.6530438250934676,8,85314,0.271304,0.299894570045139,672.9453299396357,0.23876303155886425,0,49.0
2044-03-19,60,78073,626,Employed,Associate,38,27889,72,Single,1,Rent,252,0.16874967616253672,1,1,0.6214691699440741,0,Auto,0,26,27,6565,777,19265,11510,6506.083333333333,0.6588544587555291,11,7755,0.229889,0.25824050995786646,765.4144636356118,0.15637894744184727,0,54.0
2044-03-20,28,38069,620,Self-Employed,Bachelor,6,12342,24,Married,1,Mortgage,691,0.28767670553677727,3,1,0.26639756432526585,0,Debt Consolidation,1,18,14,2286,3596,22323,22161,3172.4166666666665,0.7478315332698808,7,1711,0.177342,0.19353385184141536,624.2642424198998,0.41459378783363887,0,59.0
2044-03-21,47,68913,533,Employed,Bachelor,24,48747,108,Single,5,Mortgage,385,0.048975510407788435,1,1,0.2138663921521333,0,Auto,0,20,29,3290,1256,38423,8567,5742.75,0.9211171573856053,6,29856,0.32724699999999995,0.3132931920023431,1356.542469342873,0.30325932163908803,0,51.0
2044-03-22,38,112052,490,Employed,High School,15,30981,24,Married,3,Own,288,0.3159694965927026,3,0,0.48859167613353943,0,Auto,1,37,28,11669,693,41804,17413,9337.666666666666,0.8878081175208965,7,24391,0.260981,0.2938382047234629,1722.4238148771058,0.21530258967733973,0,61.0
2044-03-23,34,99032,539,Employed,Bachelor,8,16560,48,Widowed,1,Other,163,0.27151158807202214,4,2,0.17855188473488254,0,Auto,0,22,10,12281,531,169306,18476,8252.666666666666,0.9614660090347168,1,150830,0.24206,0.25392267002043273,552.7113263203154,0.0867248557622161,1,36.0
2044-03-24,44,26326,603,Employed,Associate,24,25082,48,Married,3,Mortgage,310,0.05495135382053481,1,0,0.17946448681538224,0,Home,0,32,1,7285,3838,16697,58617,2193.8333333333335,0.41894958085224143,2,4305,0.218582,0.24455780083850912,824.0520082600344,0.5169271480331388,0,52.0
2044-03-25,54,121130,515,Employed,Bachelor,36,14701,60,Widowed,1,Mortgage,420,0.5106497952125114,2,1,0.219248710677095,0,Home,1,29,21,25993,741,45199,13204,10094.166666666666,0.8040076791454634,5,31995,0.262201,0.22510698456399592,410.3057962854535,0.0822560022738004,1,45.6
2044-03-26,66,128480,628,Employed,Associate,44,14604,60,Married,0,Other,372,0.34584029768728164,1,1,0.12122548846162444,0,Auto,1,19,16,1290,2059,137129,23015,10706.666666666666,0.7633443242885138,9,114114,0.205604,0.21689150731070525,400.76974221202187,0.0721765014519323,1,37.6
2044-03-27,25,18551,412,Unemployed,High School,3,32364,36,Divorced,0,Mortgage,251,0.13412904697552525,1,1,0.10091642651733372,0,Debt Consolidation,0,35,11,2287,698,262983,20507,1545.9166666666667,0.7320727714653346,4,242476,0.311364,0.2920082442936868,1359.7747300372444,1.0419544369816685,0,50.0
2044-03-28,52,84772,549,Employed,Bachelor,29,20845,36,Married,5,Rent,165,0.3639388458922679,3,2,0.14561139070241114,0,Home,0,33,26,786,1631,66569,13744,7064.333333333333,0.8191280607298606,8,52825,0.231345,0.23637142582189186,813.8426923760154,0.13856122668466223,1,37.6
2044-03-29,40,37677,541,Employed,Bachelor,16,15394,60,Married,0,Rent,848,0.03707846789840513,4,0,0.3425032303603325,0,Debt Consolidation,1,18,3,710,1289,50531,43647,3139.75,0.744334110142079,5,6884,0.249894,0.24610414631839647,448.32505642502605,0.41287524689068433,0,63.0
2044-03-30,34,25834,537,Employed,High School,10,14232,84,Married,3,Other,193,0.1879576575520089,2,2,0.09696365432932458,0,Education,0,25,14,636,1149,49746,51356,2152.8333333333335,0.8883041404604403,2,4768,0.270732,0.2813656321977849,389.25699511371573,0.27046078583899463,0,51.0
2044-03-31,57,75493,627,Employed,High School,36,15208,12,Married,2,Rent,264,0.18095110132147854,4,1,0.03241951082247684,0,Home,0,17,29,2323,1577,117994,47410,6291.083333333333,0.7814277121321189,5,70584,0.16670800000000002,0.16779700817699444,1385.452417132448,0.26218893149814393,1,35.2
2044-04-01,21,33055,598,Employed,High School,0,23314,48,Single,1,Rent,273,0.3808653492824985,3,2,0.6506920384853495,0,Home,0,26,22,6512,1417,50558,15904,2754.5833333333335,0.5573579032549542,4,34654,0.219314,0.19475554484340557,702.955364602362,0.3543023559288562,0,59.0
2044-04-02,45,65311,520,Employed,Bachelor,21,17520,84,Divorced,0,Mortgage,212,0.44023113904327055,3,0,0.6613972849054804,0,Auto,0,34,29,3878,2050,110011,119249,5442.583333333333,0.9239872656751208,4,1848,0.28252,0.26889989655960983,464.8480983073342,0.12436154981072119,1,47.2
2044-04-03,41,89378,604,Employed,Bachelor,15,23644,36,Single,2,Own,387,0.48886641711128676,6,1,0.47593690536499694,0,Home,0,17,16,2501,1204,37200,32978,7448.166666666667,0.7720995648003656,5,4222,0.206644,0.24364408728704656,932.1515160456964,0.1771109019283085,0,53.0
2044-04-04,30,15000,597,Employed,Doctorate,8,17756,120,Married,2,Mortgage,423,0.2050054146140239,4,1,0.20942754515787554,0,Home,1,28,9,17453,754,22863,27100,1250.0,0.8577182751842634,3,10512,0.274256,0.2767227595227166,437.8483615209904,0.6886786892167924,0,61.0
2044-04-05,38,28444,500,Employed,High School,18,22513,36,Single,2,Mortgage,472,0.0489263263708884,3,0,0.33573807530995536,0,Debt Consolidation,0,25,11,6003,540,133558,27079,2370.3333333333335,0.8854848549154377,6,106479,0.257513,0.22744482123508086,868.4765944043942,0.5655223995518468,0,51.0
2044-04-06,52,45249,580,Self-Employed,Associate,30,16812,48,Married,1,Own,119,0.1889171414837112,0,1,0.04819864087939478,0,Debt Consolidation,0,26,13,1726,2012,47797,12240,3770.75,0.6029040387102391,2,35557,0.221812,0.1855376651818039,498.73062398496444,0.16382168639792202,1,42.400000000000006
2044-04-07,55,43991,619,Employed,Bachelor,32,11814,36,Single,1,Mortgage,276,0.031464260211042545,1,3,0.0883283020249394,0,Education,0,24,10,2508,2497,14180,32545,3665.9166666666665,0.6884932311562324,6,10704,0.187314,0.14985120000000002,409.45010994592997,0.18697918481851197,1,37.6
2044-04-08,40,69349,585,Employed,Master,19,45545,72,Single,2,Own,119,0.2498987116798794,1,2,0.15676378467815227,0,Auto,0,19,8,4712,2549,316295,38693,5779.083333333333,0.7932516815658711,2,277602,0.268045,0.25275594944125424,1234.5671187626695,0.23421830776438066,1,36.0
2044-04-09,48,25775,586,Employed,Bachelor,28,27836,108,Married,3,Own,319,0.3885257638136495,3,3,0.23469218084297286,0,Auto,0,23,28,3627,631,366653,10147,2147.9166666666665,0.8079169812448007,6,356506,0.279836,0.24933460818662462,648.7631790415121,0.4505589970319358,0,48.0
2044-04-10,40,317044,543,Self-Employed,Master,16,19610,12,Married,1,Own,1252,0.6556667081825057,2,2,0.12853995298359952,0,Home,1,13,18,960,138,141476,3604,15330.166666666666,0.8930904668599591,7,137872,0.21311,0.20744936862979046,1823.5614127327442,0.20062152484096135,1,44.0
2044-04-11,59,40019,661,Employed,Master,35,17271,36,Divorced,1,Rent,713,0.09195790693980785,3,3,0.526266200510978,0,Auto,0,21,24,1306,4235,85040,42619,3334.9166666666665,0.9385689407429427,3,42421,0.171771,0.18704009491462534,630.504465496559,0.4028599811579177,0,52.0
2044-04-12,27,96493,576,Employed,High School,4,8524,120,Married,1,Mortgage,525,0.1887927958095578,6,2,0.22068771669849055,0,Debt Consolidation,0,23,15,5659,2677,129917,30189,8041.083333333333,0.6541784251625956,4,99728,0.275524,0.26874739695493954,205.291304945102,0.09082001450199728,1,38.400000000000006
2044-04-13,44,44720,590,Employed,High School,23,8473,36,Divorced,1,Rent,298,0.20489370664741358,2,0,0.4575272985941768,0,Debt Consolidation,0,25,11,13576,643,72542,142198,3726.6666666666665,0.8597136010058694,7,1621,0.198473,0.21012249427840213,319.2741374517196,0.1656370672947369,0,57.0
2044-04-14,22,30940,559,Employed,Associate,0,10385,96,Divorced,1,Rent,477,0.4757697154008842,5,0,0.6488732116152406,0,Home,0,23,3,5793,1194,302948,22408,2578.3333333333335,0.7078207026095698,5,280540,0.265885,0.23773609278726893,242.64408761563695,0.27911212189358897,0,57.0
2044-04-15,55,40247,425,Employed,Associate,34,25406,36,Married,0,Mortgage,299,0.19452048919028544,3,3,0.3396155413762614,0,Education,0,13,11,1166,11258,12424,12557,3353.9166666666665,0.8619979262140909,5,1052,0.297906,0.3059673079091584,1086.845242242188,0.4132020500138211,0,54.0
2044-04-16,37,64991,627,Employed,Bachelor,17,26713,60,Married,1,Mortgage,1220,0.2327524135507017,3,1,0.2443626203114296,0,Other,0,27,20,5081,649,64013,2667,5415.916666666667,0.8474097163977624,10,61346,0.218213,0.2560931602267623,793.6329526022821,0.37179910189452975,0,47.0
2044-04-17,38,262854,565,Employed,Bachelor,18,30643,48,Married,3,Rent,272,0.3014968109772375,5,3,0.34877927777207346,0,Other,0,24,14,22572,2112,70399,22352,21904.5,0.7573483481552236,4,48047,0.243143,0.23542907151127396,991.2904480456982,0.05767264480110015,1,41.6
2044-04-18,24,74696,593,Employed,Master,3,12007,108,Single,1,Rent,374,0.1035694553255795,2,3,0.6141991722751785,0,Debt Consolidation,1,18,14,29679,1459,73406,81923,6224.666666666667,0.9010832992137817,8,2215,0.260507,0.31260839999999995,333.5355659406505,0.11366641843322006,0,63.0
2044-04-19,44,118811,638,Employed,Doctorate,23,22180,24,Single,0,Rent,545,0.14270463639838316,2,3,0.11683051403064693,0,Education,0,22,1,519,1932,21004,9505,9900.916666666666,0.8052640998373829,5,11499,0.17818,0.142544,1067.5933295753994,0.16287313426286112,1,39.2
2044-04-20,18,37561,551,Employed,Master,0,25875,24,Single,0,Other,891,0.16836038679527937,4,0,0.25759249043857313,0,Home,0,31,9,22678,866,69466,72901,3130.0833333333335,0.7957664983860391,4,3606,0.225375,0.2216352282594502,1344.4376327195057,0.7141783124153795,0,53.0
2044-04-21,39,15000,578,Employed,Associate,14,22596,24,Married,1,Mortgage,906,0.6151916481880546,2,0,0.1537699749694937,0,Auto,0,23,25,3954,1348,14705,44041,1250.0,0.6960957536780665,3,10917,0.208596,0.19829110378457118,1148.1560607207314,1.643324848576585,0,54.0
2044-04-22,51,69447,565,Employed,Associate,30,41319,48,Single,3,Rent,212,0.3984804409216062,8,1,0.26341559996695874,0,Education,0,23,19,4248,28,229818,138810,5787.25,0.8665656477035335,7,91008,0.25381899999999996,0.26710141643908414,1409.7239572962806,0.2802235875927739,0,50.0
2044-04-23,38,90158,544,Unemployed,Bachelor,14,24139,24,Married,0,Mortgage,458,0.13376595051507137,0,2,0.2283703426648186,0,Debt Consolidation,0,25,20,6766,824,38680,223594,7513.166666666667,0.854427907768886,3,7786,0.22713899999999998,0.23255378883420763,1267.3018623070523,0.22963710760758477,1,42.400000000000006
2044-04-24,18,46117,413,Employed,High School,0,38628,48,Married,1,Mortgage,1050,0.10469075653799,7,0,0.20740615037906293,0,Education,0,24,10,6145,1041,61067,14630,3843.0833333333335,0.8795662832875383,4,46437,0.327128,0.34247111118250406,1487.8566176186446,0.6603699158970388,0,52.0
2044-04-25,44,19681,581,Employed,Bachelor,22,26127,120,Single,2,Mortgage,433,0.32423475043633004,3,1,0.11954627200251951,0,Education,0,19,24,11838,640,91710,15518,1640.0833333333333,0.7060058960419454,5,76192,0.290627,0.3209724427367562,729.5564641816816,0.708839874507402,0,50.0
2044-04-26,26,21704,507,Employed,High School,2,12797,48,Married,3,Own,616,0.1582429651875155,4,1,0.30158145382560747,0,Other,1,19,6,436,6490,19001,9691,1808.6666666666667,0.9179999521391627,5,9310,0.254297,0.21608563879094145,400.46872208297066,0.5619989248523612,0,63.0
2044-04-27,18,54448,552,Employed,Associate,0,17878,36,Married,1,Rent,330,0.18896569460096888,3,1,0.40738881387165315,0,Debt Consolidation,1,27,10,4216,6046,32316,17999,4537.333333333333,0.8375211868449782,1,14317,0.226878,0.2645612858441753,724.6667515738261,0.23244198168685562,0,61.0
2044-04-28,52,92443,600,Employed,High School,30,24890,24,Married,0,Rent,636,0.5313942970816914,3,0,0.2903763427603628,0,Auto,0,19,17,6245,1026,189236,3570,7703.583333333333,0.8865071365090786,6,185666,0.19988999999999998,0.18477539220043893,1248.361520178554,0.2446084424147058,1,36.0
2044-04-29,37,171682,589,Employed,Doctorate,10,33465,36,Divorced,1,Mortgage,503,0.3632846874334195,3,0,0.4217846732340995,0,Auto,0,26,21,9066,5899,22525,145882,14306.833333333334,0.9458727741331519,5,3461,0.223965,0.25384935781096113,1337.3851047642536,0.12863678928001213,1,43.2
2044-04-30,50,15231,586,Employed,High School,31,15108,12,Married,0,Rent,617,0.4784949431655317,4,2,0.24786193378993035,0,Home,0,29,15,3699,355,4054,3762,1269.25,0.8982450991846328,10,3225,0.18710800000000002,0.18726345374308734,1390.3291849344916,1.581508122855617,0,55.0
2044-05-01,37,18355,570,Self-Employed,Master,17,25752,48,Married,0,Mortgage,429,0.44419035734950496,2,1,0.3740961141056298,0,Home,1,16,28,1695,2427,212672,35676,1529.5833333333333,0.953100186301511,6,176996,0.23575200000000002,0.22473930124126595,817.9848322061376,0.8152447827008255,0,62.0
2044-05-02,46,53956,631,Unemployed,Associate,23,35231,36,Married,0,Mortgage,1036,0.3302306118399947,4,1,0.4668425360012341,0,Education,0,25,1,24516,1602,26118,8350,4496.333333333333,0.9523996092444792,6,17768,0.20473100000000002,0.21310119319060214,1332.9466332898521,0.5268618800407411,0,60.0
2044-05-03,18,17477,531,Employed,High School,0,63219,60,Single,1,Rent,489,0.624963577670821,2,0,0.3490902259882754,0,Home,0,32,9,1000,4930,120772,27760,1456.4166666666667,0.9362025472059681,3,93012,0.302719,0.3312677548805294,2168.4075226507957,1.8246203737374576,0,57.0
2044-05-04,38,46985,632,Employed,Associate,14,18815,60,Single,1,Own,594,0.7138217747159036,2,1,0.14374107595461907,0,Home,0,22,6,904,781,11320,83780,3915.4166666666665,0.7408236141115162,5,2879,0.20781500000000003,0.1862847712098466,484.2332612403094,0.275381486322948,0,52.0
2044-05-05,42,61147,608,Employed,Associate,23,22722,60,Married,4,Other,395,0.4182880963530897,5,1,0.16988061235276944,0,Debt Consolidation,0,23,6,7771,272,11755,19184,5095.583333333333,0.7891175215058289,3,3910,0.22372199999999998,0.24393376876213207,658.8641481248493,0.20681913712035244,0,50.0
2044-05-06,46,24170,587,Employed,Bachelor,25,21290,24,Married,0,Rent,416,0.4976655726334507,3,2,0.21260246393415694,1,Education,0,18,7,1641,2450,19743,3560,2014.1666666666667,0.9205072619987607,6,16183,0.20279,0.21430943262745109,1098.5122005917674,0.7519299299586764,0,68.0
2044-05-07,25,31964,490,Employed,Master,0,22574,108,Married,1,Rent,395,0.2835185295013324,1,2,0.6806169193977148,0,Debt Consolidation,0,21,17,581,486,20381,11195,2663.6666666666665,0.7575818756150373,4,9186,0.322574,0.33031874090912283,656.3369794825805,0.3946953996305521,0,59.0
2044-05-08,65,55097,650,Self-Employed,Bachelor,39,54753,60,Married,2,Own,240,0.40870827173791124,3,2,0.4661380095623134,0,Debt Consolidation,0,19,13,1191,1168,63326,18413,4591.416666666667,0.9113513572743783,7,44913,0.234753,0.25808689285357206,1633.13498389893,0.4079644954677597,0,54.0
2044-05-09,45,52198,634,Unemployed,Master,25,16127,12,Married,2,Rent,224,0.27212816384561334,3,1,0.32865046361365086,0,Debt Consolidation,0,26,3,2952,927,30432,7343,4349.833333333333,0.9120346318943783,5,23089,0.16412700000000002,0.14642058472431663,1452.873315818355,0.3855028888045569,0,57.0
2044-05-10,51,17949,551,Unemployed,Bachelor,26,10766,60,Married,5,Mortgage,279,0.006402923575411372,1,3,0.3846707403217135,0,Home,0,23,13,2504,647,129414,72676,1495.75,0.7854052078737594,6,56738,0.24026599999999998,0.2548135095539094,319.04170488028944,0.3998273139764596,0,56.0
2044-05-11,33,97016,527,Employed,Doctorate,9,33846,48,Single,3,Rent,492,0.1217028768252821,2,0,0.4657968235468872,0,Debt Consolidation,0,19,8,2097,595,147829,85337,8084.666666666667,0.8865814594927014,5,62492,0.26534599999999997,0.25933036227654493,1139.9212118563792,0.2018538647468103,0,53.0
2044-05-12,46,101178,569,Employed,Bachelor,28,33010,48,Married,1,Other,837,0.285996293613461,2,2,0.1543823485498799,0,Auto,0,30,10,761,2559,154250,42194,8431.5,0.9629224086098912,7,112056,0.24351000000000003,0.27486337982260306,1140.7878316115462,0.2345712899972183,0,45.0
2044-05-13,44,31429,596,Employed,Associate,20,17088,48,Divorced,0,Mortgage,351,0.02386671422019772,1,1,0.530178074556472,1,Auto,0,25,9,5722,694,20019,8152,2619.0833333333335,0.9163609556606009,5,11867,0.214088,0.22498102890655888,543.0073612417895,0.3413436105158126,0,71.0
2044-05-14,37,39184,569,Employed,High School,15,9368,24,Single,3,Rent,371,0.5154356954717001,2,1,0.3026601722569887,0,Home,0,26,26,4703,1037,45345,18933,3265.3333333333335,0.6668363746637362,2,26412,0.199868,0.18237362353763015,468.7640927623304,0.25717561027837804,1,44.800000000000004
2044-05-15,33,43518,573,Employed,Bachelor,10,13534,36,Married,2,Other,451,0.35078245355386284,2,2,0.18631840818551615,0,Home,0,21,14,1327,3051,28114,33802,3626.5,0.8264786743616618,7,2590,0.212034,0.23128174732710885,524.8019406061441,0.2690754006910641,0,51.0
2044-05-16,31,36385,549,Employed,High School,11,28634,72,Married,2,Rent,741,0.19274182917617533,5,0,0.5785444336556683,0,Home,0,26,25,10193,1005,237427,35614,3032.0833333333335,0.9245194869531924,3,201813,0.269134,0.24060187529184698,754.8890151190125,0.4933535297905222,0,54.0
2044-05-17,24,38954,440,Employed,Bachelor,2,42777,120,Widowed,3,Rent,566,0.09523363612353357,2,1,0.18159293101937837,0,Home,0,24,21,5520,773,1219599,23948,3246.1666666666665,0.8634138002460033,6,1195651,0.37777700000000003,0.36328427113323436,1332.192865040225,0.5847490470935642,1,33.6
2044-05-18,40,45090,552,Employed,Doctorate,17,14644,84,Single,2,Mortgage,438,0.16180855966432653,3,3,0.5038715481752928,0,Home,1,30,29,14425,1971,241872,11560,3757.5,0.9159773274787666,2,230312,0.263644,0.2856860355873991,404.71403479367626,0.22427519222719264,1,48.0
2044-05-19,50,81847,616,Employed,High School,27,13855,48,Divorced,1,Mortgage,401,0.061661547531100334,4,0,0.36771013277877435,0,Other,0,29,13,1283,193,147928,57618,6820.583333333333,0.7233865435875729,5,90310,0.20085500000000003,0.18028829095703042,407.1993674562581,0.11849417094670663,1,37.6
2044-05-20,37,15283,541,Unemployed,High School,12,38061,24,Divorced,5,Mortgage,951,0.09418824941617249,4,0,0.36093071865821796,0,Home,0,21,22,1816,188,28846,26537,1273.5833333333333,0.8801780316243651,8,2309,0.242561,0.20784975585001833,1951.7717815687895,2.279216212708596,0,58.0
2044-05-21,32,102443,617,Employed,Bachelor,11,12358,72,Married,1,Mortgage,393,0.11515858196075712,3,0,0.09228881909772145,0,Other,0,42,20,15596,1154,68242,10652,8536.916666666666,0.8362673396254009,7,57590,0.21885800000000002,0.24754640709504044,331.03147052781,0.08481182361248421,1,34.4
2044-05-22,45,70732,533,Unemployed,High School,23,19088,48,Married,0,Other,474,0.30470608803770666,3,0,0.3093218695861154,0,Home,0,25,6,15292,2427,71830,6370,5894.333333333333,0.7094489220939963,5,65460,0.247588,0.23890264360424684,621.1464158685857,0.18579648518949032,0,57.0
2044-05-23,47,24407,522,Employed,Bachelor,21,16659,12,Married,1,Mortgage,702,0.2015498053084514,1,5,0.2482711935978288,1,Debt Consolidation,0,20,12,5637,489,52821,9363,2033.9166666666667,0.9388915444757161,5,43458,0.22065900000000002,0.20629805600070916,1548.2240789500613,1.1063501842668386,0,66.0
2044-05-24,38,15000,617,Employed,Associate,14,14979,60,Single,1,Mortgage,1333,0.2052297609328972,3,0,0.1142309179247219,0,Debt Consolidation,0,26,12,2041,676,22826,54493,1250.0,0.9267113002911123,5,8229,0.21147900000000003,0.2164168967093238,410.65789230930153,1.3949263138474413,0,49.0
2044-05-25,43,21197,615,Employed,High School,15,64982,60,Married,2,Own,627,0.14215951370883276,3,0,0.20677887481418666,0,Debt Consolidation,0,23,14,1442,829,78924,2931,1766.4166666666667,0.8987494163619587,7,75993,0.262482,0.2099856,1757.9287894930058,1.350150751234423,0,48.0
2044-05-26,46,27152,504,Employed,High School,27,13371,48,Single,1,Rent,501,0.14678263232265665,1,3,0.40633534519817033,0,Home,0,27,6,1610,643,109747,61993,2262.6666666666665,0.8186604378771519,7,47754,0.25637099999999996,0.21322208356013392,416.3630622125638,0.4054344706301844,0,59.0
2044-05-27,18,33754,616,Self-Employed,Master,0,26440,48,Married,1,Rent,280,0.23516823412042448,2,1,0.19752140346400068,0,Home,0,24,22,4846,421,92342,6720,2812.8333333333335,0.6974935311029223,3,85622,0.21344000000000002,0.1765909002719831,771.9728937916512,0.37399048188362305,0,49.0
2044-05-28,30,32656,578,Self-Employed,Bachelor,7,15717,60,Married,5,Other,404,0.34659625054563525,2,0,0.11662370842414037,0,Debt Consolidation,0,22,21,6076,309,51105,58562,2721.3333333333335,0.7937406354850558,4,10431,0.231717,0.23448692563031054,447.1307145295618,0.31276238897460623,0,54.0
2044-05-29,49,20884,573,Employed,High School,26,33732,48,Married,2,Mortgage,489,0.4366954541370088,3,2,0.2157542186780088,0,Auto,0,27,1,21279,974,90703,2590,1740.3333333333333,0.8147144127489788,7,88113,0.24223200000000003,0.20574482065442196,1036.8299901088442,0.8767458284479089,0,57.0
2044-05-30,37,68017,548,Employed,Master,16,16377,36,Married,2,Mortgage,417,0.4737523792450515,3,2,0.3453231058232097,0,Debt Consolidation,1,31,11,2751,2359,124496,17470,5668.083333333333,0.9320644436920621,9,107026,0.227377,0.22729577229299075,631.6431648765807,0.18500842404867854,1,45.6
2044-05-31,52,34530,471,Employed,Associate,28,46895,36,Married,1,Own,524,0.5066405625508718,5,0,0.2528859248332522,0,Home,0,23,28,1073,1137,1818678,12362,2877.5,0.9454726409499454,8,1806316,0.29639499999999996,0.35567399999999993,2136.4304877525547,0.9245631582111398,1,36.800000000000004
2044-06-01,41,50938,575,Employed,High School,15,19374,12,Single,4,Mortgage,511,0.39547151753105636,1,0,0.3402499001747939,0,Debt Consolidation,0,16,3,5053,1154,23742,14839,4244.833333333333,0.8066857211090845,5,8903,0.19687400000000002,0.18488732183294745,1780.7175728891616,0.5398839937702686,0,57.0
2044-06-02,43,73740,582,Employed,High School,20,28567,36,Divorced,1,Mortgage,349,0.1747485679626611,1,1,0.4471297467777768,0,Home,0,27,7,19541,2018,64035,11962,6145.0,0.556338275301082,5,52073,0.22256700000000001,0.21764539031325095,1087.5099737583214,0.23376891354895385,0,54.0
2044-06-03,29,51065,573,Employed,Bachelor,6,13825,84,Married,0,Own,159,0.06413332790497317,2,2,0.15313387462829198,0,Home,0,25,5,4610,354,41773,6270,4255.416666666667,0.6717116125841011,5,35503,0.252325,0.25269287425919823,352.31720298691425,0.1201567891088411,0,51.0
2044-06-04,43,185206,627,Employed,Bachelor,19,30958,48,Divorced,2,Mortgage,609,0.5364687570857447,2,0,0.2971820750669485,0,Debt Consolidation,0,28,12,7684,399,8083,37595,15433.833333333334,0.8262802783103353,2,3950,0.212458,0.18759707808120052,921.7269946410108,0.09917996142507332,1,38.400000000000006
2044-06-05,59,42316,628,Employed,High School,41,21682,60,Married,2,Mortgage,270,0.3238960433433084,4,0,0.2611742575572329,0,Debt Consolidation,0,28,9,4393,1918,95663,19284,3526.3333333333335,0.9441628612098757,6,76379,0.21268200000000004,0.22436100715018134,604.2217235995236,0.24791238971533894,0,49.0
2044-06-06,37,39322,564,Employed,High School,17,29914,96,Single,2,Mortgage,281,0.2939212232388138,1,0,0.21930185378296607,0,Home,0,24,4,2255,2293,45877,64240,3276.8333333333335,0.7134268746029047,9,4895,0.282914,0.25575122952263984,734.548395890535,0.3099176224679929,0,56.0
2044-06-07,62,120553,587,Employed,Bachelor,41,18538,36,Single,0,Mortgage,352,0.3269627163144861,2,4,0.413190025764768,0,Home,1,26,23,5131,1173,15248,32562,10046.083333333334,0.8750451196833138,2,5231,0.210038,0.23345879256415009,720.9470058523355,0.1068025189769481,1,48.0
2044-06-08,53,31890,575,Employed,High School,29,27581,36,Single,1,Rent,457,0.32461763428684365,4,1,0.45544546017641785,0,Debt Consolidation,0,33,1,2361,3317,338873,55358,2657.5,0.8265449852048872,7,283515,0.225081,0.2533639482933923,1101.5287921503616,0.5864642679775585,0,55.0
2044-06-09,27,62911,569,Employed,High School,3,33151,36,Single,0,Mortgage,236,0.20889073862050017,4,0,0.5847650583270744,0,Education,0,22,9,922,3306,23880,99339,5242.583333333333,0.8132654752925351,3,9935,0.23365100000000003,0.24078855281116096,1301.9812568230066,0.2933632446134393,0,59.0
2044-06-10,36,107581,453,Employed,Bachelor,17,11467,60,Married,2,Own,218,0.3940266212082577,1,0,0.025295009593430864,1,Debt Consolidation,0,21,1,6186,4334,333200,46414,8965.083333333334,0.6773783044369299,7,286786,0.28996700000000003,0.31416358804142547,381.034066935598,0.06681857208268352,1,47.2
2044-06-11,44,216417,628,Employed,Bachelor,21,19855,60,Single,2,Mortgage,583,0.20518129000858962,4,1,0.5419272564716061,0,Auto,0,24,2,8734,202,182001,40671,18034.75,0.6208350289332385,6,141330,0.21085500000000001,0.24554379676598567,577.594814920529,0.0643532521892751,1,42.400000000000006
2044-06-12,26,37286,586,Self-Employed,Bachelor,4,18529,48,Married,0,Rent,580,0.3884499359418846,5,2,0.328259337608107,0,Education,0,30,5,8843,779,93275,34318,3107.1666666666665,0.8651613448805574,9,58957,0.220529,0.21983159929657642,583.6067300612998,0.37449125035497505,0,58.0
2044-06-13,30,41654,475,Employed,High School,7,17772,36,Married,0,Mortgage,366,0.1444653448889287,4,0,0.3450023158349199,0,Home,0,23,2,2748,1559,102790,9233,3471.1666666666665,0.9384998317212216,5,93557,0.265272,0.25260461823946545,709.0621103776723,0.30971204024900534,0,56.0
2044-06-14,40,27419,538,Employed,High School,17,8099,48,Single,1,Other,521,0.4111034227355096,1,1,0.46781860039860085,0,Education,0,29,18,5127,124,201847,31703,2284.9166666666665,0.8120089349643941,7,170144,0.234099,0.22229034405076564,256.17583098756705,0.3401331183431491,0,55.0
2044-06-15,50,21810,551,Self-Employed,Bachelor,27,13128,72,Divorced,0,Mortgage,511,0.10096392892171446,2,1,0.09553326400414161,0,Education,0,32,10,5184,1908,61889,15427,1817.5,0.8127771479862381,4,46462,0.25262799999999996,0.21714476891553428,327.63454710319377,0.46142203416957017,0,54.0
2044-06-16,47,35052,653,Employed,Master,25,14400,108,Married,2,Rent,307,0.6685788986189928,2,1,0.05941757800602532,0,Auto,0,30,22,5133,3917,61212,7245,2921.0,0.6859187050447549,8,53967,0.2329,0.22628010120345185,313.1831606132209,0.21231878144923688,0,45.0
2044-06-17,38,43347,494,Employed,Associate,17,21656,36,Married,0,Mortgage,684,0.41844516506839763,4,0,0.4102018366186715,0,Auto,0,27,29,2864,934,114212,63903,3612.25,0.8850955680995998,7,50309,0.259656,0.2622901525074677,875.1777813454165,0.4316361772705146,0,56.0
2044-06-18,49,58506,624,Employed,Bachelor,28,23316,60,Married,3,Own,272,0.26532176363010984,0,1,0.06448395943791034,0,Debt Consolidation,0,22,2,649,477,57128,42856,4875.5,0.9369979809619053,2,14272,0.216316,0.21548622141773274,637.9930577361444,0.18664609942285804,0,51.0
2044-06-19,39,40690,566,Employed,Master,14,22627,24,Single,3,Mortgage,1543,0.16597783247463385,1,1,0.6382420355414715,0,Debt Consolidation,0,21,26,4854,2022,15762,4044,3390.8333333333335,0.8538461848615045,6,11718,0.21462699999999998,0.2392386348789056,1195.4546555844236,0.8076052068570431,0,58.0
2044-06-20,49,76304,562,Employed,High School,25,14986,24,Married,1,Mortgage,439,0.223114195795743,6,2,0.34563270720147676,0,Auto,0,24,27,3418,774,45591,44121,6358.666666666667,0.8674755255696156,5,1470,0.20898599999999998,0.23185459587723908,786.2468894589005,0.1926892780654593,1,43.2
2044-06-21,60,116125,646,Employed,Bachelor,41,30128,36,Divorced,1,Own,319,0.4730776618952419,4,1,0.2786199751220146,0,Auto,0,16,26,6768,477,137631,7478,9677.083333333334,0.7486014053374027,6,130153,0.192128,0.20362759444350537,1125.2409352046257,0.1492434120340625,1,36.0
2044-06-22,30,127276,584,Employed,Bachelor,7,29931,48,Married,1,Mortgage,669,0.22631350811104625,4,2,0.420804100221777,1,Education,0,32,21,12633,669,361744,6032,10606.333333333334,0.5165604651937225,3,355712,0.23293100000000003,0.2186515750399386,940.8186715745427,0.15177900043130294,1,48.0
2044-06-23,33,26172,527,Employed,Bachelor,11,38904,72,Married,0,Rent,202,0.13670731464158412,3,0,0.054006186426660274,1,Debt Consolidation,0,32,14,4438,930,356879,13046,2181.0,0.9824721267254323,5,343833,0.290404,0.30774979811394726,1189.8997333702605,0.6381933669739847,0,57.0
2044-06-24,40,53170,575,Employed,Bachelor,19,14518,36,Single,3,Mortgage,841,0.19442629643841786,4,3,0.5253358553175613,1,Home,1,16,22,4885,645,63561,17587,4430.833333333333,0.6615512585627925,4,45974,0.212018,0.2388393648673337,568.6982057998272,0.31815645043441654,0,75.0
2044-06-25,52,109764,548,Employed,Doctorate,31,19566,36,Divorced,3,Rent,398,0.6552856993231319,2,0,0.42558337338880825,0,Home,0,26,29,983,967,10014,30711,9147.0,0.7271647628950274,5,6104,0.230566,0.23377957139567881,761.2541603030189,0.1267359965347129,1,45.6
2044-06-26,43,88915,646,Employed,Bachelor,25,57049,36,Single,3,Mortgage,259,0.4793676263906866,1,0,0.25560027575363714,0,Other,0,25,22,1549,424,161928,99601,3894.5833333333335,0.5715405546787673,3,62327,0.21904900000000002,0.2173140380917745,2170.808028896233,0.6238942194662415,0,47.0
2044-06-27,38,70391,599,Employed,Master,17,13258,60,Divorced,0,Own,241,0.07498638726914393,4,1,0.12309016489537475,0,Debt Consolidation,0,28,3,4357,1072,14273,43427,5865.916666666667,0.9024281632596113,6,2766,0.218758,0.2204052562026676,366.47708594979804,0.10356046982423288,1,41.6
2044-06-28,32,27546,545,Employed,Bachelor,9,16835,48,Married,0,Rent,348,0.24073415495956263,4,1,0.2637638320000238,0,Home,0,28,7,5220,174,27386,6322,2295.5,0.7633888628433253,5,21064,0.239335,0.2626808103200934,570.1729156276223,0.3999882011011206,0,55.0
2044-06-29,43,48368,640,Employed,Bachelor,19,38762,84,Married,2,Own,644,0.10110037537644213,4,0,0.72774454480446,0,Auto,0,18,29,4946,4007,153070,13134,4030.6666666666665,0.8120273892750568,2,139936,0.243762,0.22551882312569246,921.2905397593694,0.38834532081360473,0,51.0
2044-06-30,43,36275,551,Employed,Associate,22,21304,36,Married,1,Own,178,0.51368245726428,2,0,0.1672225146243056,0,Education,0,27,3,4641,5246,28139,21503,3022.9166666666665,0.6531967598201105,3,6636,0.23080399999999998,0.21863708829886896,812.1080897951895,0.32753403383989727,0,55.0
2044-07-01,43,62035,566,Unemployed,Bachelor,21,19406,36,Divorced,0,Rent,367,0.2266725994485373,3,2,0.07888998924099937,0,Home,0,37,26,3231,979,527135,48021,5169.583333333333,0.6343905000944073,4,479114,0.221406,0.20656796696652027,727.7072166834454,0.21175927460629237,1,37.6
2044-07-02,57,51974,614,Employed,High School,36,27048,48,Married,4,Rent,369,0.31032870674534996,1,0,0.5628309858733969,0,Debt Consolidation,0,27,14,6271,1249,26726,89262,4331.166666666667,0.9542129448387378,5,9189,0.215048,0.2084282363633692,835.2751798993713,0.27804868124047516,0,55.0
2044-07-03,23,53362,469,Employed,High School,2,44309,36,Single,2,Other,376,0.43784622158027187,3,0,0.18709393234441873,0,Education,0,29,26,11154,588,152806,2623,4446.833333333333,0.8293078329624567,8,150183,0.294809,0.26939028330698506,1807.4753968504162,0.49101804209371835,0,47.0
2044-07-04,45,19969,618,Employed,Associate,19,29512,36,Married,3,Mortgage,585,0.12592889121689085,2,1,0.1500338555933084,0,Debt Consolidation,0,22,26,2504,173,119205,112864,1664.0833333333333,0.8586435448920781,7,6341,0.20551200000000003,0.2114615908937645,1114.0825049024993,1.0210321027006857,0,48.0
2044-07-05,42,61718,581,Employed,Bachelor,18,13215,12,Single,2,Mortgage,434,0.06962529881474411,2,1,0.2241612920451807,0,Auto,0,22,3,868,649,70821,54816,5143.166666666667,0.7187310525652546,3,16005,0.18771500000000002,0.16875642305393362,1204.491037681942,0.31857630597529574,1,43.2
2044-07-06,44,35205,470,Unemployed,High School,19,15280,36,Single,1,Rent,253,0.295672829311235,4,4,0.18361597030207497,0,Other,0,25,9,948,709,71421,32711,2933.75,0.7682827653062125,7,38710,0.26527999999999996,0.2811838515788243,633.0133009677985,0.302007090231887,0,55.0
2044-07-07,57,82140,637,Employed,Associate,34,19487,48,Married,1,Rent,243,0.11470407052038906,6,0,0.5158564427573704,0,Debt Consolidation,0,18,27,3391,537,87219,103213,6845.0,0.6382706738246391,2,1738,0.19598700000000002,0.2150442317876175,608.7280431139951,0.12443068562658803,1,42.400000000000006
2044-07-08,36,188808,565,Employed,Master,15,18955,36,Married,0,Rent,300,0.6349861014577328,1,2,0.44596000523505125,0,Auto,0,22,23,901,716,100296,79504,15734.0,0.7085487832449888,6,20792,0.22145499999999999,0.18148934168377598,686.6856681346375,0.06271041490623093,1,44.800000000000004
2044-07-09,38,34500,599,Employed,Bachelor,15,19370,72,Married,3,Rent,365,0.3004074354279255,1,1,0.30383040924305355,0,Debt Consolidation,0,25,14,5127,390,33907,184018,2875.0,0.893718100898653,6,2738,0.23487,0.20075250399894293,464.81153242912666,0.28863009823621794,0,55.0
2044-07-10,31,40171,495,Employed,Associate,9,28338,36,Married,2,Rent,898,0.16982985669613707,3,1,0.036887521485074466,0,Other,0,34,12,1146,896,21065,82515,3347.5833333333335,0.8517866653908264,5,4002,0.265838,0.26131946433248937,1143.748353031091,0.6099171102629531,0,50.0
2044-07-11,28,28201,548,Employed,Associate,8,28225,60,Married,4,Mortgage,623,0.07624326697460095,2,1,0.2660718250095848,0,Other,0,22,28,3403,5747,43350,85085,2350.0833333333335,0.6800361491684399,3,1773,0.259225,0.2943197459874683,903.3514706756347,0.6494882326196807,0,53.0
2044-07-12,36,62793,583,Employed,Bachelor,17,16148,60,Married,0,Own,297,0.21975684430319803,3,2,0.291891395959353,0,Debt Consolidation,0,36,27,1722,816,11708,23115,5232.75,0.5077636067941015,6,4298,0.22964800000000002,0.2582520554591636,481.80909813813076,0.14883361485607582,1,41.6
2044-07-13,30,28624,573,Employed,Bachelor,10,41761,84,Single,0,Mortgage,550,0.265703351503789,2,2,0.6373986373426933,0,Home,0,27,14,1438,1476,24151,59076,2385.3333333333335,0.920793396110977,8,2758,0.280261,0.27982559146741853,1137.9524765096623,0.7076379862393777,0,60.0
2044-07-14,46,107000,539,Employed,High School,27,9428,36,Married,0,Mortgage,198,0.31038423374936996,3,0,0.6675311209592305,0,Debt Consolidation,0,26,14,405,2000,8630,19574,8916.666666666666,0.7258588599112898,3,1077,0.224928,0.25360957047023225,376.6578427436791,0.0644476085320014,1,45.6
2044-07-15,41,40656,526,Employed,Bachelor,22,25792,84,Single,2,Own,716,0.17425894038875306,2,3,0.2904430647286831,0,Other,0,21,23,4218,120,13826,16850,3388.0,0.6905075723160017,4,1405,0.28779200000000005,0.25861376618071824,667.10928945414,0.4082376887408914,0,52.0
2044-07-16,40,26160,599,Employed,High School,19,19488,12,Married,0,Other,453,0.42461598310208115,2,0,0.48227255173716077,0,Other,1,28,19,763,1221,33634,26399,2180.0,0.85077823396307,6,7235,0.184988,0.1686245216756125,1776.1263623202915,1.0225350285872896,0,65.0
2044-07-17,51,27483,547,Employed,Associate,25,38297,60,Single,2,Mortgage,254,0.20880839971264237,4,3,0.4260924434292732,0,Auto,0,25,24,5802,868,41719,77791,2290.25,0.7806318451705822,3,3116,0.269797,0.2769900087208017,1185.4638968718714,0.6285182390009263,0,58.0
2044-07-18,46,32973,516,Employed,High School,19,26322,60,Single,0,Other,372,0.40020130520343516,1,0,0.2853190058422661,0,Auto,0,18,3,2835,626,27742,11791,2747.75,0.8087042282625204,7,15951,0.273322,0.302034988460468,854.8991835272304,0.44651048440623436,0,57.0
2044-07-19,33,38794,576,Employed,High School,9,14987,60,Married,1,Mortgage,233,0.43018675980756765,2,2,0.3590053030414713,0,Home,0,23,18,3605,3122,17829,3621,3232.8333333333335,0.8429385596179765,8,14208,0.231987,0.25539867673294725,444.644358232052,0.20961314375379245,0,56.0
2044-07-20,36,72456,625,Employed,Bachelor,14,16207,48,Married,3,Own,380,0.5289936054302415,1,1,0.08346987525096787,0,Education,0,38,25,1793,877,104676,72955,6038.0,0.7737264204052773,5,31721,0.19870700000000002,0.21429738917651878,505.6146731064595,0.14667351326705194,1,38.400000000000006
2044-07-21,36,140551,654,Employed,Bachelor,13,26775,36,Married,3,Rent,560,0.37598436715220235,1,1,0.27720371681828365,0,Education,0,21,18,319,1326,94704,31844,11712.583333333334,0.77653859749672,5,62860,0.184775,0.18625377206968974,976.4009383704678,0.13117524073429299,1,33.6
2044-07-22,37,54944,627,Employed,Master,15,18523,60,Married,3,Mortgage,429,0.21244230420559593,2,0,0.28687644265293255,0,Debt Consolidation,0,12,15,6040,2734,34883,25454,4578.666666666667,0.8843433387316458,9,9429,0.21002300000000002,0.24902537607950853,542.6166918953035,0.21220515984900337,0,49.0
2044-07-23,50,55231,631,Self-Employed,Doctorate,28,31472,48,Single,0,Own,477,0.33433197171795886,2,0,0.34738838345620043,0,Other,0,26,4,5023,348,53995,30302,4602.583333333333,0.8551581087390842,4,23693,0.21097200000000002,0.23310907199857572,1014.0924575184406,0.323968595358065,0,57.0
2044-07-24,43,32718,542,Employed,High School,19,16248,48,Married,1,Rent,773,0.36982896047845204,5,1,0.27502258237982,0,Home,0,24,9,4413,591,23949,16414,2726.5,0.9386965826230388,5,7535,0.240248,0.23662356420138764,526.6863201981896,0.4766867119743956,0,54.0
2044-07-25,32,34898,570,Employed,High School,7,15249,24,Widowed,2,Mortgage,269,0.11598688769742932,3,0,0.11469693026723281,0,Debt Consolidation,0,24,4,2508,626,69373,24730,2908.1666666666665,0.8657686288961198,4,44643,0.20524900000000001,0.20619312249959493,780.7313898113954,0.3609598451984854,0,53.0
2044-07-26,48,213962,546,Employed,Master,24,34922,84,Married,1,Mortgage,480,0.06527201987020044,1,0,0.18303120933233286,0,Debt Consolidation,0,32,27,494,417,11625,138994,17830.166666666668,0.8972883238564598,8,4456,0.286922,0.25158066079331776,887.4653365813543,0.07669391779370285,1,37.6
2044-07-27,18,28905,502,Employed,High School,0,8525,48,Married,2,Rent,522,0.4085491232932,7,1,0.09566329252098979,0,Debt Consolidation,0,25,19,6713,218,25795,36758,2408.75,0.7845750982513575,6,6670,0.252525,0.26695585676229194,290.7861929978347,0.3374306976638649,0,53.0
2044-07-28,37,34678,570,Employed,Master,15,14896,60,Single,0,Mortgage,246,0.16764430633735844,0,1,0.15432251528097501,0,Debt Consolidation,0,19,19,837,2711,33739,13742,2889.8333333333335,0.885333483379783,3,19997,0.234896,0.21247650537428564,405.06477881150533,0.22529492317140734,0,50.0
2044-07-29,63,30609,626,Employed,High School,41,48230,60,Married,0,Mortgage,395,0.6986308221436599,6,0,0.17563862972270258,0,Auto,0,14,2,3520,734,40041,56998,2550.75,0.8411132072070994,4,7507,0.24023,0.27078142070232397,1474.9722383895248,0.7331068267723316,0,54.0
2044-07-30,56,73651,528,Employed,Bachelor,34,22286,24,Single,2,Mortgage,607,0.328912723485206,2,1,0.3022025310069606,0,Home,0,23,15,5015,3422,98761,3601,6137.583333333333,0.8623789903677829,7,95160,0.233286,0.22587529836767786,1162.632774511697,0.2883272907922549,1,41.6
2044-07-31,55,40146,563,Employed,Bachelor,37,30214,12,Divorced,2,Mortgage,666,0.3069019181135739,3,0,0.23416356294805812,1,Education,0,25,17,1218,2781,96177,20600,3345.5,0.7577244842937251,4,75577,0.213714,0.21596051622705253,2821.989978984996,1.0425915345942298,0,63.0
2044-08-01,32,91667,613,Unemployed,Bachelor,9,17389,72,Married,0,Mortgage,876,0.42344251949123907,1,2,0.042080326531579504,0,Auto,0,24,2,4081,1969,36779,914,3873.9166666666665,0.8343154331427021,3,35865,0.225889,0.19522647609107868,411.71820223381144,0.3324073058447682,0,54.0
2044-08-02,37,35573,518,Employed,Associate,13,51248,36,Married,0,Mortgage,164,0.3124345729218239,2,1,0.30852055009122403,0,Education,0,22,2,3959,321,38272,14682,2964.4166666666665,0.6867478506564852,3,23590,0.27724800000000005,0.25925635785513357,2062.784138202626,0.7511711033208195,0,59.0
2044-08-03,30,47539,506,Employed,Associate,12,11827,36,Married,1,Mortgage,480,0.44985087979236005,6,0,0.40360561759407654,0,Home,0,23,21,1206,822,62267,14789,3961.5833333333335,0.6679227648259511,4,47478,0.243827,0.2371763384636321,462.2553135909515,0.23784816178488016,0,58.0
2044-08-04,48,65058,560,Employed,Associate,28,28371,48,Widowed,1,Mortgage,531,0.13428315572303465,4,0,0.11152716929926355,0,Debt Consolidation,0,25,28,4630,502,21729,15603,5421.5,0.657033225049796,2,6126,0.243371,0.19920512309952682,862.1387369022518,0.25696555139763017,1,39.2
2044-08-05,43,55302,559,Employed,High School,18,21350,60,Married,2,Mortgage,839,0.3802580039918175,5,1,0.0700180594170624,0,Home,0,16,3,5752,1766,53997,88959,4608.5,0.8185204855877102,3,7089,0.24685,0.2212755067461043,591.2131412215915,0.3103424414064428,0,53.0
2044-08-06,27,54198,556,Employed,Doctorate,5,40612,36,Single,1,Mortgage,261,0.3516066407772253,5,1,0.37399398536680656,0,Auto,1,25,1,2000,88,20951,28393,4516.5,0.7784948473564433,5,3053,0.247612,0.24148226197477352,1596.4870334869474,0.4112669176324471,0,64.0
2044-08-07,55,84066,651,Employed,Bachelor,32,70812,24,Divorced,1,Rent,545,0.05258825257711248,2,1,0.25880987705976277,0,Debt Consolidation,0,27,20,1957,990,40699,113631,7005.5,0.8604896298789076,4,4394,0.22031199999999998,0.22917843866658147,3705.7708784410593,0.6067762298823866,0,44.0
2044-08-08,40,58657,637,Employed,Master,20,18176,48,Married,5,Own,410,0.1249757205063918,4,2,0.3290776549602116,0,Home,0,27,4,13713,2161,39841,27938,4888.083333333333,0.6606058978268702,7,11903,0.19467600000000002,0.19078792142275464,544.2205526829955,0.1952136425694452,1,42.400000000000006
2044-08-09,27,50924,524,Employed,Master,0,19720,36,Widowed,0,Mortgage,651,0.21871074905701643,3,2,0.2843039179911255,0,Debt Consolidation,0,33,9,12889,267,57092,15229,4243.666666666667,0.8434035120017381,7,41863,0.24272000000000002,0.2713139217947724,806.4639522082233,0.3434444942757576,0,53.0
2044-08-10,40,58544,638,Employed,Bachelor,17,36114,84,Married,1,Mortgage,350,0.2452446569065742,2,0,0.676762218952467,0,Auto,0,22,12,916,611,80831,409787,4878.666666666667,0.8368931504670879,4,3180,0.24211400000000002,0.1975459574515272,796.6268388459075,0.2350287316574011,0,55.0
2044-08-11,49,27077,547,Employed,Doctorate,24,27629,36,Divorced,1,Mortgage,431,0.07792692183786522,5,2,0.27696339872312076,0,Home,0,23,17,6936,649,55711,27916,2256.4166666666665,0.9224039983562626,3,27795,0.239129,0.21388266895903219,1046.4404253122411,0.6547728737949882,0,53.0
2044-08-12,40,44927,507,Employed,High School,16,25593,84,Divorced,1,Rent,263,0.46798716600271234,3,1,0.5013369529940942,0,Auto,0,44,5,2451,54,125359,13206,3743.9166666666665,0.7483632511321535,5,112153,0.29709300000000005,0.23779128974693658,627.9586101385985,0.2379750110548931,0,58.0
2044-08-13,23,129577,541,Employed,Bachelor,2,20651,36,Married,2,Mortgage,343,0.37960142544379355,3,3,0.11401062154867309,0,Education,0,26,11,2815,1446,66206,16105,10798.083333333334,0.8366501672715594,3,50101,0.235151,0.24459416778093385,815.1874267623976,0.10725861164518988,1,36.800000000000004
2044-08-14,57,82680,599,Employed,Bachelor,34,15077,36,Married,5,Rent,897,0.024686255593222052,7,0,0.27247024780924284,0,Home,0,26,17,927,11238,58290,7220,6890.0,0.943432328520256,1,51070,0.200577,0.19022482792869172,552.8342126361864,0.21042586540438118,1,38.400000000000006
2044-08-15,47,90734,550,Employed,High School,23,11464,108,Divorced,2,Rent,822,0.5191400688392955,4,0,0.3182068401603361,0,Home,0,25,25,16285,2896,65086,20802,7561.166666666667,0.9265266487547781,6,44284,0.281464,0.28040176342713125,291.9740221333098,0.14732832527607861,0,54.0
2044-08-16,54,126868,538,Employed,Bachelor,29,7344,24,Married,1,Rent,306,0.6252416168465148,6,0,0.3348379097577288,0,Home,0,34,9,1809,916,353129,15260,10572.333333333334,0.8442403542632596,4,337869,0.21334399999999998,0.21200976054341616,378.1015764069582,0.0647067733146538,1,39.2
2044-08-17,24,61795,509,Employed,High School,4,29147,60,Married,2,Own,120,0.03662844410995136,2,0,0.3522391305398154,0,Auto,0,26,20,617,2026,171200,2730,5149.583333333333,0.8038040386210388,6,168470,0.27964700000000003,0.2676559287031672,885.9341399678689,0.1953428219049183,0,49.0
2044-08-18,55,74678,601,Employed,High School,35,16070,60,Widowed,2,Other,398,0.5433695213006068,1,1,0.19372694930038567,0,Home,0,26,4,2740,880,106777,362751,6223.166666666667,0.9435784812131673,9,4187,0.22057,0.21589652799558015,440.0947646179928,0.13467335996432567,0,51.0
2044-08-19,34,29636,592,Employed,Associate,12,15643,60,Single,1,Rent,718,0.1833533479900932,4,0,0.2609885603142789,0,Home,1,36,22,723,14022,101937,19683,2469.6666666666665,0.9118175420612795,2,82254,0.22464299999999998,0.22403339910696685,435.6376174731462,0.4671228036738344,0,57.0
2044-08-20,31,18517,522,Employed,Associate,7,27871,24,Married,0,Own,296,0.12750451189668077,6,2,0.16895409694277144,0,Education,0,33,27,1271,331,140046,11377,1543.0833333333333,0.6775383260646266,12,128669,0.241871,0.2664126698803205,1510.5672573463746,1.1707515843903709,0,47.0
2044-08-21,48,70162,552,Employed,Bachelor,24,13319,36,Divorced,0,Other,625,0.061940739001709516,6,2,0.1559513132631371,0,Home,0,23,16,2109,818,93412,18557,5846.833333333333,0.9626750194874932,4,74855,0.222319,0.22159802314196594,509.76039558942466,0.19408119419447986,1,37.6
2044-08-22,31,28152,593,Employed,High School,5,83387,60,Married,0,Mortgage,650,0.4457346715836229,0,2,0.20891006404394363,0,Auto,0,25,27,2429,7689,729331,66597,2346.0,0.853090779314896,8,662734,0.291887,0.294301496228886,2668.7384949179905,1.4146370396069865,0,47.0
2044-08-23,45,61702,587,Employed,Associate,21,14332,36,Single,0,Own,767,0.41667811885613953,1,1,0.260055115027712,0,Education,0,26,14,5402,180,46247,64183,5141.833333333333,0.8859601141229742,3,4637,0.20583200000000001,0.17660179941468968,515.6962261813629,0.24946281667006506,0,53.0
2044-08-24,41,51943,425,Employed,Bachelor,19,37530,36,Married,2,Mortgage,424,0.22594878100076599,5,1,0.13656978715269166,0,Auto,0,30,3,2149,1037,58663,18018,4328.583333333333,0.89921046021032,6,40645,0.31003000000000003,0.3546486598652973,1707.5972020521015,0.492446844129627,0,53.0
2044-08-25,44,36591,594,Employed,High School,21,25951,24,Married,1,Rent,329,0.19590225931121866,1,0,0.1565155244425158,0,Home,0,26,21,8062,2101,18334,161045,3049.25,0.6864831487466058,3,2257,0.203951,0.18909451554650034,1307.012644183644,0.5365295217458863,0,50.0
2044-08-26,44,57158,547,Employed,Associate,21,9121,60,Married,3,Own,459,0.16556375196222686,5,0,0.31453396092507147,0,Debt Consolidation,0,22,20,2333,1007,23497,54611,4763.166666666667,0.9162254863909914,3,7524,0.24062099999999997,0.23842594091943245,261.55994417599015,0.15127749973952695,1,42.400000000000006
2044-08-27,21,56160,511,Self-Employed,Bachelor,0,46315,60,Single,0,Rent,939,0.4867854238264417,0,2,0.33401406787410365,0,Debt Consolidation,0,23,3,6292,322,81362,25479,4680.0,0.7232544637169831,7,55883,0.295815,0.30164476885467434,1503.1300113021198,0.5218226519876324,0,59.0
2044-08-28,37,44918,596,Employed,Master,16,19689,36,Married,0,Mortgage,219,0.29436986618857175,4,0,0.09198216820746326,0,Debt Consolidation,0,11,22,11957,725,175591,29236,3743.1666666666665,0.6476442228917231,8,146355,0.206689,0.1960211951827867,727.7283412388612,0.25292177066802474,1,37.6
2044-08-29,41,120670,639,Employed,Bachelor,19,25744,60,Single,5,Mortgage,360,0.22638402744618585,4,0,0.655871358252485,0,Debt Consolidation,1,26,29,3897,2217,31198,103170,10055.833333333334,0.8070251369591728,10,6976,0.211244,0.21647804424828088,705.8757193854821,0.10599576226589695,1,47.2
2044-08-30,45,71832,567,Employed,High School,20,15245,96,Married,0,Mortgage,173,0.22755836397042703,3,2,0.4911233555862114,0,Home,0,22,6,1831,955,159151,87941,5986.0,0.6864239988471812,6,71210,0.266745,0.2958723267048878,416.0252805380427,0.09840048121250296,0,56.0
2044-08-31,30,50021,605,Unemployed,Bachelor,9,22773,12,Married,0,Rent,324,0.32613258279371704,3,4,0.31353500050836125,0,Auto,0,22,12,2373,1448,88902,70595,4168.416666666667,0.9388383322064117,5,18307,0.18527300000000002,0.17688024210721226,2084.448782441093,0.5777850380698729,0,54.0
2044-09-01,50,42490,601,Self-Employed,Master,26,14935,24,Single,0,Mortgage,213,0.5747197155964272,2,2,0.12209113444994531,0,Home,0,24,7,1236,529,68795,43412,3540.8333333333335,0.47572772334529934,2,25383,0.189435,0.20022840239336823,760.2954656479976,0.2748775144216515,0,53.0
2044-09-02,18,24007,479,Employed,Bachelor,0,24039,60,Married,1,Own,408,0.10565681593317165,4,0,0.5595702613526665,0,Auto,0,23,3,2203,1199,20108,13452,2000.5833333333333,0.9876252763104341,5,6656,0.289539,0.29237858329606453,766.5275837640863,0.5870925565530486,0,62.0
2044-09-03,40,36171,612,Employed,High School,18,24252,36,Single,2,Own,158,0.20421230694030584,2,1,0.2193930910179947,0,Home,0,22,1,7480,1601,151011,15290,3014.25,0.6488018574746708,7,135721,0.203252,0.22494107131178642,932.4055696010566,0.361750209704257,0,50.0
2044-09-04,28,24881,490,Unemployed,Associate,4,11508,36,Married,1,Rent,308,0.053682713661047814,10,1,0.463139316074222,0,Auto,0,25,16,10710,501,182319,15641,2073.4166666666665,0.7010328803874312,7,166678,0.25150799999999995,0.28947333026560274,481.9213246090418,0.3809756800493751,0,56.0
2044-09-05,42,182488,618,Self-Employed,Associate,20,29947,72,Divorced,3,Own,426,0.1589721055942413,5,0,0.5132147079731676,0,Education,0,29,15,1194,4015,7284,28937,15207.333333333334,0.6666676215944743,6,1934,0.23594700000000002,0.23577495504189216,780.7464658257361,0.07935293054835843,1,44.0
2044-09-06,34,19494,624,Employed,Associate,11,13762,60,Married,0,Mortgage,394,0.2620948737095958,1,3,0.13313960273597988,0,Home,0,18,10,1019,740,114582,48736,1624.5,0.9090095811231443,3,65846,0.206762,0.22773087879489848,386.1652183707486,0.4802494419025845,0,47.0
2044-09-07,55,157305,627,Employed,High School,33,20442,84,Married,1,Mortgage,346,0.4916604612102436,3,0,0.4593661408067947,0,Education,0,18,23,5317,2353,88921,17370,13108.75,0.8062038744206232,5,71551,0.231942,0.25387006376460586,522.4893907453959,0.06625264733444423,1,40.0
2044-09-08,42,33348,605,Employed,High School,20,40876,24,Divorced,4,Mortgage,521,0.17370468339067313,1,2,0.1460202009986566,0,Debt Consolidation,0,15,1,2046,2018,25201,32872,2779.0,0.7895341142851034,3,6386,0.21337599999999998,0.23596100577648932,2152.9275722268653,0.9621905621543236,0,51.0
2044-09-09,49,76104,545,Employed,Associate,24,37993,60,Married,2,Mortgage,834,0.38319315857309255,2,0,0.3601925245408365,0,Education,0,25,10,13252,4085,17337,16459,6342.0,0.7621839713714759,7,7467,0.270493,0.27515424663613786,1171.8613240003763,0.31628213875754907,0,54.0
2044-09-10,48,15000,565,Employed,Bachelor,25,28103,48,Married,4,Mortgage,300,0.16460600717943727,0,2,0.028899232214393587,0,Home,0,22,6,3662,1200,46916,39437,1250.0,0.7728791087883675,4,7479,0.24060299999999998,0.22003779036388552,885.4729631042511,0.9483783704834008,0,53.0
2044-09-11,37,67394,533,Unemployed,Bachelor,15,32125,48,Married,1,Rent,295,0.11376858233044189,3,1,0.23919625482996892,0,Debt Consolidation,0,19,10,6011,1786,40532,14133,5616.166666666667,0.9827732433794778,4,26399,0.260625,0.21387867566356167,1001.4870628121582,0.23084910754289548,0,54.0
2044-09-12,49,34087,578,Employed,Associate,27,29037,60,Single,1,Rent,225,0.07226936433533915,2,3,0.03771630983277643,0,Auto,0,21,5,906,994,38869,37099,2840.5833333333335,0.7445948302309598,7,1770,0.245037,0.22635050782049343,812.4897977744967,0.3652382894738158,0,52.0
2044-09-13,24,36094,410,Employed,Bachelor,1,17520,36,Divorced,3,Own,270,0.4622152698528419,5,1,0.16501184175147565,0,Debt Consolidation,0,21,20,25840,1297,229380,53901,3007.8333333333335,0.8424831982616152,5,175479,0.29752,0.2913836396886589,735.5074937463971,0.33429627985140925,0,48.0
2044-09-14,56,21265,589,Employed,Bachelor,35,8954,72,Single,2,Other,276,0.44814897921601704,5,1,0.15197346542302465,0,Debt Consolidation,0,22,26,19958,3701,26901,124045,1772.0833333333333,0.40799049369836576,4,10081,0.229454,0.23544760840313947,233.26212892643278,0.28738046306687953,0,53.0
2044-09-15,34,28114,550,Employed,Associate,15,10148,36,Divorced,0,Other,436,0.43568062466497914,1,0,0.09485667989178931,0,Other,1,20,15,15775,1926,211959,131593,2342.8333333333335,0.8006332172476417,6,80366,0.22014799999999998,0.22097702924973425,388.06983440053335,0.35174069903985206,0,57.0
2044-09-16,46,58161,624,Employed,High School,24,22451,60,Married,3,Mortgage,876,0.3475903921435371,0,0,0.43660181912854207,0,Education,0,17,4,3104,571,95503,30563,4846.75,0.9726142255211861,10,64940,0.215451,0.18481867929292184,576.0093593485966,0.2995841253104857,0,54.0
2044-09-17,50,45318,619,Employed,Master,26,27836,48,Married,2,Other,385,0.2684865742104761,1,1,0.5186748520706038,0,Education,0,30,3,10917,1819,23942,3197,3776.5,0.7785041605713878,7,20745,0.21333600000000003,0.20503324818582083,854.5422317508334,0.3282251374952557,0,59.0
2044-09-18,27,37128,530,Self-Employed,Associate,3,26126,24,Married,0,Own,603,0.23282108307593335,5,1,0.3996266676504777,1,Education,0,27,28,3817,1794,587469,9529,3094.0,0.8235515498685051,4,577940,0.236126,0.22406093904664554,1360.6137008497185,0.634652133435591,0,62.0
2044-09-19,42,83123,639,Employed,Bachelor,17,39868,36,Married,2,Other,569,0.09710555270748034,1,1,0.39064172954726695,1,Debt Consolidation,0,27,23,10257,2372,46131,41257,6926.916666666667,0.8313628193279646,4,4874,0.20536800000000002,0.2464416,1577.6512599972364,0.30989996896126026,0,61.0
2044-09-20,49,96893,536,Employed,Bachelor,24,25666,60,Married,2,Rent,900,0.36541827495576595,2,1,0.3279830545875146,0,Auto,0,20,14,3510,1051,56806,45067,8074.416666666667,0.5747811110011629,5,11739,0.262666,0.26979066452055567,783.3986204036378,0.20848547825790978,0,53.0
2044-09-21,52,36587,585,Employed,Bachelor,30,18029,72,Divorced,1,Rent,394,0.7495059969161155,4,1,0.14699499138471503,0,Debt Consolidation,0,20,13,4197,1238,53665,153228,3048.9166666666665,0.854388254710467,5,5996,0.240529,0.2237174117928632,456.98567980184254,0.27911083602432857,0,53.0
2044-09-22,21,19937,576,Unemployed,Associate,0,25251,48,Married,1,Mortgage,257,0.11012813388752261,2,1,0.6513060530231711,0,Other,0,27,29,462,1563,103605,10202,1661.4166666666667,0.7505937466532184,4,93403,0.232251,0.23776278505618062,820.1089931697819,0.6483075647307711,0,60.0
2044-09-23,18,44556,536,Employed,Associate,0,27456,72,Divorced,2,Mortgage,331,0.2105921880277197,5,3,0.342571104252008,0,Auto,0,23,4,7204,857,60328,7981,3713.0,0.7896870082966164,2,52347,0.27445600000000003,0.24645340698084917,733.6232539599341,0.2867285898087622,0,56.0
2044-09-24,32,27049,591,Employed,High School,6,33232,12,Single,1,Mortgage,629,0.4598298788691193,1,2,0.3002749346014745,0,Other,0,30,12,749,9671,35469,26011,2254.0833333333335,0.6966657952102844,6,9458,0.20273200000000002,0.20123758358596916,3080.398589627335,1.6456350724806097,0,57.0
2044-09-25,36,18359,621,Employed,Master,11,13950,60,Married,0,Mortgage,841,0.3754798074209089,2,1,0.2824863407074911,1,Education,0,29,24,827,421,51418,5397,1529.9166666666667,0.5556364681427217,7,46021,0.20845000000000002,0.21795429644299513,383.66302495803797,0.8004769486081189,0,63.0
2044-09-26,56,16909,622,Self-Employed,Master,34,18908,36,Married,4,Mortgage,379,0.04806118769510886,1,1,0.3443118843589821,0,Auto,0,24,1,4566,583,53369,4928,1409.0833333333333,0.8389959564694153,1,48441,0.19290800000000002,0.21082563742780672,713.1619606441267,0.775086848881041,0,59.0
2044-09-27,56,39245,631,Unemployed,Bachelor,34,37662,84,Divorced,1,Rent,340,0.1392881552705547,6,1,0.0831051958984662,0,Home,0,22,6,1100,1269,19419,3556,3270.4166666666665,0.741694151501694,5,15863,0.24716200000000002,0.25027962143490307,953.9602634023803,0.3956560876755909,0,52.0
2044-09-28,52,103966,560,Employed,Bachelor,31,27253,24,Single,0,Own,243,0.47061847529804784,2,0,0.35005831792374437,0,Home,0,22,12,7970,798,33847,19332,8663.833333333334,0.8762131982718453,5,14515,0.22225299999999998,0.21057699247811382,1401.185631294923,0.18977576876612617,1,43.2
2044-09-29,36,21492,556,Employed,Bachelor,13,33395,48,Divorced,0,Mortgage,596,0.44035122701899215,4,1,0.1534750741960128,0,Debt Consolidation,0,27,8,1254,4473,21208,15006,1791.0,0.6793468846272905,9,6202,0.250395,0.2755831512123952,1155.4629116344138,0.9779245737768921,0,54.0
2044-09-30,52,72304,589,Employed,High School,29,31062,84,Single,1,Rent,271,0.24829296881325508,4,0,0.5647966109256727,0,Home,0,21,8,2997,1015,197141,233719,6025.333333333333,0.8365969850408748,4,8408,0.261562,0.3138744,917.3187255531952,0.1972204125171269,0,59.0
2044-10-01,45,92253,598,Employed,High School,18,13044,72,Married,1,Rent,870,0.24539936887431732,1,1,0.0501114009993806,0,Auto,0,17,28,5140,467,9323,23722,7687.75,0.779196219804321,4,4793,0.229044,0.22036878846060387,328.0308041632704,0.1558363375712361,1,39.2
2044-10-02,28,18413,491,Employed,Associate,7,15576,24,Single,0,Rent,384,0.2572586991571855,5,0,0.37957309043838505,0,Debt Consolidation,0,28,21,7468,777,42934,11913,1534.4166666666667,0.8693413624226025,10,31021,0.245076,0.260812224397458,839.7884602665782,0.7975594158039937,0,56.0
2044-10-03,57,47063,652,Employed,Associate,28,20091,72,Single,5,Other,466,0.26215661059729184,4,2,0.5566153787902703,0,Home,0,20,3,5380,1722,42221,2254,3921.9166666666665,0.9555560313208344,6,39967,0.209091,0.23000399241309574,516.8078071792958,0.25059375063535155,0,56.0
2044-10-04,70,107564,669,Employed,High School,49,17100,60,Married,0,Own,347,0.06792534805398297,5,0,0.1420947308246497,0,Home,0,28,12,10678,1092,375678,18109,8963.666666666666,0.9077063686847799,2,357569,0.1876,0.19335888173190452,446.7498071182901,0.08855191035494667,1,28.8
2044-10-05,51,112073,611,Self-Employed,Bachelor,25,28630,60,Widowed,3,Mortgage,362,0.37187209636609775,2,2,0.48953865417670717,0,Education,0,25,23,531,516,19044,548795,9339.416666666666,0.9195546360560889,4,2158,0.22813,0.273756,880.6649884913926,0.13305595336875709,0,55.0
2044-10-06,62,15000,655,Employed,High School,37,24992,60,Married,3,Other,186,0.19933871984578008,2,0,0.3067192110601918,0,Other,0,25,24,2178,490,15138,14193,1250.0,0.8200756423117007,2,2513,0.202492,0.17067619611691326,622.0246128692863,0.6464196902954291,0,49.0
2044-10-07,37,82410,375,Employed,High School,12,24847,24,Married,0,Mortgage,443,0.23715662754761985,3,3,0.395189435389899,0,Home,0,29,8,1967,2452,26284,7690,6867.5,0.9324780398135923,4,18594,0.312347,0.29133809979300557,1378.2114093029536,0.2651927789301716,0,54.0
2044-10-08,40,50411,599,Employed,Associate,13,45016,60,Married,2,Other,612,0.16565041547879686,2,1,0.5607618739537342,0,Auto,0,26,18,6009,581,50735,4607,4200.916666666667,0.7187738176292308,5,46128,0.250516,0.2462198565774895,1311.3215415483678,0.4578337763301742,0,57.0
2044-10-09,34,20408,531,Employed,High School,10,53709,24,Divorced,3,Rent,483,0.12234068946985746,5,0,0.1987708428887004,0,Education,0,20,24,5698,2902,13573,57035,1700.6666666666667,0.47395966209160345,6,5493,0.263209,0.29763885003441143,2996.497760580986,2.045961050910027,0,51.0
2044-10-10,26,48280,551,Employed,High School,0,13413,48,Married,0,Mortgage,636,0.08696230672446324,5,2,0.18399360539909243,0,Auto,0,22,27,3559,1140,70644,30280,4023.3333333333335,0.5228431460809911,5,40364,0.232913,0.2139440998275552,418.193550679315,0.26201993803131274,0,50.0
2044-10-11,41,27549,636,Employed,Bachelor,16,54949,48,Married,1,Own,180,0.19993519092418913,0,0,0.37699019527414945,0,Other,0,21,5,2837,770,80948,154267,2295.75,0.8161798925180286,4,1116,0.23194900000000002,0.26026473919335585,1853.550822290416,0.8857893160363349,0,54.0
2044-10-12,43,46039,546,Employed,High School,20,15134,48,Single,2,Other,483,0.21688157491706048,0,4,0.1812518449521858,0,Debt Consolidation,0,27,27,3085,2028,14280,38951,3836.5833333333335,0.7055157040320422,4,10094,0.237134,0.22449658548046028,480.5151115359903,0.25113884616155613,0,51.0
2044-10-13,51,37160,522,Unemployed,Bachelor,30,25390,84,Single,0,Rent,318,0.5496238915354922,2,3,0.06677793702684671,0,Other,0,24,6,10443,1359,11802,14503,3096.6666666666665,0.9397017674892222,8,1840,0.28939000000000004,0.27046802726685465,676.2578103710142,0.32107356632002615,0,57.0
2044-10-14,50,71198,601,Employed,Associate,29,29860,96,Married,2,Other,395,0.3820611077009066,3,0,0.2769216626353007,0,Auto,0,18,19,597,1563,93194,44413,5933.166666666667,0.7313591142232141,6,48781,0.26436,0.3021430706706179,827.9048419579808,0.20611334733413536,0,49.0
2044-10-15,54,151530,562,Employed,High School,36,24362,84,Single,1,Own,320,0.303412023702909,2,1,0.3761567005103385,0,Debt Consolidation,0,31,6,403,721,13889,41941,12627.5,0.769507178003993,2,8666,0.268362,0.2681151101652652,645.1361832835386,0.07643129544910224,1,43.2
2044-10-16,28,17372,492,Employed,High School,6,56740,72,Divorced,3,Rent,176,0.212174160851542,3,1,0.11239183679005343,0,Education,0,25,22,298,1160,8811,12144,1447.6666666666667,0.87264098058817,6,6280,0.32574,0.3633779587880759,1945.2356590288161,1.4652790644914688,0,52.0
2044-10-17,53,62598,612,Employed,Bachelor,30,20972,108,Married,2,Rent,791,0.3972792293803853,5,3,0.2444198260895981,0,Debt Consolidation,0,26,17,3280,2735,102146,67861,5216.5,0.8265860128514873,3,34285,0.259972,0.23522210485113065,468.68333247068125,0.24148055831892673,0,49.0
2044-10-18,50,21085,430,Employed,High School,27,29085,24,Married,2,Rent,672,0.33225100699964,1,0,0.5123771111556643,0,Debt Consolidation,0,23,28,1356,1036,220004,5629,1757.0833333333333,0.9095551519087001,7,214375,0.28908500000000004,0.29702756596018054,1621.7775364193021,1.3054460724226524,0,56.0
2044-10-19,28,27436,531,Employed,Bachelor,8,18719,72,Married,2,Own,292,0.2783707168440244,2,1,0.37203119084295944,0,Home,0,18,28,2467,5741,21311,118603,2286.3333333333335,0.8366108060048039,6,5206,0.268219,0.24359921231499979,496.90989842163935,0.34505462826431227,0,56.0
2044-10-20,49,27108,610,Employed,High School,27,24874,84,Married,4,Own,194,0.2305921819281359,2,4,0.31171071504902426,0,Home,0,23,2,2310,877,48712,7095,2259.0,0.6948231189331292,6,41617,0.244874,0.24146957587061155,616.0992128125738,0.35860965595952804,0,57.0
2044-10-21,24,50673,520,Employed,Master,0,18260,36,Married,0,Rent,312,0.2116334638606747,5,1,0.288493020323159,0,Education,0,26,22,3021,5584,89431,22140,4222.75,0.8182535544175596,4,67291,0.24326,0.2044639252236898,682.7673774265651,0.2355733532476621,1,40.0
2044-10-22,55,99923,500,Employed,Associate,30,11453,48,Divorced,1,Own,418,0.46455362289414465,3,0,0.2501937814127098,0,Debt Consolidation,0,22,12,29876,338,48548,67506,8326.916666666666,0.9034063855581755,2,6643,0.256453,0.2845263866717486,402.1335390409808,0.09849186341975091,1,41.6
2044-10-23,55,88164,627,Employed,Associate,35,14525,36,Married,0,Rent,416,0.3620208280896544,2,1,0.2765015100068602,0,Home,0,24,14,33249,1529,69663,52819,7347.0,0.7153502670810038,6,16844,0.18602500000000002,0.18144762983083704,526.1689559744798,0.12823859479712532,1,38.400000000000006
2044-10-24,59,23858,574,Employed,High School,39,23366,48,Married,2,Own,970,0.13529872730268838,4,0,0.4987744352241862,0,Education,0,21,25,2801,3043,79603,28238,1988.1666666666667,0.9580980748623026,2,51365,0.23136600000000002,0.27763920000000003,811.2019434600141,0.8959017235946085,0,55.0
2044-10-25,34,39890,565,Employed,Bachelor,10,18766,120,Divorced,3,Own,536,0.4291177920302489,6,0,0.27061497071260293,0,Auto,0,13,19,2144,1874,24200,67821,3324.1666666666665,0.5952005258122239,5,7095,0.291266,0.27435981189912884,459.5472502395797,0.29948776642955516,0,54.0
2044-10-26,34,54234,558,Employed,High School,7,15419,72,Married,3,Rent,393,0.29730368820013964,2,2,0.17107373099701959,0,Home,0,18,4,1800,1671,162757,20264,4519.5,0.8232372190748024,9,142493,0.25141899999999995,0.22911417219824265,395.80501138055865,0.17453368987289714,0,49.0
2044-10-27,38,79883,650,Employed,Bachelor,16,44237,36,Single,0,Rent,449,0.11636005340332395,7,0,0.5250950807371965,0,Debt Consolidation,0,22,1,2758,641,154629,5797,6656.916666666667,0.688544573626746,5,148832,0.204237,0.18455649168578858,1609.4031952544922,0.30921270286611546,0,51.0
2044-10-28,48,69307,588,Employed,Bachelor,25,25394,60,Single,3,Mortgage,1541,0.28404326718312517,4,1,0.23844059943303716,0,Education,0,23,5,6498,1139,22536,5057,5775.583333333333,0.49927513203971613,4,17479,0.236394,0.2208393599822279,702.5670740660129,0.3884572249382048,0,54.0
2044-10-29,61,105390,578,Employed,High School,39,10115,84,Single,3,Own,312,0.3910471309377044,2,1,0.22145969272049384,0,Other,0,28,21,1911,4876,61739,15503,8782.5,0.8149827616350424,1,46236,0.24611500000000003,0.2540048452579137,258.62292011281306,0.06497272076433966,1,40.800000000000004
2044-10-30,40,196762,489,Employed,Bachelor,16,26182,36,Married,0,Mortgage,704,0.1903866683630555,5,0,0.25965104437830105,0,Education,0,21,26,10919,10481,141682,19408,16396.833333333332,0.6820681341723288,8,122274,0.266682,0.3083172716880111,1123.4280102984783,0.11145005704140912,1,36.0
2044-10-31,43,50260,546,Employed,Associate,18,16651,36,Single,0,Rent,437,0.25947600201889237,1,0,0.19450418161262656,0,Home,1,24,9,24266,2606,26872,16306,4188.333333333333,0.7962563960924395,5,10566,0.228651,0.2589864037094094,669.9803921560915,0.26430092928517906,0,57.0
2044-11-01,35,43479,536,Employed,High School,13,11836,72,Married,3,Own,349,0.48558039903487865,6,2,0.13096822010397566,0,Education,0,31,2,2250,1457,15729,34024,3623.25,0.6921016611434989,4,6438,0.258836,0.281946508227528,342.416105190642,0.1908276009634008,0,56.0
2044-11-02,52,113929,644,Employed,Associate,29,12851,48,Divorced,4,Rent,511,0.1419529067688189,1,1,0.29347131679358046,0,Debt Consolidation,0,27,1,4523,529,297420,14970,9494.083333333334,0.7632985978456945,0,282450,0.18585100000000002,0.18846049118129882,383.20321118931906,0.09418531308333987,1,36.0
2044-11-03,21,158937,409,Employed,High School,0,13964,36,Divorced,2,Own,156,0.3219370180366538,3,0,0.5957366137644019,0,Other,0,18,17,8449,561,108842,40745,13244.75,0.9765063991731894,4,68097,0.29446399999999995,0.27293604419562384,572.2851162342382,0.054986701616432036,1,43.2
2044-11-04,35,118667,539,Employed,Bachelor,12,39559,120,Married,0,Mortgage,633,0.1570470874175992,4,1,0.3216166007527187,0,Auto,0,26,24,1994,770,8605,56458,9888.916666666666,0.740131144644991,3,2718,0.325059,0.2600472,928.1093994542587,0.1578645520106778,1,41.6
2044-11-05,48,123242,569,Employed,Bachelor,28,18873,48,Single,3,Other,428,0.30948866710405354,3,1,0.4384148885607078,0,Auto,0,19,10,3220,3661,19827,25173,10270.166666666666,0.821222905210696,4,3385,0.22937300000000002,0.24687685911960586,622.4914764283768,0.10228572821879328,1,43.2
2044-11-06,36,65216,565,Employed,Doctorate,10,8809,48,Divorced,3,Own,536,0.051959234637585935,7,1,0.6674645955615486,0,Education,1,24,7,2724,808,213247,52104,5434.666666666667,0.618739565512837,6,161143,0.221309,0.22445036564386128,279.6697315217455,0.1500864324438933,1,48.0
2044-11-07,18,23207,533,Employed,Bachelor,0,27607,72,Single,0,Rent,615,0.2450241789704208,3,2,0.060987018226095785,0,Home,0,18,27,1398,812,12784,46005,1933.9166666666667,0.9290817910649513,4,9168,0.276107,0.3052741525766162,839.9427959665932,0.7523296225965923,0,52.0
2044-11-08,45,110208,588,Employed,High School,21,47044,12,Married,5,Own,752,0.21417035580010982,2,1,0.044496459566513526,0,Other,0,31,9,4113,790,27043,51321,9184.0,0.8244936466903595,4,6520,0.21804400000000002,0.24515771348900586,4460.212318996791,0.5675318291590582,0,50.0
2044-11-09,62,44402,638,Employed,High School,39,55431,72,Single,2,Rent,517,0.2652898576672527,3,1,0.26382608604175595,0,Home,0,21,16,2511,466,37375,7498,3700.1666666666665,0.9453514944464981,2,29877,0.251431,0.25821795734142156,1521.2281273741282,0.5508476539004896,0,50.0
2044-11-10,39,54975,542,Employed,Bachelor,14,17845,36,Married,1,Own,555,0.30793946067165967,5,0,0.08436665350757742,0,Auto,0,23,22,4857,1290,62834,6040,4581.25,0.9309720336612939,2,56794,0.231845,0.2115785380955041,673.7587482741878,0.2682147335932743,1,38.400000000000006
2044-11-11,44,71375,519,Self-Employed,High School,24,24662,48,Divorced,0,Own,832,0.36059583481457275,0,3,0.32910828974950374,0,Other,0,23,19,3713,392,40377,23473,5947.916666666667,0.7765883084782684,3,16904,0.260162,0.2438675874148434,809.3086279337032,0.2759468096000621,0,57.0
2044-11-12,36,38077,622,Employed,Associate,17,19230,36,Married,1,Rent,912,0.13547692752877782,0,0,0.31234045747468,0,Education,0,35,16,8924,4723,23564,463671,3173.0833333333335,0.7846421866642624,6,1483,0.19323,0.21705474321840668,731.475635558895,0.5179427903119137,0,51.0
2044-11-13,25,101789,563,Employed,Master,4,25987,36,Widowed,3,Mortgage,1046,0.3410400966375916,3,1,0.2524508707591134,0,Auto,0,25,3,12462,593,13055,43761,8482.416666666666,0.6331334576125441,3,9764,0.229487,0.19463159090793253,958.6763861352799,0.23633316599655524,1,43.2
2044-11-14,18,46897,557,Employed,Associate,0,19983,60,Single,1,Mortgage,341,0.41621797961232865,4,3,0.37647252819710386,0,Home,0,25,4,4073,2884,71131,274461,3908.0833333333335,0.7378336883911624,11,1354,0.246483,0.25260661977637977,589.5851583343685,0.23811804379837564,0,59.0
2044-11-15,18,109075,557,Employed,Master,0,40635,72,Married,0,Own,301,0.2375246874755045,0,0,0.5720923132444746,0,Debt Consolidation,0,19,14,1018,1519,15414,20348,9089.583333333334,0.6227330463386995,7,3756,0.277135,0.23809998174590497,1065.1087416105659,0.15029387943457978,0,57.0
2044-11-16,24,24329,515,Employed,High School,4,13097,48,Single,1,Own,523,0.3623503565736713,3,0,0.5274132625852801,0,Other,0,26,2,2173,367,280266,49779,2027.4166666666667,0.8713037949464446,5,230487,0.250597,0.2756867073000609,453.2319209992752,0.48151518977316377,0,60.0
2044-11-17,53,79693,596,Employed,Bachelor,29,48097,60,Divorced,1,Rent,583,0.28432960296362075,4,0,0.16043330856267157,0,Home,0,20,7,1321,474,35312,45078,6641.083333333333,0.8896320807432255,4,6643,0.255097,0.2528551713834507,1419.7728186540048,0.3015732099914429,0,51.0
2044-11-18,38,31048,491,Employed,High School,14,23264,96,Married,1,Rent,230,0.0419640001055408,3,1,0.2041886879046165,0,Auto,0,21,12,5316,6730,34777,21955,2587.3333333333335,0.8803010194008691,4,12822,0.312764,0.2914421233760868,627.7119903642854,0.33150424775738935,0,52.0
2044-11-19,47,53191,550,Employed,High School,22,21738,60,Married,5,Mortgage,601,0.295168332132539,6,0,0.3284804350358574,0,Auto,0,21,10,16664,1260,42912,14156,4432.583333333333,0.7733144179099265,5,28756,0.251738,0.23334794619177243,616.9930415692439,0.27478175817019657,0,54.0
2044-11-20,47,60768,600,Employed,Associate,24,49945,36,Married,1,Own,304,0.02884864381660323,2,1,0.031691957715072265,0,Auto,0,23,28,1491,1189,182486,23382,5064.0,0.7866906099418042,9,159104,0.234945,0.25964178547629724,2011.3621132888745,0.45722000657363243,0,42.0
2044-11-21,39,55556,611,Employed,Associate,17,14139,36,Single,1,Mortgage,815,0.42981378085648264,3,0,0.5013365521890241,0,Other,0,26,16,1800,1459,125357,6445,4629.666666666667,0.9663194065440284,7,118912,0.193639,0.1654763612048006,500.9164928857827,0.2842356885778204,1,41.6
2044-11-22,37,67952,530,Employed,Bachelor,16,26561,24,Divorced,0,Mortgage,366,0.05298901775218142,3,1,0.11380723490450526,0,Debt Consolidation,0,32,7,2015,11734,70318,8804,5662.666666666667,0.9001023241078391,4,61514,0.236561,0.21974095454826537,1377.5959099603563,0.3079107446362767,0,48.0
2044-11-23,59,161767,620,Employed,Master,35,60795,36,Married,0,Own,203,0.24338051659349358,1,1,0.1535632716072828,0,Education,1,22,8,1027,2355,200540,53886,13480.583333333334,0.8302956374369741,1,146654,0.235795,0.2570357859068637,2439.8787087615015,0.1960507674936051,0,48.0
2044-11-24,48,45342,638,Employed,Bachelor,25,10896,36,Single,4,Mortgage,419,0.08920552390213055,2,0,0.32429299162406633,0,Home,0,30,22,4980,9152,38038,6104,3778.5,0.9163890404218044,4,31934,0.176896,0.19538293636727544,402.37565800021434,0.21738141008342315,0,51.0
2044-11-25,36,32496,519,Employed,High School,11,15711,84,Married,0,Rent,181,0.3100144185179271,3,1,0.5516698938513077,0,Auto,0,24,28,436,969,22764,36763,2708.0,0.7919846756740463,1,6464,0.281211,0.33745319999999995,489.4528197745653,0.24758228204378335,0,59.0
2044-11-26,60,86071,499,Employed,Bachelor,35,9897,60,Single,2,Mortgage,791,0.38234439207491955,5,1,0.15789949246558407,0,Home,0,37,16,1772,116,21404,10641,7172.583333333333,0.9106580472845591,4,10763,0.265397,0.2288961201208654,278.37376102138006,0.1490918559358734,1,39.2
2044-11-27,44,19766,612,Employed,High School,23,28755,12,Married,0,Mortgage,395,0.36577448107495236,3,1,0.39802106091997214,0,Education,0,28,27,497,2370,300928,28628,1647.1666666666667,0.6718436672410821,3,272300,0.187755,0.19672699970497234,2659.202949383364,1.8542160979763413,0,47.0
2044-11-28,51,214133,632,Employed,Master,32,19717,48,Divorced,3,Rent,508,0.38531888840253586,2,1,0.2048344375169744,0,Debt Consolidation,0,25,8,1599,977,68805,109994,17844.416666666668,0.7869481220113335,2,4064,0.198717,0.21872721620484128,619.8437163976232,0.063204291710159,1,38.400000000000006
2044-11-29,24,67002,507,Employed,Master,4,21318,96,Married,4,Mortgage,300,0.49714023798536533,3,1,0.07723293835667824,0,Education,0,25,17,10262,1765,493974,65220,5583.5,0.6903410671542438,4,428754,0.30281800000000003,0.2513030811400215,517.1567130865317,0.1463520575063189,1,36.0
2044-11-30,50,92713,650,Employed,Master,23,25758,24,Divorced,2,Mortgage,325,0.5222733162257275,6,1,0.2969287280817166,0,Home,0,14,16,4681,308,59394,64890,7726.083333333333,0.7758929747428706,8,2120,0.175758,0.18057808611225537,1286.664601934039,0.20860046836159404,1,36.800000000000004
2044-12-01,46,78847,582,Employed,High School,20,33046,96,Married,3,Mortgage,225,0.0525807473034739,3,2,0.155236053507611,0,Education,0,23,7,1071,2235,15432,34968,6570.583333333333,0.8724277581502425,2,7363,0.277046,0.29210428814873335,893.1656376938203,0.1701775292950378,0,50.0
2044-12-02,47,37345,617,Employed,Bachelor,25,24862,24,Married,0,Mortgage,522,0.42065200126739816,2,1,0.2242122302049473,0,Auto,0,27,14,2072,1116,377454,35571,3112.0833333333335,0.8252918005738248,5,341883,0.191362,0.20041026867821482,1265.8697943869693,0.5744929048773231,0,45.0
2044-12-03,38,26994,606,Employed,Bachelor,18,6946,36,Single,0,Mortgage,589,0.37818749313987876,1,0,0.26381773293985933,0,Auto,0,21,15,815,284,71760,13221,2249.5,0.9600546218152842,4,58539,0.188946,0.2267352,267.6972087797174,0.38083894589007217,0,49.0
2044-12-04,31,91812,588,Employed,High School,11,16464,48,Single,2,Rent,1437,0.34765030678249736,2,1,0.6532545281070362,0,Debt Consolidation,0,31,4,146,1038,129525,18221,7651.0,0.789784579158782,9,111304,0.21746400000000002,0.20822514585128427,508.2488084218994,0.2542476550022088,0,56.0
2044-12-05,46,35406,590,Employed,Associate,22,14841,36,Single,4,Own,171,0.20933878082916635,2,0,0.19163017270543556,0,Home,0,30,11,4001,5519,52469,62717,2950.5,0.9254325359965628,2,4118,0.204841,0.21859425210219255,565.7057940055348,0.24968845755144375,0,51.0
2044-12-06,28,40662,523,Employed,Associate,5,12324,72,Widowed,2,Own,447,0.16086986447075094,3,1,0.050308864434786806,0,Other,0,25,26,1805,1268,88298,53712,3388.5,0.9128231436057914,4,34586,0.265824,0.2828410048242851,357.23296982211656,0.23734188278651808,0,50.0
2044-12-07,51,73144,559,Employed,High School,25,56199,60,Married,5,Rent,169,0.10641144426171095,2,2,0.49914464274223763,0,Auto,1,27,18,8372,2099,11626,73449,6095.333333333333,0.9118758670212218,5,4011,0.281699,0.28831459676739957,1778.099291574807,0.3194409862585815,0,61.0
2044-12-08,46,63198,567,Self-Employed,Associate,23,16644,60,Single,3,Rent,969,0.06296595081217997,0,0,0.10509319192446011,0,Auto,1,18,5,8480,446,8926,2328,5266.5,0.7741697006679303,3,6598,0.23814399999999997,0.24515258531502823,483.8047673346888,0.27585773613114756,0,60.0
2044-12-09,25,15000,551,Self-Employed,Bachelor,2,19332,24,Single,4,Rent,386,0.3417972394685489,3,1,0.492339071639266,0,Auto,0,23,18,1930,1003,109227,15403,1250.0,0.7608430233638732,8,93824,0.21883199999999997,0.20772168353897769,991.2253754483825,1.1017803003587059,0,59.0
2044-12-10,45,23474,607,Employed,High School,24,14343,96,Married,0,Own,352,0.3485335483258689,4,0,0.15150067222079408,0,Debt Consolidation,0,28,10,5472,7231,26760,18632,1956.1666666666667,0.7958019123546023,4,8128,0.24584299999999998,0.19721785719680432,298.04800580661555,0.3323070661020442,0,49.0
2044-12-11,51,233731,657,Employed,Bachelor,29,44843,96,Single,4,Mortgage,278,0.424177478766417,2,2,0.23376656023620943,0,Home,1,26,13,1670,213,95529,9394,19477.583333333332,0.788117026814519,4,86135,0.251343,0.2624113594005919,1121.141455305014,0.07183342159859056,1,39.2
2044-12-12,47,59124,506,Employed,Associate,24,18971,24,Divorced,0,Rent,218,0.10811544896741813,2,2,0.07104502801280199,0,Education,0,29,25,8603,6611,74694,186952,4927.0,0.57854704292273,5,8804,0.24097099999999996,0.26793805610894583,1029.6652652812747,0.2532302141833316,0,49.0
2044-12-13,44,67062,595,Employed,Master,21,29420,60,Single,1,Rent,270,0.35034675981132984,3,0,0.13350992352219127,0,Auto,0,22,17,6804,272,161643,10857,5588.5,0.8025663442498089,3,150786,0.23692000000000002,0.2172395247188987,807.9376163296193,0.19288496310810044,1,36.800000000000004
2044-12-14,36,49752,578,Employed,Associate,15,12141,60,Divorced,0,Own,157,0.06871345323470342,2,0,0.38505034175245145,0,Auto,0,27,21,1189,461,5804,75221,4146.0,0.8132348605033171,3,10035,0.22814100000000004,0.24695548348932175,354.1906420234467,0.12329730873696254,0,54.0
2044-12-15,39,47097,592,Employed,Bachelor,17,31448,72,Married,5,Mortgage,511,0.17767347619743304,1,1,0.24074549741780601,0,Home,0,17,21,2299,891,15452,31640,3924.75,0.8088364588148645,2,1484,0.250448,0.26178265700839254,869.9985860933508,0.3518691855770051,0,52.0
2044-12-16,32,69080,583,Employed,Bachelor,8,21746,72,Single,0,Mortgage,414,0.19806473456981438,2,2,0.6367712851818861,0,Home,0,14,7,4005,2405,82806,22307,5756.666666666667,0.7913505373594919,4,60499,0.24524600000000002,0.23614112431256315,567.4199191862587,0.17048406239483357,0,56.0
2044-12-17,46,71916,591,Employed,Associate,27,21046,96,Divorced,1,Rent,297,0.3558516720481783,5,0,0.25097729546185193,0,Other,0,18,12,13408,1469,84438,49662,5993.0,0.7824777468186368,6,34776,0.260546,0.22275610952610447,471.30012839376155,0.12819958758447547,0,52.0
2044-12-18,57,106068,593,Unemployed,Master,34,13481,48,Married,1,Rent,266,0.3186418146212171,3,1,0.6656137492574125,0,Home,0,18,8,9123,752,38231,24435,8839.0,0.7891516340198786,2,13796,0.211981,0.21131083029806874,418.399594734613,0.07742952763147562,1,48.800000000000004
2044-12-19,50,37229,471,Employed,Bachelor,24,69104,48,Married,0,Mortgage,278,0.4165496959616996,2,1,0.26187118796548814,0,Home,0,29,14,3087,988,39431,2119,3102.4166666666665,0.6958730133629116,5,37312,0.32860399999999995,0.28485922185676354,2427.6755218002945,0.8721186779554524,0,54.0
2044-12-20,44,44361,631,Employed,Bachelor,20,29894,72,Divorced,3,Mortgage,489,0.35485645542076794,0,0,0.21191074271205163,0,Home,0,24,10,1630,1439,817761,38908,3696.75,0.7629455174218909,7,778853,0.22939400000000001,0.20368544584870496,722.4463131304171,0.3277057721323912,1,33.6
2044-12-21,41,30073,518,Employed,Master,21,26912,24,Married,1,Mortgage,472,0.16149731845232773,3,3,0.34289133520171755,0,Debt Consolidation,0,23,18,7514,227,29933,28325,2506.0833333333335,0.8910686859736918,4,1608,0.242912,0.25026359827552913,1436.6903082322983,0.7616228410463731,0,54.0
2044-12-22,29,37641,539,Employed,High School,6,34234,48,Single,2,Other,257,0.12537680377940907,3,0,0.40442524074973735,0,Home,0,23,22,7465,793,255884,9376,3136.75,0.7851771967276783,3,246508,0.25973399999999996,0.24513318413211926,1125.8283795153159,0.44084749486421165,0,52.0
2044-12-23,49,28616,587,Employed,Associate,29,14070,24,Widowed,1,Other,230,0.13217615370062136,3,2,0.17523328160579502,0,Auto,0,24,14,6017,2324,20843,41742,2384.6666666666665,0.7957414776147209,5,7026,0.19557,0.20079209461267752,716.6485029779479,0.39697309322530666,0,51.0
2044-12-24,43,27358,641,Employed,Bachelor,23,43997,36,Widowed,0,Mortgage,295,0.4051164103622605,4,1,0.4816605734482592,0,Other,0,16,6,2392,3423,61591,8123,2279.8333333333335,0.9204570083762373,4,53468,0.20849700000000002,0.21118649499992706,1660.2714065464427,0.8576378711366807,0,56.0
2044-12-25,38,40020,550,Unemployed,Bachelor,13,35822,36,Widowed,0,Mortgage,268,0.09137660761805448,5,1,0.23268832282326055,0,Auto,0,23,18,1507,998,88654,46514,3335.0,0.6662909481335156,8,42140,0.24582199999999998,0.26400633957283376,1450.9465487546524,0.5154262515006454,0,55.0
2044-12-26,24,81972,577,Unemployed,Associate,1,16649,48,Married,0,Rent,116,0.2943881066090825,6,1,0.5053126425023818,0,Education,0,23,17,4497,481,83864,56906,6831.0,0.6571674558565574,4,26958,0.22314900000000001,0.20885072226743023,514.5192440671467,0.09230262685802176,1,48.0
2044-12-27,63,66699,671,Employed,Master,42,14765,36,Married,3,Rent,441,0.09537736733977593,3,2,0.29815545046691866,0,Debt Consolidation,0,22,8,2561,790,27012,38350,5558.25,0.8331784771082831,2,1041,0.164265,0.16982493518319738,526.2838879587863,0.17402669688459252,0,46.0
2044-12-28,23,30811,542,Employed,High School,0,13920,60,Single,3,Own,367,0.18967551619039077,4,1,0.1975542693190939,0,Home,1,27,21,535,1256,56709,35963,2567.5833333333335,0.6967131342941366,9,20746,0.24791999999999997,0.26027952273798954,417.00171354811073,0.30534616087038163,0,56.0
2044-12-29,30,41320,623,Unemployed,Bachelor,7,26446,72,Single,3,Own,215,0.5739715428301444,5,1,0.10673890919000664,0,Education,0,29,4,5640,5657,156748,27322,3443.3333333333335,0.6613091238621436,2,129426,0.229946,0.22702182394740983,675.5527004302132,0.25863098754023617,0,51.0
2044-12-30,32,228541,607,Employed,High School,9,28992,60,Single,2,Mortgage,485,0.0128633192094956,4,3,0.18655612323686852,0,Education,0,36,25,5797,1461,75334,31091,19045.083333333332,0.9511211662516728,4,44243,0.23049199999999997,0.2418585125015132,837.1713165270527,0.06942323608597421,1,35.2
2044-12-31,53,83361,620,Employed,Master,30,19101,60,Married,3,Mortgage,1042,0.3356337909186559,2,1,0.43163921211187206,1,Debt Consolidation,0,23,25,1596,4696,149257,17091,6946.75,0.8030210664318097,3,132166,0.21410100000000004,0.2065775089300787,513.0756334480209,0.2238565708349978,1,48.0
2045-01-01,38,48890,547,Self-Employed,Master,20,23699,108,Single,0,Own,392,0.22876382686167193,7,0,0.6980579618102412,0,Education,0,26,16,3844,1853,37529,52328,4074.1666666666665,0.9017959761863995,2,10488,0.295199,0.26505899469378114,578.0750701179055,0.23810392393976001,0,62.0
2045-01-02,44,54146,489,Employed,Master,19,7180,36,Married,2,Rent,382,0.4026370848979481,2,0,0.40588389094365535,1,Other,0,21,16,1821,3169,34459,29296,4512.166666666667,0.8792964699863761,4,5163,0.24767999999999998,0.2761798807063905,295.5106948524321,0.15015196576347625,0,69.0
2045-01-03,50,21755,631,Employed,High School,27,12955,84,Married,0,Mortgage,987,0.612436035737873,0,0,0.29822509069726694,0,Debt Consolidation,0,25,17,627,2482,48023,76471,1812.9166666666667,0.5521748763487943,3,6941,0.222455,0.24000806593236199,319.6817482973075,0.7207621686769795,0,53.0
2045-01-04,21,77932,601,Employed,Associate,0,12525,36,Single,2,Rent,214,0.4734376443096454,2,1,0.43046941397497296,0,Education,0,22,7,9861,1364,86247,26998,6494.333333333333,0.7477498272358092,7,59249,0.197025,0.17952264320961417,452.5088798601755,0.10262929936768088,1,42.400000000000006
2045-01-05,26,100631,559,Employed,Bachelor,2,20699,96,Married,2,Own,620,0.26400046964853763,2,1,0.2430699647537235,0,Home,0,36,3,1603,678,244583,8825,8385.916666666666,0.8713457761247776,3,235758,0.276199,0.2693915545747757,527.2541717713981,0.13680724688472515,1,40.0
2045-01-06,30,18633,591,Employed,Bachelor,7,17954,60,Married,1,Own,562,0.2073763892230223,3,0,0.33550741264233075,0,Auto,0,22,24,4434,577,88887,35453,1552.75,0.8903382077830786,4,53434,0.227454,0.24047468643950393,516.9948568353236,0.6948928396942995,0,54.0
2045-01-07,24,48707,448,Unemployed,High School,4,28801,48,Married,3,Other,431,0.1727984867521461,3,0,0.4617199112025562,0,Other,0,28,7,1145,1112,37359,37445,4058.9166666666665,0.9481624497233972,4,2358,0.299801,0.2777999380786083,1000.1542842880465,0.3525951385110263,0,60.0
2045-01-08,45,40577,536,Unemployed,Bachelor,21,24204,48,Married,1,Own,284,0.5826574844219538,1,1,0.17784354816864853,0,Auto,0,14,27,11105,882,13761,3983,3381.4166666666665,0.8393907874010752,6,9778,0.251204,0.2587503491097245,814.3929185841507,0.3248321715013384,0,55.0
2045-01-09,41,54269,641,Employed,Master,22,20532,72,Single,1,Mortgage,489,0.08985005511384667,3,1,0.19127324156782397,0,Auto,0,30,22,293,439,39918,6069,4522.416666666667,0.5011989434638563,2,33849,0.215032,0.21741550058393647,512.7445501109382,0.22150646964807272,1,36.800000000000004
2045-01-10,49,38911,543,Employed,High School,22,21963,72,Single,3,Mortgage,283,0.68332741942001,8,0,0.19679814319668468,0,Home,0,28,3,1515,280,65761,15614,3242.5833333333335,0.6819060369651878,6,50147,0.265463,0.21738425481877732,548.440225811342,0.2564129091962711,0,54.0
2045-01-11,49,118724,635,Employed,Master,25,20546,48,Single,0,Own,239,0.3595817878798638,4,0,0.16755752548972702,0,Debt Consolidation,0,25,18,7405,2914,150791,9901,9893.666666666666,0.9167170723280376,3,140890,0.19804600000000003,0.19270497413006601,617.264375830032,0.0865467176810113,1,33.6
2045-01-12,56,18135,518,Employed,Bachelor,34,13703,36,Married,1,Other,414,0.23652431828046774,2,1,0.1557055618579876,0,Debt Consolidation,1,36,22,2884,655,10019,26090,1511.25,0.6125788499142414,4,3481,0.239703,0.249038347347392,544.132193596035,0.6339997972513052,0,58.0
2045-01-13,44,26774,640,Employed,Associate,22,20528,36,Married,4,Rent,447,0.49146943097712376,7,1,0.19635950813028133,0,Home,1,23,29,632,1345,26435,31834,2231.1666666666665,0.9187456962739863,6,1090,0.185528,0.19395977768915756,756.5909253500873,0.5394446516845092,0,56.0
2045-01-14,56,50890,660,Employed,High School,30,24827,60,Married,1,Rent,352,0.4066052039065779,1,1,0.23610732900763254,0,Home,0,31,8,567,377,30993,11205,4240.833333333333,0.9767143273621781,4,19788,0.19982699999999998,0.1598616,603.5618503929852,0.22532407554953474,0,48.0
2045-01-15,43,28789,520,Employed,Bachelor,22,35740,60,Married,0,Own,223,0.05999892075270002,2,1,0.10903682854173291,0,Home,0,22,14,2990,422,85927,16005,2399.0833333333335,0.7156003855699653,2,69922,0.28074,0.2573276618748747,1064.4253739754508,0.5366322028450244,0,49.0
2045-01-16,48,23929,533,Employed,Bachelor,27,12828,120,Single,0,Rent,305,0.6184488842644725,3,2,0.16255773096719223,0,Home,0,25,20,5329,296,19359,162341,1994.0833333333333,0.799119949388275,4,3493,0.30132800000000004,0.3610032229495664,397.2459074693806,0.3521647745259964,0,54.0
2045-01-17,32,46372,619,Employed,Master,11,24374,48,Married,2,Mortgage,222,0.5376431696287308,3,0,0.3263549741720309,0,Home,0,31,8,3619,590,46426,80120,3864.3333333333335,0.8625109863225868,4,1304,0.20987400000000003,0.21149193259621335,756.7151276279592,0.25326881591338546,0,54.0
2045-01-18,21,102375,629,Employed,Master,0,14966,72,Divorced,0,Rent,900,0.4574891556485717,2,1,0.45138097305494,0,Debt Consolidation,0,27,12,2617,465,361333,11163,8531.25,0.6559179271629894,9,350170,0.21546600000000002,0.1863603951478129,346.7445427231321,0.1461385544583891,1,37.6
2045-01-19,40,38915,598,Employed,High School,17,18090,96,Married,2,Rent,259,0.19969314657530085,1,0,0.28431086727047716,0,Auto,0,25,18,6019,198,110010,153598,3242.9166666666665,0.9699570278248865,6,5607,0.25409,0.25287181115512447,440.73474777428424,0.215773274400396,0,52.0
2045-01-20,57,50593,623,Unemployed,Master,32,25680,48,Divorced,0,Other,491,0.4374191692061978,4,0,0.24681353650227597,0,Auto,0,28,10,1527,355,109684,19413,4216.083333333333,0.8866565282272237,4,90271,0.20918000000000003,0.2140896149307129,800.8586014021981,0.30641201780535604,0,51.0
2045-01-21,27,41974,569,Employed,Associate,2,29429,36,Married,2,Rent,261,0.3068090756001332,4,1,0.15051751608700364,0,Other,0,22,17,7659,4438,99096,16369,3497.8333333333335,0.6689645092161831,6,82727,0.22992900000000002,0.2573727539263857,1181.59785867392,0.4124261281766579,0,49.0
2045-01-22,40,31824,635,Employed,Master,14,46974,96,Divorced,1,Mortgage,233,0.2227969238380743,5,1,0.05976020815585123,0,Home,0,15,17,588,411,574194,35815,2652.0,0.6691767212888834,5,538379,0.26447400000000004,0.2634521655791028,1177.7081254175064,0.5319412237622573,0,40.0
2045-01-23,28,86829,615,Employed,High School,7,9335,36,Divorced,0,Rent,586,0.2996615016628723,0,3,0.5858114121814187,0,Home,0,22,26,8836,1545,60168,8889,7235.75,0.9228928898765667,5,51279,0.186835,0.1770451867999675,336.10051746093586,0.1274367574143573,1,41.6
2045-01-24,27,76740,543,Employed,Master,5,26130,96,Divorced,0,Own,307,0.20732247161502548,1,1,0.20311762416440884,0,Other,0,22,23,1578,1397,14110,2506,6395.0,0.9644771198410472,4,11604,0.28963,0.33840923301364884,791.7256659570952,0.17181011195576157,0,52.0
2045-01-25,37,60139,524,Employed,High School,11,37602,120,Married,3,Rent,286,0.16797376659892913,3,1,0.30875785703696884,0,Other,0,24,28,1888,254,12003,12124,5011.583333333333,0.8955291907090441,11,2010,0.330602,0.28575456201251603,951.922659976211,0.24701228686400725,0,53.0
2045-01-26,49,64160,509,Employed,High School,24,20452,60,Widowed,1,Mortgage,265,0.21739542437478032,1,0,0.7568781376159378,0,Education,0,26,5,136,402,52734,35875,5346.666666666667,0.8197759192368581,3,16859,0.270952,0.24534679986953076,594.7267923790387,0.16079678161702718,0,60.0
2045-01-27,21,68338,578,Self-Employed,Bachelor,0,12532,96,Married,4,Other,409,0.1523226752457849,3,5,0.20635979577539895,0,Education,0,25,8,10798,953,72205,89196,5694.833333333333,0.6567284407270544,5,3150,0.258532,0.27364483680648344,322.8379428761176,0.12850910641975785,0,55.0
2045-01-28,55,64054,605,Employed,Master,29,32402,72,Single,1,Own,183,0.1321249440546159,4,3,0.07266183509889332,0,Education,0,24,17,35559,959,36518,52857,5337.833333333333,0.5525668676454086,3,2646,0.244902,0.24527740334560383,863.4522826040112,0.19604439053373926,0,46.0
2045-01-29,44,56063,561,Employed,Bachelor,21,14809,48,Married,3,Rent,457,0.31687184326503615,2,0,0.1311334173956545,0,Auto,0,18,26,3556,277,31648,240900,4671.916666666667,0.9162591374700119,2,6774,0.22930899999999999,0.2358852784583536,479.438071404303,0.2004398062331954,0,50.0
2045-01-30,24,15000,595,Employed,Associate,3,14659,36,Married,0,Rent,132,0.41264382741584366,2,0,0.09138397543671899,0,Home,0,26,28,1385,2279,104363,7548,1250.0,0.9605111987255412,7,96815,0.202159,0.18452376210633872,533.2905242794151,0.532232419423532,0,51.0
2045-01-31,42,15000,660,Employed,Doctorate,20,27836,72,Married,0,Mortgage,296,0.3603071456267446,2,0,0.05040035692049021,0,Education,0,27,16,385,2023,15022,10152,1250.0,0.9316699271444256,7,4870,0.212836,0.2217227296238993,702.2601325871104,0.7986081060696884,0,46.0
2045-02-01,43,60674,591,Employed,Associate,18,27160,48,Divorced,0,Rent,485,0.3916414092144942,1,1,0.10014091663391379,0,Debt Consolidation,0,20,1,3428,3175,33631,9363,5056.166666666667,0.9055440654482911,5,24268,0.22666,0.26528703048692204,923.8592067362089,0.27864176551462744,0,54.0
2045-02-02,27,67890,472,Employed,Bachelor,2,30144,36,Single,1,Other,334,0.29335871732452296,1,1,0.2975641041618574,0,Debt Consolidation,0,20,19,9985,964,117703,52117,5657.5,0.5239491859568525,5,65586,0.279144,0.2479313689908122,1195.2246836486725,0.2703004301632651,0,50.0
2045-02-03,38,96442,582,Employed,Bachelor,15,28617,24,Divorced,0,Rent,190,0.26573520675621015,2,2,0.4551906402405314,0,Auto,0,20,7,4898,238,39139,39791,8036.833333333333,0.9231367245008385,7,2087,0.212617,0.19625905221711495,1451.2607022059703,0.2042173371194256,1,44.800000000000004
2045-02-04,37,49284,476,Employed,High School,15,40351,60,Single,2,Own,367,0.07294028221719943,4,1,0.16078470268682596,0,Home,0,21,2,6510,764,196325,6808,4107.0,0.8291710591774614,3,189517,0.307351,0.2907884647864377,1282.7538077211846,0.4016931599028937,0,50.0
2045-02-05,38,63785,534,Unemployed,High School,15,17088,108,Single,1,Other,1220,0.17084748027242616,3,2,0.14935863654279066,0,Debt Consolidation,0,29,19,7114,1162,32620,17831,5315.416666666667,0.7641434897550271,8,14789,0.295088,0.33432734007416287,501.88750903624464,0.32394215110817487,0,52.0
2045-02-06,37,45872,602,Employed,High School,15,32721,12,Married,0,Mortgage,178,0.2614772150129004,1,1,0.3665106002832159,0,Home,1,22,9,3783,5653,188509,33152,3822.6666666666665,0.8022998412788243,2,155357,0.196721,0.1887900657789047,3013.566245454567,0.8349057147160535,0,55.0
2045-02-07,33,33347,570,Employed,Associate,14,31865,36,Married,4,Rent,415,0.6374327231866838,0,1,0.4339324318632652,0,Auto,0,20,4,2315,652,75374,35189,2778.9166666666665,0.8507264191134085,3,40185,0.23186500000000002,0.21532174198876142,1209.2403565439677,0.5844868887314485,0,62.0
2045-02-08,55,50375,627,Employed,Associate,32,18003,60,Single,3,Rent,346,0.3237589708206483,5,1,0.2606969463982183,0,Debt Consolidation,0,36,22,1961,731,48105,5887,4197.916666666667,0.9532118516287351,3,42218,0.209503,0.2071398851923779,484.1496351602472,0.1977527666882971,0,49.0
2045-02-09,44,33663,563,Employed,Master,20,14962,60,Married,2,Mortgage,481,0.7074239845405957,4,0,0.2557166838237789,0,Debt Consolidation,0,22,16,9175,1534,421467,71111,2805.25,0.832413668899932,2,350356,0.238462,0.22939794403569885,421.2684470253966,0.32163566421010487,1,39.2
2045-02-10,32,101110,599,Employed,Bachelor,12,22341,60,Single,1,Mortgage,516,0.08140267487085005,4,1,0.18207608003495085,0,Auto,0,32,1,1744,443,114669,58045,8425.833333333334,0.9264243757037118,3,56624,0.22784100000000002,0.2097501665618411,604.08517852815,0.13293464684341608,1,40.0
2045-02-11,39,129799,608,Employed,Bachelor,16,21729,48,Divorced,3,Own,356,0.3590276254526236,5,1,0.4824065336476989,0,Debt Consolidation,0,24,23,2873,99,138808,9313,10816.583333333334,0.9521806897449157,4,129495,0.212729,0.21611561497866144,680.0215482819045,0.09578085023292053,1,37.6
2045-02-12,60,62938,590,Employed,Bachelor,38,41807,36,Married,1,Mortgage,482,0.19954581263021692,0,3,0.1624042557229502,0,Debt Consolidation,0,19,4,1941,1116,21699,6524,5244.833333333333,0.6077761681468987,6,15175,0.231807,0.2399662897787436,1640.1338721616416,0.4046141673701055,0,52.0
2045-02-13,31,69621,608,Self-Employed,Bachelor,8,19424,60,Married,0,Mortgage,342,0.20516285684949243,1,1,0.33060484293635783,0,Auto,0,21,6,1329,2376,69729,38280,5801.75,0.87298740689193,8,31449,0.220424,0.22433224704461485,541.2651478612928,0.15224115962619775,0,56.0
2045-02-14,39,32976,548,Unemployed,Bachelor,16,11752,60,Single,2,Rent,506,0.7310270101604792,4,1,0.04564173876105726,0,Home,0,10,14,8560,2358,63205,24463,2748.0,0.8309551516892175,4,38742,0.24275200000000002,0.24585859081866515,342.08925761416475,0.30862054498332053,0,56.0
2045-02-15,51,44587,598,Employed,High School,29,31563,84,Divorced,2,Own,371,0.33860423180632704,3,0,0.5302349468454169,0,Debt Consolidation,0,15,7,402,2530,57493,176659,3715.5833333333335,0.948522660679362,4,8037,0.257563,0.2060504,712.438212477136,0.29159303271638887,0,60.0
2045-02-16,24,46374,484,Employed,Master,0,23206,24,Divorced,0,Own,712,0.46362735245135706,3,0,0.19365202334915665,0,Home,0,26,26,30111,571,44134,87979,3864.5,0.7116536304605178,3,10131,0.256206,0.25423133340343346,1243.471612595326,0.5060089565520316,0,52.0
2045-02-17,27,20253,400,Employed,High School,6,38510,108,Single,2,Mortgage,1210,0.08462866070135065,4,0,0.5797890681097619,1,Other,0,28,28,1679,953,271975,49090,1687.75,0.6031818243792423,13,222885,0.38351,0.3903210368473794,1293.37933361892,1.483264306691702,0,67.0
2045-02-18,54,43932,621,Self-Employed,Associate,35,31780,60,Married,2,Mortgage,574,0.25277812566174696,2,1,0.1656205981850547,0,Home,1,26,5,6545,2371,113665,28926,3661.0,0.9081462181185987,3,84739,0.22628000000000004,0.20854943755796623,857.1646278292759,0.3909217776097449,0,57.0
2045-02-19,31,41039,620,Employed,Associate,13,24303,24,Married,1,Rent,746,0.5185997189782467,1,2,0.11000320080734682,0,Home,0,23,17,5197,1527,270613,104087,3419.9166666666665,0.6503834947914748,4,166526,0.189303,0.19143519907350007,1226.7759250201145,0.5768491215731713,0,45.0
2045-02-20,45,55802,641,Employed,Master,22,30512,96,Single,3,Own,323,0.20117415437144798,2,0,0.09811471635212186,0,Other,0,29,17,2595,447,147863,29861,4650.166666666667,0.8896604924043805,4,118002,0.245012,0.2335535857714014,704.5824316125701,0.22097754882174184,0,43.0
2045-02-21,48,15000,618,Employed,High School,23,14670,120,Divorced,0,Own,390,0.3539358530522303,2,0,0.451820140626159,0,Debt Consolidation,0,25,1,2177,1157,20963,21432,1250.0,0.7660580033940015,4,1104,0.26067,0.284533786155361,370.07557338737695,0.6080604587099016,0,59.0
2045-02-22,44,150380,467,Employed,Associate,26,25567,36,Married,0,Rent,464,0.4049335611440249,2,2,0.14810893822781082,0,Other,0,30,1,3625,2175,15491,15030,12531.666666666666,0.7493446078241447,8,2110,0.277067,0.2216536,978.603821407056,0.11511667679800952,1,42.400000000000006
2045-02-23,37,25261,501,Employed,Bachelor,10,19438,84,Married,2,Rent,288,0.07934123035349211,2,3,0.38993651004902957,0,Debt Consolidation,0,31,21,4391,1464,106331,76978,2105.0833333333335,0.8153975227114163,8,29353,0.29393800000000003,0.3136928595968541,573.8000991009803,0.40939001580348217,0,55.0
2045-02-24,20,56100,578,Employed,Bachelor,0,23123,24,Married,1,Mortgage,342,0.4391360515707456,2,4,0.3729101866064594,0,Home,0,18,9,1414,5384,6798,28093,4675.0,0.9162302438814142,4,1874,0.209123,0.2509476,1235.2093082015328,0.33737097501637064,0,56.0
2045-02-25,34,15000,586,Employed,Doctorate,10,12823,36,Married,2,Rent,212,0.19568481383549885,3,1,0.41698349473670127,0,Home,0,32,5,1190,620,24842,43592,1250.0,0.9345542502456454,10,9623,0.204823,0.22397037073332796,492.35393831613163,0.5634831506529053,0,59.0
2045-02-26,48,64434,618,Employed,Bachelor,26,14846,60,Married,2,Mortgage,460,0.2725015958551998,3,0,0.5616150755011162,0,Auto,0,20,4,7107,1410,48374,83211,5369.5,0.9218375852766888,6,4499,0.21084600000000003,0.2300466640998736,418.5555373916587,0.1636196177282165,0,58.0
2045-02-27,47,15000,485,Employed,Master,27,13893,24,Married,2,Mortgage,131,0.7582041512111121,3,2,0.46373562863633133,0,Debt Consolidation,0,32,5,2796,2194,66198,9521,1250.0,0.8557781952872696,2,56677,0.24639299999999997,0.2226446778958501,722.5589396765312,0.6828471517412249,0,60.0
2045-02-28,41,24954,599,Employed,High School,19,12941,108,Divorced,4,Rent,480,0.18056072619563507,2,0,0.11239741359409519,0,Debt Consolidation,0,20,3,895,676,91399,41692,2079.5,0.7926451926872229,7,49707,0.25844100000000003,0.271093914398563,321.1157061332867,0.38524438861903665,0,54.0
2045-03-01,37,61225,555,Employed,Bachelor,15,14814,48,Married,1,Rent,576,0.033445210210232355,4,0,0.23162419118689276,0,Education,0,26,22,2360,1070,13613,8913,5102.083333333333,0.8366834993499566,6,4700,0.232314,0.2595583315072262,499.12014712926265,0.2107217928223953,0,51.0
2045-03-02,41,25166,634,Employed,Bachelor,18,19734,36,Married,1,Mortgage,382,0.3247608378378006,4,3,0.07628891955983434,0,Debt Consolidation,0,29,22,1237,1261,49138,30006,2097.1666666666665,0.7623162745779872,6,19132,0.187734,0.20128038542086957,734.6742157222341,0.5324680357890332,0,49.0
2045-03-03,31,97719,544,Employed,High School,9,30686,48,Divorced,1,Mortgage,749,0.4120729785293064,5,0,0.23708577879015616,0,Debt Consolidation,0,27,12,5835,3835,50842,48960,8143.25,0.860053924718294,2,1882,0.25368599999999997,0.26169935712073833,1037.5852213493738,0.21939461779380146,0,52.0
2045-03-04,32,32370,602,Employed,Bachelor,12,18906,60,Married,3,Mortgage,449,0.49917378212341973,5,2,0.29110084799640656,0,Other,0,22,9,2710,1347,35746,21020,2697.5,0.8956445842938666,6,14726,0.222906,0.19288469840630873,493.43783786823906,0.34937454601232215,0,52.0
2045-03-05,36,41566,590,Employed,Doctorate,10,27369,72,Married,2,Mortgage,363,0.13660332540525982,5,0,0.39667618814956507,0,Debt Consolidation,0,26,7,1467,682,11504,2987,3463.8333333333335,0.8882402653889293,10,8517,0.247369,0.2371310232169418,715.7798619005688,0.31144104178431475,0,55.0
2045-03-06,33,101222,560,Employed,Bachelor,14,19434,72,Divorced,3,Other,235,0.27869776323471035,4,1,0.23238462764235768,0,Debt Consolidation,0,32,6,3511,5614,60366,40150,8435.166666666666,0.6642881412530964,9,20216,0.254434,0.24833258371140063,521.5104500552633,0.08968529964497006,1,42.400000000000006
2045-03-07,30,114780,568,Self-Employed,Bachelor,9,23393,48,Married,1,Rent,171,0.030201243854103867,4,1,0.012011723250670202,0,Home,0,24,23,1512,159,13756,89452,9565.0,0.940858743425066,5,6680,0.234393,0.267180852265295,798.2288713445804,0.10133077588547626,1,40.800000000000004
2045-03-08,75,62105,673,Employed,Master,52,32857,84,Married,4,Own,289,0.28117642674706206,3,0,0.3323612718005409,0,Education,0,21,27,1305,853,16068,50720,5175.416666666667,0.5531028464452267,2,5848,0.221357,0.19410740823724953,718.0160241795787,0.19457680203131703,0,48.0
2045-03-09,30,94360,582,Self-Employed,Bachelor,5,21812,24,Single,0,Own,774,0.48882826153293446,6,0,0.25434613603303935,0,Other,0,22,15,4117,1135,64749,33637,7863.333333333333,0.9194630882257844,3,31112,0.205812,0.22499314000841716,1136.9518128821712,0.243020578153731,0,55.0
2045-03-10,39,31905,504,Employed,High School,12,26188,72,Married,3,Own,573,0.507086999101672,1,1,0.14852923253241065,0,Debt Consolidation,0,24,3,7024,400,133086,15923,2658.75,0.8093172571621297,3,117163,0.289188,0.3470256,868.8898602033067,0.5423187062353764,0,51.0
2045-03-11,33,86332,600,Employed,Associate,9,29416,84,Single,0,Mortgage,430,0.04980267541855057,3,1,0.5883105135105124,0,Other,0,20,18,5807,833,239285,55414,7194.333333333333,0.9544752329398102,7,183871,0.254416,0.24889374194015096,742.4877265861894,0.16297378398547785,0,49.0
2045-03-12,37,58840,538,Employed,Bachelor,15,9008,36,Divorced,2,Mortgage,797,0.41695952322969526,1,1,0.6043252435019958,0,Home,0,29,12,2401,1251,23006,73911,4903.333333333333,0.8076311534375804,10,10733,0.22500799999999999,0.21550113856009664,341.92662442042916,0.2322759941034186,1,47.2
2045-03-13,65,121549,657,Employed,Associate,46,50991,120,Married,3,Rent,919,0.2500680982929689,2,1,0.3338322743914829,0,Education,0,27,6,4453,1015,70991,22980,10129.083333333334,0.8025943727114556,4,48011,0.27749100000000004,0.26343578695524905,1208.6509926535086,0.2100536566474599,0,48.0
2045-03-14,23,18732,535,Employed,High School,1,20377,48,Divorced,0,Mortgage,769,0.25853654548493515,5,1,0.1610501111528148,0,Home,0,25,24,941,1468,82196,81433,1561.0,0.566383838698919,3,6380,0.24787700000000001,0.22425590408870422,646.7167086997177,0.9069293457397296,0,52.0
2045-03-15,43,70885,593,Unemployed,Master,20,16886,96,Divorced,2,Mortgage,223,0.4466019325876098,2,1,0.26909976089820514,0,Home,0,30,17,2320,958,63241,18681,5907.083333333333,0.8627832283217265,4,44560,0.255386,0.2815106590537243,444.0703860151972,0.11292720084901413,0,56.0
2045-03-16,30,43058,591,Employed,Bachelor,6,16947,84,Married,0,Rent,216,0.41038289790177357,5,2,0.3924856492001814,0,Auto,0,30,28,5737,334,333702,14177,3588.1666666666665,0.8679073641912811,4,319525,0.246447,0.2957364,479.715921527429,0.19389175201656247,0,50.0
2045-03-17,40,26279,622,Employed,Bachelor,16,77092,48,Married,3,Own,1305,0.2949676502260431,1,2,0.20190649486380863,0,Education,0,21,28,7867,2668,21227,24147,2189.9166666666665,0.8809383813689124,5,3038,0.261092,0.2523544409025751,2566.2832719098496,1.7677765235708436,0,51.0
2045-03-18,48,31720,470,Employed,Doctorate,30,22219,48,Divorced,1,Rent,214,0.3067079250405873,5,1,0.42292382970183645,0,Debt Consolidation,0,40,14,3531,480,79510,24286,2643.3333333333335,0.7837983709603892,5,55224,0.282219,0.2954067931123716,794.0923685722695,0.38137164006517127,0,55.0
2045-03-19,34,48563,585,Employed,Associate,13,34706,24,Single,0,Own,467,0.08347937799738137,1,0,0.2740979412614849,0,Auto,0,23,10,7040,3067,121953,6287,4046.9166666666665,0.8882152846621232,6,115666,0.21720599999999998,0.22845540649172358,1815.0076281093272,0.5638879710337484,0,48.0
2045-03-20,50,85597,595,Employed,High School,27,19914,12,Married,2,Own,594,0.1451322696645238,1,2,0.061741477459364015,1,Other,0,30,23,3096,619,552232,24894,7133.083333333333,0.7731070767491383,4,527338,0.18741400000000003,0.1688097705937323,1815.126791231805,0.33773989152402145,1,41.6
2045-03-21,37,70049,597,Employed,Associate,14,20230,12,Single,0,Mortgage,227,0.1035447764020876,0,2,0.25810266343183,0,Home,1,28,19,6273,2060,31219,93481,5837.416666666667,0.606798540738949,3,6523,0.18673,0.16636249859494284,1841.5817509617093,0.35436595827978284,0,57.0
2045-03-22,56,39241,544,Self-Employed,Master,32,28682,24,Married,2,Other,1459,0.3444478397990588,3,1,0.6057249301592821,0,Home,0,26,15,6522,362,140991,37797,3270.0833333333335,0.7928408808187116,7,103194,0.23168199999999997,0.24124456193453214,1518.2310398265524,0.9104450059355936,0,58.0
2045-03-23,34,69851,590,Employed,Bachelor,13,26020,96,Single,2,Mortgage,166,0.4661671025015548,6,2,0.4713535075917494,0,Education,0,28,20,1464,2317,81122,12890,5820.916666666667,0.9224262589173126,5,68232,0.26602000000000003,0.21281600000000003,566.1770084886049,0.12578379839749262,1,44.0
2045-03-24,18,64859,571,Employed,Associate,0,8503,48,Married,2,Rent,1092,0.15014205837796804,3,0,0.005789395243507049,0,Debt Consolidation,0,20,7,1695,1108,113091,9453,5404.916666666667,0.8732143875037987,9,103638,0.21800300000000003,0.2235166011031357,269.5221579093369,0.2519043755671848,0,46.0
2045-03-25,33,56054,622,Employed,Master,10,26363,24,Married,1,Mortgage,384,0.37702340068171314,1,0,0.16049589135197997,0,Education,0,25,19,8726,993,21765,21784,4671.166666666667,0.872277514484635,6,10521,0.190363,0.21182638435016293,1357.0460515678435,0.3727218863741057,0,47.0
2045-03-26,49,100698,546,Employed,High School,29,25531,36,Widowed,5,Own,540,0.3922512796160613,3,1,0.19445443590781866,0,Education,0,24,8,32178,1208,64019,215211,8391.5,0.903070735655773,2,5408,0.237531,0.2320841582977697,991.0733972896898,0.18245526989092412,1,40.0
2045-03-27,26,30106,442,Employed,High School,7,11241,36,Married,2,Mortgage,477,0.17051501090982132,5,0,0.4717573008541699,0,Auto,0,24,14,13145,9513,95159,18516,2508.8333333333335,0.8232849736376064,3,76643,0.27524099999999996,0.32595352979896514,493.3171989816308,0.38676032643923364,0,54.0
2045-03-28,37,54569,592,Employed,Master,17,10755,84,Married,1,Rent,574,0.10216842245633492,0,0,0.6086713873781656,0,Home,0,27,17,2332,432,25963,14838,4547.416666666667,0.8271199478362705,7,11125,0.239755,0.28636763093080275,297.720809318386,0.19169582935037535,0,57.0
2045-03-29,40,40855,449,Employed,Associate,14,47035,96,Married,1,Rent,1367,0.38995349692735376,1,1,0.33882035051718834,0,Auto,0,25,6,983,4282,190093,69878,3404.5833333333335,0.8694067634794758,7,120215,0.35753500000000005,0.4036705395045368,1651.1431348145072,0.8864941284487599,0,53.0
2045-03-30,18,15000,566,Employed,Master,0,17873,72,Married,0,Mortgage,313,0.14649548220486935,4,1,0.19483112067514383,0,Education,0,21,9,2129,359,11529,78918,1250.0,0.9152383616495814,6,9061,0.24987299999999998,0.24610538897366255,477.1856978307957,0.6321485582646366,0,52.0
2045-03-31,38,39596,586,Self-Employed,Associate,11,32032,72,Single,0,Mortgage,489,0.3459614526209243,4,1,0.18199816183303943,0,Auto,0,26,15,13880,3924,93425,23503,3299.6666666666665,0.8077967786725075,5,69922,0.25403200000000004,0.23669489089871584,836.8858294088238,0.4018241729696405,0,52.0
2045-04-01,37,17831,467,Employed,High School,16,18001,36,Single,5,Other,817,0.4057832335799502,2,0,0.4033773412117307,0,Education,0,20,5,5215,1217,26836,24027,1485.9166666666667,0.9553387943291708,3,2809,0.269501,0.26208252347170224,727.269895859045,1.0392708625600662,0,61.0
2045-04-02,33,62634,533,Unemployed,Bachelor,9,16128,108,Married,1,Rent,436,0.659517361253015,5,2,0.08786745065918777,0,Auto,0,17,21,2347,256,47642,21599,5219.5,0.8617185953902994,7,26043,0.294628,0.31927070552763215,455.84281047577434,0.17086747973479727,0,55.0
2045-04-03,38,42610,644,Employed,Master,18,44230,36,Married,1,Own,402,0.49316930841036505,6,1,0.24255599074748327,0,Education,0,29,1,5234,378,22506,11063,3550.8333333333335,0.9617757552382699,9,11443,0.20723,0.22910042547263137,1710.0579035957298,0.5948062624536202,0,55.0
2045-04-04,55,139133,645,Employed,Bachelor,35,40466,84,Single,3,Rent,365,0.0717475382034007,5,2,0.4679220580921202,0,Auto,0,26,28,2708,442,76951,53601,11594.416666666666,0.7572848335455281,5,23350,0.24296600000000002,0.22578063872533488,962.449716333628,0.11449042711652546,1,40.0
2045-04-05,30,86812,548,Unemployed,High School,12,30969,72,Married,2,Mortgage,190,0.38330549821071785,5,1,0.36061511514257233,0,Home,0,20,1,793,308,60399,81489,7234.333333333333,0.8975092202390336,5,4891,0.271969,0.217658656486377,773.8329053643525,0.13323036981491304,0,60.0
2045-04-06,52,37239,625,Self-Employed,Associate,31,27475,48,Divorced,2,Own,663,0.3853563777933539,4,4,0.2826230242321742,0,Debt Consolidation,0,21,6,9522,8643,28198,32691,3103.25,0.7669309749618011,9,9773,0.20997500000000002,0.2472075874548309,906.7182471417226,0.5058304188002006,0,55.0
2045-04-07,38,28890,612,Employed,High School,19,33411,60,Married,0,Rent,474,0.13755304136171467,3,0,0.19013178501263514,0,Home,1,21,16,738,2510,258213,59105,2407.5,0.9397162337567021,5,199108,0.23241099999999998,0.2368220028519923,955.0133124750072,0.5935673156697849,0,50.0
2045-04-08,37,63400,591,Employed,High School,16,12593,48,Single,0,Own,545,0.08944386572832112,3,1,0.2372080287337255,0,Auto,0,15,11,1576,4999,213769,16123,5283.333333333333,0.3963897780595836,3,197646,0.212093,0.2343026680408077,406.59860451551975,0.18011330053921512,1,37.6
2045-04-09,36,67360,626,Unemployed,Bachelor,15,11639,48,Single,0,Rent,573,0.44195011855805805,2,1,0.49708137503068917,0,Home,0,28,15,2967,2858,111939,43302,5613.333333333333,0.8354412556397017,4,68637,0.19363900000000003,0.21240615543278793,361.91772605557173,0.16655303908353417,1,44.0
2045-04-10,39,16337,411,Employed,Associate,19,58917,36,Married,3,Mortgage,795,0.005280746175665622,10,0,0.11023823579954266,0,Education,1,25,14,16778,3771,57461,15591,1361.4166666666667,0.8657889379125858,6,41870,0.33841699999999997,0.3383886352555389,2626.5967152417065,2.5132619564730656,0,57.0
2045-04-11,36,41041,622,Employed,Associate,15,18983,24,Single,1,Own,620,0.11417590894394379,3,2,0.41589842973526325,0,Debt Consolidation,0,21,29,1441,3588,29790,73348,3420.0833333333335,0.9252008653467941,3,10444,0.182983,0.19366336784771182,960.2888753481517,0.46206151176086885,0,53.0
2045-04-12,55,44403,657,Employed,Associate,36,12667,60,Married,0,Own,333,0.33970718122060534,3,3,0.1936599643137579,0,Other,0,30,25,2339,1130,32240,28970,3700.25,0.8722292915899461,4,3270,0.18916700000000003,0.15725409185347908,306.191781768848,0.17274286379808065,1,36.0
2045-04-13,32,43450,592,Employed,Bachelor,13,18128,60,Single,1,Mortgage,198,0.3577303517079398,4,2,0.2978080421985989,0,Debt Consolidation,0,24,2,824,975,260026,4466,3620.8333333333335,0.7949197604291908,2,255560,0.227128,0.24687012021608395,528.7595636660122,0.20071610504009543,0,51.0
2045-04-14,23,93413,460,Employed,Associate,0,13304,48,Divorced,2,Own,681,0.18708576251299375,2,1,0.3681156741672103,0,Debt Consolidation,1,14,10,5262,2314,22722,37956,7784.416666666667,0.7839454254855955,5,7627,0.278304,0.3339648,505.65827275192,0.15244023072830373,0,58.0
2045-04-15,60,15000,648,Self-Employed,Bachelor,41,16755,84,Married,0,Own,455,0.1563255083524294,4,0,0.1981673011187498,0,Other,0,25,7,3811,528,8139,3979,1250.0,0.8962399047457122,6,4160,0.217755,0.23379115431657727,406.88937130366395,0.6895114970429311,0,52.0
2045-04-16,44,148830,599,Employed,Master,20,18222,60,Married,2,Mortgage,288,0.37477279615875203,4,1,0.28427803979427246,1,Education,0,35,14,1267,1720,82138,1683,12402.5,0.9255110422552044,6,80455,0.22372199999999998,0.21615871739127018,499.300167173109,0.06347915074969636,1,48.0
2045-04-17,37,33067,537,Employed,Bachelor,13,12674,120,Married,3,Other,362,0.5854919824508884,4,1,0.10550835718802284,0,Debt Consolidation,0,22,24,2101,3066,457746,6989,2755.5833333333335,0.7240099527106482,5,450757,0.299174,0.3031305215310043,337.04363997641025,0.2536826346422997,1,36.800000000000004
2045-04-18,30,21665,599,Employed,Bachelor,7,17875,60,Married,0,Other,1004,0.3193526440191295,2,3,0.17876327086739632,0,Home,1,21,3,1579,1404,184911,24007,1805.4166666666667,0.8107308360890856,4,160904,0.223375,0.21279451775299166,486.39297100358795,0.825511915626266,0,57.0
2045-04-19,28,60182,543,Employed,High School,8,11725,72,Married,2,Other,640,0.15001628090092378,5,1,0.15359442788882383,0,Other,0,33,17,3023,1036,25107,36926,5015.166666666667,0.9321373824976562,8,8585,0.255225,0.2324872435876931,303.35675521810134,0.18810077868161937,0,49.0
2045-04-20,38,115223,637,Employed,Master,13,12825,60,Married,0,Own,240,0.18004738584108432,3,1,0.19624964629965658,0,Auto,0,23,5,12870,1211,55766,951,9601.916666666666,0.9338300137419961,5,54815,0.19932500000000003,0.19864547324860163,338.81818781262376,0.06028152585639574,1,36.0
2045-04-21,40,54840,603,Employed,Bachelor,19,14977,60,Divorced,3,Own,394,0.3830843536701332,3,3,0.5849563242701331,0,Home,0,14,11,1656,1719,33422,139853,4570.0,0.8506676248441932,4,2949,0.21847699999999998,0.2198670734486743,413.5352607853691,0.17670355815872407,0,55.0
2045-04-22,39,68337,553,Employed,High School,17,41618,24,Widowed,3,Mortgage,434,0.2538370715177042,4,0,0.0937888160714534,0,Education,0,22,24,5152,1032,120317,6353,5694.75,0.7141859845070119,5,113964,0.24011799999999997,0.2517429449616988,2224.8570783234563,0.46689619005636,0,46.0
2045-04-23,55,52989,612,Self-Employed,Master,34,32830,84,Married,4,Mortgage,552,0.2769060298230758,4,1,0.3513140650683819,0,Home,0,39,13,29537,11343,93372,29159,4415.75,0.8711428350298296,7,64213,0.25183,0.2795860775124902,894.0715501155074,0.3274803940702049,0,52.0
2045-04-24,45,46493,547,Employed,High School,22,15541,96,Single,0,Rent,507,0.6699231145387813,3,1,0.5940538287620746,0,Debt Consolidation,0,29,7,957,436,20315,41984,3874.4166666666665,0.8923636122965914,4,5999,0.277041,0.32492586637486387,455.8775041743364,0.2485219291095872,0,62.0
2045-04-25,42,45903,499,Employed,High School,21,17154,12,Single,2,Mortgage,597,0.2671634098327181,3,0,0.2184048206922026,0,Debt Consolidation,0,24,25,4790,671,31117,88921,3825.25,0.7892496786748368,8,9036,0.232654,0.18612320000000002,1577.6817901843401,0.5685071015448245,0,53.0
2045-04-26,21,54201,540,Employed,Bachelor,0,16931,24,Single,1,Own,217,0.5009172297905682,4,1,0.27113416196661083,0,Home,0,27,26,5513,5686,83355,9670,4516.75,0.7466655192023413,7,73685,0.221931,0.21848123699878158,877.079713269289,0.24222720169796622,1,40.800000000000004
2045-04-27,46,62571,551,Employed,Bachelor,22,12463,72,Widowed,0,Rent,104,0.17278787098429538,3,0,0.25081475203639847,0,Debt Consolidation,0,16,23,5413,4851,39286,6772,5214.25,0.7034925493173946,3,32514,0.251963,0.2576782790666184,341.6138455037491,0.08546077489643747,1,40.800000000000004
2045-04-28,55,26986,614,Employed,High School,35,35642,60,Married,0,Mortgage,389,0.7110862346774176,4,5,0.12458112884515736,0,Debt Consolidation,0,24,5,2169,466,69071,62250,2248.8333333333335,0.8865889582655716,3,6821,0.23364200000000002,0.23312044002630264,1011.1650060382148,0.6226183974082331,0,53.0
2045-04-29,39,69463,623,Employed,Bachelor,19,37095,36,Single,0,Rent,586,0.17950238047190983,6,0,0.3543538103174643,0,Debt Consolidation,0,27,11,2105,8130,26229,26120,5788.583333333333,0.8125126452176764,8,2860,0.210595,0.20498870144217246,1388.0303000479316,0.3410213149529272,0,50.0
2045-04-30,55,71678,684,Employed,Master,33,15860,60,Married,1,Mortgage,435,0.2892328804208984,5,1,0.3829526024006302,0,Auto,1,30,3,325,525,35933,78567,5973.166666666667,0.5737322947869663,4,8153,0.17886000000000002,0.1956230181329254,416.33976777087025,0.14252737539064209,0,57.0
2045-05-01,41,16869,578,Employed,Bachelor,20,12555,36,Married,0,Rent,654,0.16147954252273763,3,1,0.43911965143101483,0,Auto,0,25,23,2326,931,180877,4505,1405.75,0.950878409230557,2,176372,0.20855500000000002,0.22948448951726783,485.66328375447625,0.8107154783955015,0,53.0
2045-05-02,57,56950,631,Employed,Master,36,30193,108,Widowed,3,Own,700,0.6025049123751813,5,1,0.3449990034948894,0,Home,1,18,28,2125,1288,87209,14245,4745.833333333333,0.9132547213594139,2,72964,0.259693,0.2954931215299367,801.4104234930433,0.31636391715393364,0,57.0
2045-05-03,47,72343,620,Employed,Associate,22,22368,36,Divorced,1,Mortgage,658,0.10799508905722523,4,0,0.11101790282687628,0,Debt Consolidation,0,26,7,3224,269,31200,32043,6028.583333333333,0.9557405889775438,0,5784,0.19736800000000002,0.208602265636194,841.1115192845635,0.24866729650988714,0,47.0
2045-05-04,60,110763,610,Employed,High School,38,25151,36,Married,0,Rent,435,0.3515977472941406,1,1,0.018794671789697855,0,Debt Consolidation,0,33,23,10710,542,59858,10250,9230.25,0.8114152879560105,5,49608,0.205151,0.18155069725252004,911.2266075292512,0.14584941984553518,1,36.800000000000004
2045-05-05,55,39094,602,Employed,Bachelor,32,10062,96,Married,2,Rent,855,0.0885430947632847,2,1,0.25371886511319885,0,Auto,0,26,13,2669,291,69792,89683,3257.8333333333335,0.7726568394472252,4,5588,0.244062,0.2178143641378275,222.14242961715172,0.330631533110089,0,49.0
2045-05-06,34,16371,524,Employed,High School,9,7403,72,Married,2,Own,291,0.09899020148675944,6,3,0.5822719456462262,0,Auto,0,26,29,930,166,31425,15485,1364.25,0.9044210438315802,2,15940,0.260403,0.29066123867542853,218.2753353260879,0.3733005939718438,0,59.0
2045-05-07,25,62757,510,Employed,Bachelor,3,12325,60,Married,0,Mortgage,588,0.4879137661640602,1,2,0.2444343118185607,0,Home,0,34,10,1970,1781,11000,13208,5229.75,0.9738743196975364,4,2400,0.26232500000000003,0.254087993037755,364.71487531113877,0.18217216412087361,0,53.0
2045-05-08,29,78653,582,Employed,High School,6,16207,12,Married,2,Mortgage,481,0.1426912001778996,5,0,0.3206389829948114,0,Home,1,25,24,302,641,52423,76040,6554.416666666667,0.6990250597051241,6,1657,0.19020700000000001,0.19000642120079844,1493.5866300370847,0.3012604676292705,0,59.0
2045-05-09,18,67089,598,Employed,Associate,0,42826,84,Married,0,Own,457,0.11374097415620421,1,0,0.1411037888503933,0,Debt Consolidation,0,23,25,780,8044,120807,71151,5590.75,0.8503180402931887,9,49656,0.268826,0.2599518421515647,1111.3940926689081,0.28053375534032254,0,49.0
2045-05-10,43,46790,625,Employed,Master,22,16266,24,Married,3,Rent,503,0.7490108737960232,1,1,0.34377378049040247,0,Home,0,26,17,25525,302,56993,15703,3899.1666666666665,0.8402197433807457,12,41290,0.178766,0.1799330195122214,812.0128011757071,0.33725483253063654,0,54.0
2045-05-11,43,48797,608,Employed,Bachelor,24,25727,48,Single,3,Rent,425,0.5413850037107952,0,0,0.5584204007523019,0,Education,0,29,14,3927,1196,6902,98106,4066.4166666666665,0.761667087252547,9,6609,0.216727,0.22982831360163083,824.3462274587458,0.30723517284884216,0,57.0
2045-05-12,19,36534,544,Employed,Master,0,16756,60,Married,2,Mortgage,321,0.14938554882547941,3,0,0.3209967645362896,0,Auto,0,30,17,3539,4275,112351,6492,3044.5,0.9543659406966838,5,105859,0.24975599999999998,0.24494423614905966,486.8566961779544,0.26534954711051223,0,50.0
2045-05-13,30,54556,442,Unemployed,Bachelor,2,29162,84,Single,3,Mortgage,771,0.23752967750264348,2,3,0.26757001621727095,0,Auto,0,31,13,2120,884,64356,39071,4546.333333333333,0.8422642152240226,11,25285,0.333162,0.309113834197221,851.7753339437827,0.35694156476511096,0,55.0
2045-05-14,27,23074,510,Self-Employed,High School,5,12655,24,Married,2,Mortgage,780,0.5208000631532304,2,1,0.30449324378202774,0,Home,0,14,15,571,1868,171219,10316,1922.8333333333333,0.9318324537220753,9,160903,0.232655,0.2141330387521966,652.8573160660234,0.7451801938455527,0,56.0
2045-05-15,32,57582,591,Employed,Bachelor,14,28152,36,Divorced,2,Rent,893,0.4153832044165812,0,0,0.2122721026042695,0,Home,0,32,27,4820,269,70421,4291,4798.5,0.8984095527429806,5,66130,0.217652,0.24361170451973282,1109.8289092673215,0.4173864560315352,0,51.0
2045-05-16,40,28805,571,Unemployed,Bachelor,16,27165,12,Single,0,Own,656,0.4789192137283006,1,0,0.2872144204511228,0,Debt Consolidation,0,20,26,2116,518,41802,9905,2400.4166666666665,0.9772422140889331,8,31897,0.20666500000000002,0.22959653331890595,2555.0543509360496,1.337707072078896,0,58.0
2045-05-17,68,63391,617,Employed,Associate,47,23500,12,Married,0,Mortgage,477,0.34977054812836694,4,1,0.06674464594020252,0,Auto,0,28,3,11766,2585,70526,46634,5282.583333333333,0.90488693035708,6,23892,0.18000000000000002,0.17460124020912857,2148.4464847694344,0.49700048614524484,0,50.0
2045-05-18,42,31251,521,Employed,Doctorate,24,16718,96,Married,1,Mortgage,401,0.5249320588197174,2,2,0.3176899174484816,0,Auto,0,28,20,32075,306,74592,18661,2604.25,0.8133118828361722,8,55931,0.29121800000000003,0.3107087957353252,473.5706749039639,0.3358243927825531,0,54.0
